用户id,是否遇到过网络问题,居民小区,办公室,高校,商业街,地铁,农村,高铁,手机没有信号,有信号无法拨通,通话过程中突然中断,通话中有杂音、听不清、断断续续,串线,通话过程中一方听不见,脱网次数,mos质差次数,未接通掉话次数,是否投诉,4\5G用户,是否关怀用户,套外流量（MB）,是否4G网络客户（本地剔除物联网）,套外流量费（元）,外省语音占比,语音通话-时长（分钟）,省际漫游-时长（分钟）,终端品牌,终端品牌类型,当月ARPU,当月MOU,前3月ARPU,前3月MOU,外省流量占比,GPRS总流量（KB）,GPRS-国内漫游-流量（KB）,是否5G网络客户,客户星级标识,其他,医院,山区,电梯,其他.1
1,2.0,-1.0,-1.0,-1.0,-1.0,-1.0,-1.0,-1.0,-1.0,-1.0,-1.0,-1.0,-1.0,-1.0,1.0,0.0,0.0,否,4G,否,9.55,是,2.9,0.0,161.0,0.0,华为,BLA-AL00,45.37,161.0,23.6,139.0,0.0,14360274.0,0.0,否,一星,-1.0,-1.0,-1.0,-1.0,-1
2,1.0,1.0,1.0,-1.0,-1.0,-1.0,-1.0,-1.0,-1.0,-1.0,-1.0,1.0,-1.0,-1.0,0.0,17.0,1.0,否,4G,否,0.0,是,0.0,0.0,270.0,0.0,华为,LYA-AL00,60.0,270.0,60.0,102.0,0.0,9585266.0,0.0,否,三星,-1.0,-1.0,-1.0,-1.0,-1
3,2.0,-1.0,-1.0,-1.0,-1.0,-1.0,-1.0,-1.0,-1.0,-1.0,-1.0,-1.0,-1.0,-1.0,13.0,39.0,4.0,否,4G,否,0.0,是,0.0,0.0,662.0,0.0,苹果,A2412,89.0,662.0,89.0,80.0,0.0,6545659.0,0.0,否,三星,-1.0,-1.0,-1.0,-1.0,-1
4,1.0,1.0,-1.0,-1.0,-1.0,-1.0,-1.0,-1.0,-1.0,-1.0,1.0,-1.0,-1.0,-1.0,8.0,13.0,2.0,否,4G,否,0.0,是,0.0,0.0,645.0,0.0,苹果,A2104,70.0,645.0,69.1,333.0,0.0,8266166.0,0.0,否,三星,-1.0,-1.0,-1.0,-1.0,-1
5,1.0,1.0,-1.0,-1.0,-1.0,-1.0,-1.0,-1.0,-1.0,1.0,-1.0,-1.0,-1.0,1.0,22.0,1.0,2.0,否,5G,否,0.0,是,0.0,0.0,496.0,0.0,华为,NOH-AN00,56.0,496.0,56.0,258.0,0.0,13254086.0,0.0,是,三星,-1.0,-1.0,-1.0,-1.0,1
6,1.0,1.0,-1.0,-1.0,-1.0,-1.0,1.0,-1.0,1.0,1.0,1.0,1.0,-1.0,1.0,38.0,23.0,8.0,否,4G,否,0.0,是,0.0,0.0,657.0,0.0,苹果,A2217,75.5,657.0,38.5,732.0,0.0,5695737.0,0.0,否,三星,-1.0,-1.0,-1.0,-1.0,-1
7,2.0,-1.0,-1.0,-1.0,-1.0,-1.0,-1.0,-1.0,-1.0,-1.0,-1.0,-1.0,-1.0,-1.0,41.0,0.0,0.0,否,4G,否,0.0,是,0.0,0.0,618.0,0.0,华为,ELE-AL00,56.1,618.0,56.0,567.0,3.1511285511409e-05,9393460.0,296.0,否,二星,-1.0,-1.0,-1.0,-1.0,-1
8,2.0,-1.0,-1.0,-1.0,-1.0,-1.0,-1.0,-1.0,-1.0,-1.0,-1.0,-1.0,-1.0,-1.0,10.0,2.0,2.0,否,5G,否,0.0,是,0.0,0.0,485.0,0.0,华为,TAS-AN00,111.3,485.0,111.3,346.0,0.0,6384492.0,0.0,是,银卡,-1.0,-1.0,-1.0,-1.0,-1
9,2.0,-1.0,-1.0,-1.0,-1.0,-1.0,-1.0,-1.0,-1.0,-1.0,-1.0,-1.0,-1.0,-1.0,0.0,12.0,1.0,否,4G,否,0.0,是,0.0,0.0,175.0,0.0,华为,VOG-AL00,11.75,175.0,8.0,42.0,0.0,64533.0,0.0,否,三星,-1.0,-1.0,-1.0,-1.0,-1
10,1.0,1.0,1.0,-1.0,-1.0,1.0,-1.0,1.0,1.0,-1.0,1.0,1.0,-1.0,-1.0,2.0,0.0,3.0,否,5G,否,0.0,是,0.0,0.0,231.0,0.0,华为,OCE-AN50,162.9,231.0,124.9,207.0,0.0,48515608.0,0.0,是,银卡,-1.0,-1.0,-1.0,-1.0,-1
11,2.0,-1.0,-1.0,-1.0,-1.0,-1.0,-1.0,-1.0,-1.0,-1.0,-1.0,-1.0,-1.0,-1.0,2.0,11.0,3.0,否,4G,否,25.24,是,6.96,0.222772277227723,202.0,45.0,苹果,A2404,25.41,202.0,26.95,367.0,0.533742365980547,176840.0,94387.0,否,三星,-1.0,-1.0,-1.0,-1.0,-1
12,1.0,1.0,-1.0,-1.0,-1.0,-1.0,-1.0,-1.0,-1.0,-1.0,-1.0,1.0,-1.0,-1.0,25.0,23.0,1.0,否,5G,否,0.0,是,0.0,0.0,277.0,0.0,苹果,A2639,56.15,277.0,56.75,52.0,0.0,12504820.0,0.0,是,三星,-1.0,-1.0,-1.0,-1.0,-1
13,1.0,-1.0,-1.0,-1.0,-1.0,-1.0,-1.0,1.0,1.0,-1.0,1.0,-1.0,-1.0,1.0,21.0,12.0,0.0,否,4G,否,0.0,是,0.0,0.0,182.0,0.0,华为,LYA-AL00,270.0,182.0,268.2,76.0,0.0,9525891.0,0.0,否,银卡,1.0,-1.0,-1.0,-1.0,-1
14,2.0,-1.0,-1.0,-1.0,-1.0,-1.0,-1.0,-1.0,-1.0,-1.0,-1.0,-1.0,-1.0,-1.0,7.0,0.0,0.0,否,4G,否,1689.56,是,48.0,0.0,268.0,0.0,华为,ART-AL00x,160.04,268.0,135.0,341.0,0.0,49540490.0,0.0,否,三星,-1.0,-1.0,-1.0,-1.0,-1
15,2.0,-1.0,-1.0,-1.0,-1.0,-1.0,-1.0,-1.0,-1.0,-1.0,-1.0,-1.0,-1.0,-1.0,1.0,5.0,11.0,否,4G,否,6.99,是,2.9,0.0,412.0,0.0,苹果,iPhone 6S A1700,21.35,412.0,20.47,304.0,0.0,142381.0,0.0,否,三星,-1.0,-1.0,-1.0,-1.0,-1
16,2.0,-1.0,-1.0,-1.0,-1.0,-1.0,-1.0,-1.0,-1.0,-1.0,-1.0,-1.0,-1.0,-1.0,0.0,1.0,0.0,否,5G,否,0.0,是,0.0,0.0,155.0,0.0,华为,ANA-AN00,65.0,155.0,65.0,92.0,0.0,5052929.0,0.0,是,三星,-1.0,-1.0,-1.0,-1.0,-1
17,1.0,1.0,1.0,-1.0,-1.0,1.0,-1.0,-1.0,1.0,-1.0,-1.0,-1.0,-1.0,-1.0,82.0,6.0,1.0,否,5G,否,0.0,是,0.0,0.0,206.0,0.0,苹果,A2639,104.0,206.0,100.0,180.0,0.0,35721861.0,0.0,是,三星,-1.0,-1.0,-1.0,-1.0,-1
18,2.0,-1.0,-1.0,-1.0,-1.0,-1.0,-1.0,-1.0,-1.0,-1.0,-1.0,-1.0,-1.0,-1.0,10.0,9.0,1.0,否,4G,否,24.82,是,0.69,0.0,359.0,0.0,华为,FLA-TL10,76.69,359.0,55.0,81.0,0.0,33946082.0,0.0,否,一星,-1.0,-1.0,-1.0,-1.0,-1
19,1.0,1.0,-1.0,-1.0,-1.0,1.0,-1.0,1.0,-1.0,-1.0,1.0,-1.0,-1.0,1.0,0.0,9.0,7.0,否,5G,否,0.0,是,0.0,0.0,1787.0,0.0,华为,NOP-AN00,105.0,1787.0,105.0,1029.0,8.09236599110498e-06,7290822.0,59.0,是,三星,-1.0,-1.0,-1.0,-1.0,-1
20,1.0,1.0,-1.0,-1.0,-1.0,-1.0,-1.0,-1.0,-1.0,-1.0,1.0,1.0,-1.0,1.0,4.0,13.0,5.0,否,4G,否,0.0,是,0.0,0.0,383.0,0.0,华为,PCT-AL10,70.0,383.0,70.0,167.0,0.0,10426496.0,0.0,否,三星,-1.0,-1.0,-1.0,-1.0,-1
21,1.0,-1.0,-1.0,-1.0,-1.0,-1.0,1.0,1.0,1.0,-1.0,1.0,-1.0,-1.0,1.0,6.0,16.0,1.0,否,4G,否,0.0,是,0.0,0.0,422.0,0.0,小米科技,M2001J1C,147.6,422.0,83.4,121.0,0.0,9937099.0,0.0,否,银卡,-1.0,-1.0,-1.0,-1.0,-1
22,1.0,1.0,-1.0,-1.0,-1.0,-1.0,1.0,-1.0,-1.0,-1.0,-1.0,-1.0,-1.0,1.0,13.0,2.0,0.0,否,4G,否,0.0,是,0.0,0.0,205.0,0.0,华为,VOG-AL00,101.0,205.0,101.1,92.0,0.0,30978980.0,0.0,否,三星,-1.0,-1.0,-1.0,-1.0,-1
23,2.0,-1.0,-1.0,-1.0,-1.0,-1.0,-1.0,-1.0,-1.0,-1.0,-1.0,-1.0,-1.0,-1.0,5.0,22.0,0.0,否,4G,否,0.0,是,0.0,0.0,254.0,0.0,华为,JSN-AL00,21.0,254.0,21.0,131.0,0.0,9443269.0,0.0,否,一星,-1.0,-1.0,-1.0,-1.0,-1
24,2.0,-1.0,-1.0,-1.0,-1.0,-1.0,-1.0,-1.0,-1.0,-1.0,-1.0,-1.0,-1.0,-1.0,31.0,3.0,0.0,否,4G,否,0.0,是,0.0,0.0,359.0,0.0,华为,VKY-AL00,56.0,359.0,75.9,8.0,0.0,40950771.0,0.0,否,三星,-1.0,-1.0,-1.0,-1.0,-1
25,1.0,1.0,-1.0,-1.0,-1.0,-1.0,-1.0,-1.0,1.0,-1.0,-1.0,1.0,-1.0,-1.0,5.0,12.0,3.0,否,5G,否,0.0,是,0.0,0.0,1253.0,0.0,华为,NOH-AN00,121.0,1253.0,121.0,659.0,0.0,7753691.0,0.0,是,银卡,-1.0,-1.0,-1.0,-1.0,-1
26,1.0,1.0,1.0,-1.0,1.0,-1.0,-1.0,-1.0,-1.0,-1.0,-1.0,-1.0,-1.0,1.0,58.0,1.0,0.0,否,4G,否,0.0,是,0.0,0.0,374.0,0.0,华为,JKM-TL00,30.6,374.0,21.3,368.0,0.0,52007860.0,0.0,否,准星,-1.0,-1.0,-1.0,-1.0,-1
27,1.0,1.0,-1.0,-1.0,-1.0,1.0,-1.0,-1.0,1.0,1.0,1.0,1.0,-1.0,1.0,33.0,13.0,2.0,否,4G,否,0.0,是,0.0,0.0,243.0,0.0,华为,LRA-AL00,145.0,243.0,20.0,129.0,0.0,19701182.0,0.0,否,三星,-1.0,-1.0,-1.0,-1.0,-1
28,2.0,-1.0,-1.0,-1.0,-1.0,-1.0,-1.0,-1.0,-1.0,-1.0,-1.0,-1.0,-1.0,-1.0,2.0,0.0,0.0,否,5G,否,0.0,是,0.0,0.0,348.0,0.0,华为,NOH-AN00,8.0,348.0,8.0,182.0,0.0,4575526.0,0.0,是,三星,-1.0,-1.0,-1.0,-1.0,-1
29,1.0,1.0,-1.0,-1.0,-1.0,-1.0,-1.0,-1.0,1.0,-1.0,-1.0,-1.0,-1.0,-1.0,21.0,31.0,2.0,否,5G,否,0.0,是,0.0,0.0,763.0,0.0,苹果,A2644,244.5,763.0,243.0,211.0,0.0,8390449.0,0.0,是,金卡,-1.0,-1.0,-1.0,-1.0,-1
30,1.0,1.0,1.0,1.0,1.0,1.0,1.0,1.0,1.0,1.0,1.0,1.0,-1.0,-1.0,0.0,0.0,0.0,否,4G,否,0.0,是,0.0,0.143712574850299,167.0,24.0,苹果,A2223,26.3,167.0,19.4,46.0,1.0,17756.0,17756.0,否,三星,-1.0,-1.0,-1.0,-1.0,-1
31,2.0,-1.0,-1.0,-1.0,-1.0,-1.0,-1.0,-1.0,-1.0,-1.0,-1.0,-1.0,-1.0,-1.0,59.0,3.0,0.0,否,4G,否,0.0,是,0.0,0.0,231.0,0.0,华为,VOG-AL00,44.0,231.0,44.0,293.0,0.0,21305111.0,0.0,否,三星,-1.0,-1.0,-1.0,-1.0,-1
32,2.0,-1.0,-1.0,-1.0,-1.0,-1.0,-1.0,-1.0,-1.0,-1.0,-1.0,-1.0,-1.0,-1.0,7.0,14.0,0.0,否,4G,是,0.0,是,0.0,0.0,604.0,0.0,小米科技,M1903F11A,90.0,604.0,91.0,566.0,0.0,77948621.0,0.0,否,银卡,-1.0,-1.0,-1.0,-1.0,-1
33,2.0,-1.0,-1.0,-1.0,-1.0,-1.0,-1.0,-1.0,-1.0,-1.0,-1.0,-1.0,-1.0,-1.0,14.0,7.0,0.0,否,4G,否,0.0,是,0.0,0.0,403.0,0.0,苹果,iPhone 7 A1780,39.35,403.0,38.15,548.0,0.0,21069245.0,0.0,否,三星,-1.0,-1.0,-1.0,-1.0,-1
34,1.0,1.0,-1.0,-1.0,-1.0,-1.0,1.0,-1.0,1.0,-1.0,-1.0,-1.0,-1.0,1.0,7.0,5.0,0.0,否,4G,否,0.0,是,0.0,0.0,148.0,0.0,欧珀,PDBM00,55.0,148.0,72.2,272.0,0.0,41890623.0,0.0,否,三星,-1.0,-1.0,-1.0,-1.0,-1
35,2.0,-1.0,-1.0,-1.0,-1.0,-1.0,-1.0,-1.0,-1.0,-1.0,-1.0,-1.0,-1.0,-1.0,32.0,7.0,4.0,否,4G,否,0.0,是,0.0,0.0,182.0,0.0,小米科技,M1803E1A,33.0,182.0,33.0,85.0,0.0,9079888.0,0.0,否,二星,-1.0,-1.0,-1.0,-1.0,-1
36,2.0,-1.0,-1.0,-1.0,-1.0,-1.0,-1.0,-1.0,-1.0,-1.0,-1.0,-1.0,-1.0,-1.0,5.0,54.0,2.0,否,4G,否,0.0,是,0.0,0.0,1403.0,0.0,华为,OXF-AN10,110.0,1403.0,110.0,632.0,0.0,591709.0,0.0,否,三星,-1.0,-1.0,-1.0,-1.0,-1
37,2.0,-1.0,-1.0,-1.0,-1.0,-1.0,-1.0,-1.0,-1.0,-1.0,-1.0,-1.0,-1.0,-1.0,2.0,5.0,1.0,否,4G,否,0.0,是,0.0,0.0,431.0,0.0,华为,BLA-AL00,34.0,431.0,34.0,440.0,0.0,1568151.0,0.0,否,三星,-1.0,-1.0,-1.0,-1.0,-1
38,2.0,-1.0,-1.0,-1.0,-1.0,-1.0,-1.0,-1.0,-1.0,-1.0,-1.0,-1.0,-1.0,-1.0,3.0,40.0,1.0,否,4G,否,0.0,是,0.0,0.151414309484193,1202.0,182.0,苹果,iPhone X A1865,160.0,1202.0,140.0,591.0,0.0549505422969216,102934016.0,5656280.0,否,银卡,-1.0,-1.0,-1.0,-1.0,-1
39,2.0,-1.0,-1.0,-1.0,-1.0,-1.0,-1.0,-1.0,-1.0,-1.0,-1.0,-1.0,-1.0,-1.0,7.0,19.0,1.0,否,4G,否,0.0,是,0.0,0.155555555555556,315.0,49.0,华为,LYA-AL00,25.0,315.0,137.87,576.0,0.128658190501437,34996093.0,4502534.0,否,一星,-1.0,-1.0,-1.0,-1.0,-1
40,1.0,1.0,1.0,-1.0,-1.0,-1.0,-1.0,-1.0,1.0,-1.0,-1.0,-1.0,-1.0,-1.0,8.0,58.0,3.0,否,4G,否,0.0,是,0.0,0.0,1376.0,0.0,苹果,iPhone X A1865,245.0,1376.0,241.8,1354.0,0.0,17145352.0,0.0,否,银卡,-1.0,-1.0,-1.0,-1.0,-1
41,2.0,-1.0,-1.0,-1.0,-1.0,-1.0,-1.0,-1.0,-1.0,-1.0,-1.0,-1.0,-1.0,-1.0,2.0,1.0,0.0,否,5G,否,0.0,是,0.0,0.0,182.0,0.0,小米科技,M2007J3SC,10.15,182.0,10.15,152.0,0.0,3499537.0,0.0,是,三星,-1.0,-1.0,-1.0,-1.0,-1
42,1.0,1.0,-1.0,-1.0,-1.0,-1.0,-1.0,-1.0,-1.0,-1.0,-1.0,-1.0,-1.0,1.0,4.0,1.0,0.0,否,5G,否,0.0,是,0.0,0.0,183.0,0.0,步步高,V2046A,252.1,183.0,242.0,140.0,0.0,3551897.0,0.0,是,金卡,-1.0,-1.0,-1.0,-1.0,-1
43,2.0,-1.0,-1.0,-1.0,-1.0,-1.0,-1.0,-1.0,-1.0,-1.0,-1.0,-1.0,-1.0,-1.0,6.0,3.0,0.0,否,5G,否,0.0,是,0.0,0.0,179.0,0.0,华为,ELS-AN00,120.0,179.0,120.0,185.0,0.0,9449986.0,0.0,是,银卡,-1.0,-1.0,-1.0,-1.0,-1
44,2.0,-1.0,-1.0,-1.0,-1.0,-1.0,-1.0,-1.0,-1.0,-1.0,-1.0,-1.0,-1.0,-1.0,1.0,0.0,1.0,否,5G,否,0.0,是,0.0,0.0,173.0,0.0,步步高,V2057A,128.0,173.0,118.0,135.0,0.0,10829497.0,0.0,是,银卡,-1.0,-1.0,-1.0,-1.0,-1
45,2.0,-1.0,-1.0,-1.0,-1.0,-1.0,-1.0,-1.0,-1.0,-1.0,-1.0,-1.0,-1.0,-1.0,2.0,15.0,4.0,否,5G,否,0.0,是,0.0,0.0,218.0,0.0,华为,TAS-AN00,60.0,218.0,60.0,115.0,0.0,8688643.0,0.0,是,三星,-1.0,-1.0,-1.0,-1.0,-1
46,1.0,1.0,-1.0,-1.0,-1.0,-1.0,-1.0,-1.0,1.0,-1.0,-1.0,-1.0,-1.0,-1.0,69.0,29.0,0.0,否,5G,否,0.0,是,0.0,0.0,283.0,0.0,小米科技,M2002J9E,44.39,283.0,29.0,102.0,0.0,42587138.0,0.0,是,准星,-1.0,-1.0,-1.0,-1.0,-1
47,1.0,1.0,1.0,-1.0,-1.0,-1.0,1.0,1.0,-1.0,-1.0,1.0,1.0,-1.0,1.0,2.0,7.0,4.0,否,5G,否,0.0,是,0.0,0.0,835.0,0.0,华为,NOH-AN00,245.0,835.0,245.0,875.0,0.0,8121451.0,0.0,是,金卡,-1.0,-1.0,-1.0,-1.0,-1
48,2.0,-1.0,-1.0,-1.0,-1.0,-1.0,-1.0,-1.0,-1.0,-1.0,-1.0,-1.0,-1.0,-1.0,95.0,0.0,0.0,否,4G,否,0.0,是,0.0,0.0,1177.0,0.0,华为,SEA-AL00,21.0,1177.0,21.0,252.0,0.0,1532995.0,0.0,否,一星,-1.0,-1.0,-1.0,-1.0,-1
49,2.0,-1.0,-1.0,-1.0,-1.0,-1.0,-1.0,-1.0,-1.0,-1.0,-1.0,-1.0,-1.0,-1.0,0.0,0.0,0.0,否,4G,否,0.0,是,0.0,0.0,146.0,0.0,华为,TEL_AN10,10.0,146.0,10.0,116.0,0.0,108.0,0.0,否,三星,-1.0,-1.0,-1.0,-1.0,-1
50,1.0,1.0,-1.0,-1.0,-1.0,-1.0,-1.0,-1.0,-1.0,-1.0,1.0,1.0,-1.0,-1.0,2.0,8.0,0.0,否,4G,否,0.0,是,0.0,0.0,168.0,0.0,华为,STK-AL00,60.0,168.0,60.0,188.0,0.0,927622.0,0.0,否,三星,-1.0,-1.0,-1.0,-1.0,-1
51,2.0,-1.0,-1.0,-1.0,-1.0,-1.0,-1.0,-1.0,-1.0,-1.0,-1.0,-1.0,-1.0,-1.0,72.0,66.0,14.0,否,4G,否,0.0,是,0.0,0.0,780.0,0.0,苹果,A2223,305.0,780.0,240.2,397.0,0.0,102198669.0,0.0,否,金卡,-1.0,-1.0,-1.0,-1.0,-1
52,2.0,-1.0,-1.0,-1.0,-1.0,-1.0,-1.0,-1.0,-1.0,-1.0,-1.0,-1.0,-1.0,-1.0,56.0,4.0,0.0,否,5G,否,0.0,是,0.0,0.0,636.0,0.0,苹果,A2634,67.0,636.0,67.0,540.0,8.37891396595047e-05,19716159.0,1652.0,是,三星,-1.0,-1.0,-1.0,-1.0,-1
53,2.0,-1.0,-1.0,-1.0,-1.0,-1.0,-1.0,-1.0,-1.0,-1.0,-1.0,-1.0,-1.0,-1.0,9.0,19.0,1.0,否,4G,否,0.0,是,0.0,0.0,204.0,0.0,华为,ABR-AL60,60.1,204.0,60.0,187.0,0.0,17376115.0,0.0,否,三星,-1.0,-1.0,-1.0,-1.0,-1
54,2.0,-1.0,-1.0,-1.0,-1.0,-1.0,-1.0,-1.0,-1.0,-1.0,-1.0,-1.0,-1.0,-1.0,10.0,16.0,0.0,否,4G,否,0.0,是,0.0,0.0,486.0,0.0,欧珀,PDYM20,29.0,486.0,29.0,159.0,0.0,2680068.0,0.0,否,三星,-1.0,-1.0,-1.0,-1.0,-1
55,1.0,-1.0,-1.0,-1.0,-1.0,1.0,-1.0,-1.0,1.0,-1.0,1.0,1.0,-1.0,-1.0,2.0,2.0,2.0,否,5G,否,0.0,是,0.0,0.0,384.0,0.0,华为,NOH-AN00,131.0,384.0,131.2,331.0,0.0,50690196.0,0.0,是,银卡,1.0,-1.0,-1.0,-1.0,-1
56,2.0,-1.0,-1.0,-1.0,-1.0,-1.0,-1.0,-1.0,-1.0,-1.0,-1.0,-1.0,-1.0,-1.0,78.0,21.0,5.0,否,5G,否,0.0,是,0.0,0.0,298.0,0.0,苹果,A2408,119.0,298.0,119.0,376.0,0.0,21049041.0,0.0,是,三星,-1.0,-1.0,-1.0,-1.0,-1
57,2.0,-1.0,-1.0,-1.0,-1.0,-1.0,-1.0,-1.0,-1.0,-1.0,-1.0,-1.0,-1.0,-1.0,15.0,34.0,6.0,否,4G,否,0.0,是,0.0,0.0,1217.0,0.0,小米科技,MDE5,70.0,1217.0,79.0,295.0,0.0,33355689.0,0.0,否,二星,-1.0,-1.0,-1.0,-1.0,-1
58,2.0,-1.0,-1.0,-1.0,-1.0,-1.0,-1.0,-1.0,-1.0,-1.0,-1.0,-1.0,-1.0,-1.0,2.0,25.0,0.0,否,4G,否,35.1,是,10.0,0.0,546.0,0.0,苹果,iPhone X A1865,38.19,546.0,28.0,148.0,0.0,2624631.0,0.0,否,三星,-1.0,-1.0,-1.0,-1.0,-1
59,1.0,1.0,-1.0,-1.0,-1.0,-1.0,-1.0,-1.0,-1.0,-1.0,-1.0,1.0,-1.0,1.0,7.0,4.0,0.0,否,5G,是,0.0,是,0.0,0.0,309.0,0.0,欧珀,PDEM30,128.0,309.0,115.0,167.0,0.0,1651182.0,0.0,是,三星,-1.0,-1.0,-1.0,-1.0,-1
60,1.0,1.0,-1.0,-1.0,-1.0,1.0,-1.0,1.0,1.0,1.0,1.0,1.0,-1.0,1.0,11.0,18.0,2.0,否,5G,否,0.0,是,0.0,0.0,1125.0,0.0,苹果,A2639,148.0,1125.0,148.0,398.0,0.0,54558652.0,0.0,是,银卡,-1.0,-1.0,-1.0,-1.0,-1
61,1.0,-1.0,1.0,-1.0,-1.0,1.0,-1.0,-1.0,-1.0,-1.0,-1.0,1.0,-1.0,-1.0,123.0,29.0,4.0,否,4G,否,0.0,是,0.0,0.0,668.0,0.0,华为,ELE-AL00,71.97,668.0,69.0,298.0,0.0,12531524.0,0.0,否,三星,-1.0,-1.0,-1.0,-1.0,-1
62,1.0,-1.0,-1.0,-1.0,-1.0,1.0,1.0,1.0,-1.0,-1.0,1.0,1.0,-1.0,-1.0,5.0,9.0,6.0,否,5G,否,0.0,是,0.0,0.0,173.0,0.0,苹果,A2404,21.0,173.0,21.0,120.0,0.0,5080148.0,0.0,是,二星,-1.0,-1.0,-1.0,-1.0,-1
63,1.0,-1.0,1.0,-1.0,-1.0,-1.0,-1.0,-1.0,-1.0,-1.0,-1.0,1.0,-1.0,-1.0,10.0,0.0,0.0,否,5G,否,0.0,是,0.0,0.0,225.0,0.0,华为,LIO-AN00,56.1,225.0,56.2,346.0,0.0,7092555.0,0.0,是,三星,-1.0,-1.0,-1.0,-1.0,-1
64,1.0,1.0,-1.0,-1.0,-1.0,-1.0,-1.0,-1.0,1.0,-1.0,-1.0,-1.0,-1.0,-1.0,1.0,0.0,1.0,否,5G,否,0.0,是,0.0,0.0,325.0,0.0,小米科技,M2101K9C,59.0,325.0,59.2,63.0,0.0,5673932.0,0.0,是,三星,-1.0,-1.0,-1.0,-1.0,-1
65,2.0,-1.0,-1.0,-1.0,-1.0,-1.0,-1.0,-1.0,-1.0,-1.0,-1.0,-1.0,-1.0,-1.0,9.0,14.0,2.0,否,5G,否,0.0,是,0.0,0.0,972.0,0.0,苹果,A2644,80.0,972.0,80.0,533.0,0.0,5479919.0,0.0,是,三星,-1.0,-1.0,-1.0,-1.0,-1
66,1.0,1.0,-1.0,-1.0,-1.0,-1.0,-1.0,-1.0,1.0,1.0,-1.0,1.0,-1.0,1.0,37.0,0.0,0.0,否,4G,否,0.0,是,0.0,0.0,1414.0,0.0,华为,JAD-AL00,149.05,1414.0,0.0,0.0,0.0,10723737.0,0.0,否,未评级,-1.0,-1.0,-1.0,-1.0,1
67,1.0,-1.0,-1.0,-1.0,-1.0,1.0,-1.0,-1.0,-1.0,-1.0,1.0,-1.0,-1.0,-1.0,0.0,35.0,4.0,否,4G,否,0.0,是,0.0,0.0,773.0,0.0,华为,HMA-AL00,138.1,773.0,168.0,661.0,0.0,862109.0,0.0,否,银卡,-1.0,-1.0,-1.0,-1.0,-1
68,2.0,-1.0,-1.0,-1.0,-1.0,-1.0,-1.0,-1.0,-1.0,-1.0,-1.0,-1.0,-1.0,-1.0,0.0,27.0,1.0,否,4G,否,0.0,是,0.0,0.0,1854.0,0.0,华为,LYA-AL00,150.76,1854.0,145.0,1096.0,0.0,25586047.0,0.0,否,银卡,-1.0,-1.0,-1.0,-1.0,-1
69,2.0,-1.0,-1.0,-1.0,-1.0,-1.0,-1.0,-1.0,-1.0,-1.0,-1.0,-1.0,-1.0,-1.0,9.0,12.0,4.0,否,4G,否,0.0,是,0.0,0.0,391.0,0.0,苹果,A2223,58.0,391.0,58.0,207.0,0.0,1458251.0,0.0,否,三星,-1.0,-1.0,-1.0,-1.0,-1
70,2.0,-1.0,-1.0,-1.0,-1.0,-1.0,-1.0,-1.0,-1.0,-1.0,-1.0,-1.0,-1.0,-1.0,13.0,5.0,0.0,否,5G,否,0.0,是,0.0,0.0,127.0,0.0,华为,ANA-AN00,43.0,127.0,38.0,129.0,0.0,7036795.0,0.0,是,三星,-1.0,-1.0,-1.0,-1.0,-1
71,1.0,1.0,-1.0,-1.0,-1.0,1.0,-1.0,1.0,1.0,-1.0,1.0,1.0,-1.0,-1.0,5.0,11.0,5.0,否,5G,否,0.0,是,0.0,0.0,1703.0,0.0,苹果,A2408,121.0,1703.0,121.0,1044.0,0.0,15636322.0,0.0,是,银卡,-1.0,-1.0,-1.0,-1.0,-1
72,1.0,1.0,1.0,-1.0,-1.0,-1.0,-1.0,-1.0,-1.0,1.0,-1.0,1.0,-1.0,1.0,27.0,3.0,1.0,否,5G,否,0.0,是,0.0,0.0,173.0,0.0,小米科技,M2102J2SC,28.27,173.0,35.49,241.0,0.0,3707661.0,0.0,是,三星,-1.0,-1.0,-1.0,-1.0,-1
73,2.0,-1.0,-1.0,-1.0,-1.0,-1.0,-1.0,-1.0,-1.0,-1.0,-1.0,-1.0,-1.0,-1.0,5.0,8.0,2.0,否,4G,否,0.0,是,0.0,0.0,699.0,0.0,华为,PCT-AL10,128.0,699.0,128.0,530.0,0.0,42887775.0,0.0,否,银卡,-1.0,-1.0,-1.0,-1.0,-1
74,2.0,-1.0,-1.0,-1.0,-1.0,-1.0,-1.0,-1.0,-1.0,-1.0,-1.0,-1.0,-1.0,-1.0,1.0,0.0,1.0,否,5G,否,0.0,是,0.0,0.0,196.0,0.0,步步高,V2011A,25.33,196.0,24.0,84.0,0.0,904244.0,0.0,是,三星,-1.0,-1.0,-1.0,-1.0,-1
75,2.0,-1.0,-1.0,-1.0,-1.0,-1.0,-1.0,-1.0,-1.0,-1.0,-1.0,-1.0,-1.0,-1.0,7.0,2.0,0.0,否,5G,否,0.0,是,0.0,0.0,160.0,0.0,小米科技,M2103K19C,100.0,160.0,100.0,187.0,0.0,5995806.0,0.0,是,三星,-1.0,-1.0,-1.0,-1.0,-1
76,1.0,1.0,1.0,-1.0,-1.0,1.0,1.0,-1.0,1.0,1.0,1.0,1.0,1.0,1.0,0.0,2.0,0.0,否,4G,否,0.0,是,0.0,0.0,219.0,0.0,苹果,iPhone 7Plus A1661,100.0,219.0,100.0,318.0,0.0,91424.0,0.0,否,三星,-1.0,-1.0,-1.0,-1.0,-1
77,1.0,1.0,1.0,-1.0,-1.0,1.0,1.0,1.0,-1.0,1.0,1.0,-1.0,-1.0,1.0,11.0,0.0,0.0,否,5G,否,0.0,是,0.0,0.0,157.0,0.0,华为,LIO-AN00,100.0,157.0,100.0,298.0,0.0,16820888.0,0.0,是,白金卡,-1.0,-1.0,-1.0,-1.0,-1
78,2.0,-1.0,-1.0,-1.0,-1.0,-1.0,-1.0,-1.0,-1.0,-1.0,-1.0,-1.0,-1.0,-1.0,133.0,38.0,68.0,否,4G,否,0.0,是,0.0,0.0,562.0,0.0,步步高,V1901A,71.12,562.0,108.94,705.0,0.0,24584621.0,0.0,否,三星,-1.0,-1.0,-1.0,-1.0,-1
79,2.0,-1.0,-1.0,-1.0,-1.0,-1.0,-1.0,-1.0,-1.0,-1.0,-1.0,-1.0,-1.0,-1.0,0.0,5.0,0.0,否,5G,否,0.0,是,0.0,0.0,739.0,0.0,华为,NOH-AN00,334.8,739.0,238.0,154.0,0.0,20929492.0,0.0,是,白金卡,-1.0,-1.0,-1.0,-1.0,-1
80,2.0,-1.0,-1.0,-1.0,-1.0,-1.0,-1.0,-1.0,-1.0,-1.0,-1.0,-1.0,-1.0,-1.0,47.0,55.0,67.0,否,5G,是,0.0,是,0.0,0.0,717.0,0.0,步步高,V2002A,69.0,717.0,69.0,322.0,0.0,97853834.0,0.0,是,未评级,-1.0,-1.0,-1.0,-1.0,-1
81,1.0,1.0,-1.0,-1.0,-1.0,-1.0,-1.0,-1.0,-1.0,-1.0,-1.0,1.0,-1.0,-1.0,0.0,3.0,0.0,否,4G,否,0.0,是,0.0,0.0,200.0,0.0,苹果,A2223,49.0,200.0,79.0,140.0,0.0,6180467.0,0.0,否,三星,-1.0,-1.0,-1.0,-1.0,-1
82,2.0,-1.0,-1.0,-1.0,-1.0,-1.0,-1.0,-1.0,-1.0,-1.0,-1.0,-1.0,-1.0,-1.0,24.0,8.0,0.0,否,4G,否,0.0,是,0.0,0.155932203389831,295.0,46.0,苹果,iPhone 8 Plus A1864,85.0,295.0,80.0,305.0,0.350768373048514,728227.0,255439.0,否,三星,-1.0,-1.0,-1.0,-1.0,-1
83,2.0,-1.0,-1.0,-1.0,-1.0,-1.0,-1.0,-1.0,-1.0,-1.0,-1.0,-1.0,-1.0,-1.0,3.0,15.0,0.0,否,4G,否,0.0,是,0.0,0.0,398.0,0.0,华为,ELE-AL00,105.0,398.0,105.0,172.0,0.0,12910658.0,0.0,否,三星,-1.0,-1.0,-1.0,-1.0,-1
84,1.0,1.0,-1.0,-1.0,-1.0,-1.0,-1.0,-1.0,1.0,-1.0,-1.0,-1.0,-1.0,-1.0,21.0,46.0,3.0,否,5G,否,0.0,是,0.0,0.0,774.0,0.0,苹果,A2634,148.0,774.0,160.0,875.0,0.0,18164407.0,0.0,是,银卡,-1.0,-1.0,-1.0,-1.0,-1
85,1.0,1.0,1.0,1.0,1.0,1.0,1.0,1.0,-1.0,1.0,1.0,1.0,-1.0,1.0,4.0,36.0,4.0,否,4G,否,0.0,是,0.0,0.0,1075.0,0.0,华为,WLZ-AN00,109.57,1075.0,130.0,892.0,0.0,515871.0,0.0,否,银卡,-1.0,-1.0,-1.0,-1.0,-1
86,1.0,-1.0,1.0,-1.0,-1.0,-1.0,-1.0,-1.0,1.0,-1.0,-1.0,-1.0,-1.0,-1.0,0.0,14.0,3.0,否,4G,否,0.0,是,0.0,0.0,477.0,0.0,苹果,iPhone 8 Plus A1864,95.0,477.0,102.96,452.0,0.0,6124626.0,0.0,否,银卡,-1.0,-1.0,-1.0,-1.0,-1
87,1.0,1.0,1.0,-1.0,1.0,1.0,-1.0,1.0,1.0,-1.0,1.0,1.0,-1.0,1.0,0.0,16.0,0.0,否,4G,否,0.0,是,0.0,0.0,231.0,0.0,苹果,A2100,77.1,231.0,59.0,131.0,0.0,29967864.0,0.0,否,三星,-1.0,-1.0,-1.0,-1.0,-1
88,2.0,-1.0,-1.0,-1.0,-1.0,-1.0,-1.0,-1.0,-1.0,-1.0,-1.0,-1.0,-1.0,-1.0,1.0,14.0,0.0,否,4G,否,0.0,是,0.0,0.0,433.0,0.0,苹果,iPhone 8 Plus A1864,104.0,433.0,69.1,85.0,0.0,55198834.0,0.0,否,三星,-1.0,-1.0,-1.0,-1.0,-1
89,2.0,-1.0,-1.0,-1.0,-1.0,-1.0,-1.0,-1.0,-1.0,-1.0,-1.0,-1.0,-1.0,-1.0,28.0,26.0,5.0,否,5G,否,0.0,是,0.0,0.0,1060.0,0.0,华为,CDY-AN00,298.0,1060.0,298.5,1307.0,0.0,58147067.0,0.0,是,白金卡,-1.0,-1.0,-1.0,-1.0,-1
90,1.0,1.0,1.0,-1.0,-1.0,-1.0,-1.0,-1.0,-1.0,1.0,-1.0,1.0,-1.0,-1.0,0.0,9.0,0.0,否,4G,否,0.0,是,0.0,0.117924528301887,636.0,75.0,华为,BLA-AL00,133.0,636.0,130.0,480.0,0.0957259083712769,7639635.0,731311.0,否,银卡,-1.0,-1.0,-1.0,-1.0,-1
91,2.0,-1.0,-1.0,-1.0,-1.0,-1.0,-1.0,-1.0,-1.0,-1.0,-1.0,-1.0,-1.0,-1.0,7.0,18.0,3.0,否,4G,否,0.0,是,0.0,0.0,271.0,0.0,苹果,iPhone 6 Plus A1524,37.0,271.0,37.0,282.0,0.0,11895552.0,0.0,否,二星,-1.0,-1.0,-1.0,-1.0,-1
92,1.0,1.0,1.0,-1.0,-1.0,1.0,-1.0,-1.0,1.0,1.0,1.0,1.0,-1.0,1.0,4.0,10.0,0.0,否,4G,否,0.0,是,0.0,0.0,237.0,0.0,苹果,iPhone 6 A1586,58.0,237.0,58.0,80.0,0.0,2842185.0,0.0,否,三星,-1.0,-1.0,-1.0,-1.0,-1
93,1.0,-1.0,-1.0,-1.0,-1.0,1.0,1.0,1.0,-1.0,-1.0,-1.0,1.0,-1.0,-1.0,1.0,5.0,0.0,否,4G,否,0.0,是,0.0,0.0,334.0,0.0,苹果,iPhone 8 Plus A1864,48.0,334.0,48.0,244.0,0.0,40631125.0,0.0,否,二星,-1.0,-1.0,-1.0,-1.0,-1
94,1.0,-1.0,1.0,-1.0,-1.0,1.0,-1.0,-1.0,-1.0,-1.0,-1.0,1.0,-1.0,1.0,8.0,3.0,0.0,否,4G,否,0.0,是,0.0,0.0,162.0,0.0,华为,ANA-AN00,9.0,162.0,9.0,48.0,0.0,9269006.0,0.0,否,三星,-1.0,-1.0,-1.0,-1.0,-1
95,1.0,-1.0,-1.0,-1.0,-1.0,1.0,-1.0,-1.0,1.0,-1.0,1.0,1.0,-1.0,1.0,100.0,11.0,1.0,否,4G,否,0.0,是,0.0,0.0,212.0,0.0,华为,ELE-AL00,18.0,212.0,18.0,90.0,0.0,11161921.0,0.0,否,三星,-1.0,-1.0,-1.0,1.0,-1
96,2.0,-1.0,-1.0,-1.0,-1.0,-1.0,-1.0,-1.0,-1.0,-1.0,-1.0,-1.0,-1.0,-1.0,10.0,9.0,0.0,否,4G,是,0.0,是,0.0,0.0,183.0,0.0,华为,EDI-AL10,20.0,183.0,20.0,48.0,0.000623154125324194,1139365.0,710.0,否,三星,-1.0,-1.0,-1.0,-1.0,-1
97,2.0,-1.0,-1.0,-1.0,-1.0,-1.0,-1.0,-1.0,-1.0,-1.0,-1.0,-1.0,-1.0,-1.0,10.0,12.0,2.0,否,4G,否,0.0,是,0.0,0.0,712.0,0.0,华为,OCE-AN10,22.0,712.0,22.0,361.0,0.0,11604770.0,0.0,否,三星,-1.0,-1.0,-1.0,-1.0,-1
98,2.0,-1.0,-1.0,-1.0,-1.0,-1.0,-1.0,-1.0,-1.0,-1.0,-1.0,-1.0,-1.0,-1.0,1.0,19.0,1.0,否,5G,否,16.34,是,4.93,0.0843373493975904,166.0,14.0,华为,ANY-AN00,28.93,166.0,29.0,102.0,0.0644914727244335,22611501.0,1458249.0,是,三星,-1.0,-1.0,-1.0,-1.0,-1
99,2.0,-1.0,-1.0,-1.0,-1.0,-1.0,-1.0,-1.0,-1.0,-1.0,-1.0,-1.0,-1.0,-1.0,90.0,41.0,0.0,否,4G,否,43.18,是,10.0,0.0,617.0,0.0,步步高,V1809A,122.5,617.0,110.0,651.0,0.0,68126217.0,0.0,否,三星,-1.0,-1.0,-1.0,-1.0,-1
100,2.0,-1.0,-1.0,-1.0,-1.0,-1.0,-1.0,-1.0,-1.0,-1.0,-1.0,-1.0,-1.0,-1.0,0.0,0.0,0.0,否,4G,否,0.0,是,0.0,0.0,145.0,0.0,华为,JSN-AL00,8.0,145.0,8.0,33.0,0.0,11589.0,0.0,否,二星,-1.0,-1.0,-1.0,-1.0,-1
101,1.0,1.0,-1.0,-1.0,1.0,-1.0,-1.0,-1.0,-1.0,-1.0,-1.0,1.0,-1.0,-1.0,0.0,6.0,3.0,否,4G,否,0.0,是,0.0,0.0,338.0,0.0,华为,EML-AL00,46.6,338.0,47.8,328.0,0.0,1332456.0,0.0,否,三星,-1.0,-1.0,-1.0,-1.0,-1
102,2.0,-1.0,-1.0,-1.0,-1.0,-1.0,-1.0,-1.0,-1.0,-1.0,-1.0,-1.0,-1.0,-1.0,1.0,0.0,0.0,否,5G,否,0.0,是,0.0,0.0,180.0,0.0,华为,DVC-AN20,11.15,180.0,10.0,43.0,0.0,2829405.0,0.0,是,三星,-1.0,-1.0,-1.0,-1.0,-1
103,1.0,-1.0,1.0,-1.0,-1.0,1.0,-1.0,-1.0,1.0,-1.0,1.0,-1.0,-1.0,-1.0,36.0,14.0,9.0,否,5G,否,0.0,是,0.0,0.0,1051.0,0.0,苹果,A2404,72.65,1051.0,79.74,530.0,0.0,10903432.0,0.0,是,二星,-1.0,-1.0,-1.0,-1.0,-1
104,2.0,-1.0,-1.0,-1.0,-1.0,-1.0,-1.0,-1.0,-1.0,-1.0,-1.0,-1.0,-1.0,-1.0,60.0,16.0,2.0,否,4G,否,0.0,是,0.0,0.0,274.0,0.0,中邮通信,FIO-BD00,40.0,274.0,40.0,530.0,0.0,24466114.0,0.0,否,三星,-1.0,-1.0,-1.0,-1.0,-1
105,2.0,-1.0,-1.0,-1.0,-1.0,-1.0,-1.0,-1.0,-1.0,-1.0,-1.0,-1.0,-1.0,-1.0,0.0,0.0,0.0,否,5G,否,0.0,是,0.0,0.0,178.0,0.0,华为,ANG-AN00,158.0,178.0,158.5,132.0,0.0,3582344.0,0.0,是,银卡,-1.0,-1.0,-1.0,-1.0,-1
106,1.0,1.0,-1.0,-1.0,-1.0,-1.0,1.0,-1.0,1.0,-1.0,-1.0,1.0,-1.0,1.0,8.0,2.0,1.0,否,4G,否,0.0,是,0.0,0.0,263.0,0.0,苹果,A2223,58.0,263.0,58.0,216.0,0.0,8598038.0,0.0,否,二星,-1.0,-1.0,-1.0,-1.0,-1
107,2.0,-1.0,-1.0,-1.0,-1.0,-1.0,-1.0,-1.0,-1.0,-1.0,-1.0,-1.0,-1.0,-1.0,4.0,14.0,2.0,否,4G,是,0.0,是,0.0,0.0,248.0,0.0,苹果,A2108,71.67,248.0,65.0,98.0,0.0,7106826.0,0.0,否,三星,-1.0,-1.0,-1.0,-1.0,-1
108,1.0,1.0,-1.0,-1.0,-1.0,1.0,-1.0,1.0,1.0,1.0,1.0,-1.0,-1.0,1.0,80.0,7.0,5.0,否,4G,否,0.0,是,0.0,0.0,316.0,0.0,华为,LYA-AL00,75.0,316.0,76.0,283.0,0.0,42734455.0,0.0,否,三星,-1.0,-1.0,-1.0,-1.0,-1
109,2.0,-1.0,-1.0,-1.0,-1.0,-1.0,-1.0,-1.0,-1.0,-1.0,-1.0,-1.0,-1.0,-1.0,0.0,2.0,0.0,否,5G,否,0.0,是,0.0,0.0,492.0,0.0,华为,NOH-AN01,5.0,492.0,5.0,227.0,0.0,8410289.0,0.0,是,三星,-1.0,-1.0,-1.0,-1.0,-1
110,2.0,-1.0,-1.0,-1.0,-1.0,-1.0,-1.0,-1.0,-1.0,-1.0,-1.0,-1.0,-1.0,-1.0,30.0,16.0,2.0,否,4G,否,509.91,是,15.0,0.0,205.0,0.0,苹果,iPhone XR (A1984),85.2,205.0,69.4,120.0,0.0,31292970.0,0.0,否,三星,-1.0,-1.0,-1.0,-1.0,-1
111,1.0,1.0,-1.0,-1.0,-1.0,1.0,-1.0,-1.0,-1.0,-1.0,-1.0,1.0,-1.0,1.0,1.0,13.0,2.0,否,4G,否,0.0,是,0.0,0.0,853.0,0.0,苹果,A2412,60.0,853.0,60.0,768.0,0.0,21229897.0,0.0,否,三星,-1.0,-1.0,-1.0,-1.0,-1
112,2.0,-1.0,-1.0,-1.0,-1.0,-1.0,-1.0,-1.0,-1.0,-1.0,-1.0,-1.0,-1.0,-1.0,18.0,0.0,0.0,否,5G,否,0.0,是,0.0,0.0,241.0,0.0,苹果,A2408,111.0,241.0,111.1,155.0,0.0,2730594.0,0.0,是,银卡,-1.0,-1.0,-1.0,-1.0,-1
113,2.0,-1.0,-1.0,-1.0,-1.0,-1.0,-1.0,-1.0,-1.0,-1.0,-1.0,-1.0,-1.0,-1.0,62.0,22.0,0.0,否,4G,否,0.0,是,0.0,0.0,212.0,0.0,华为,ELE-AL00,10.28,212.0,8.0,273.0,2.48982749852633e-06,4819611.0,12.0,否,三星,-1.0,-1.0,-1.0,-1.0,-1
114,2.0,-1.0,-1.0,-1.0,-1.0,-1.0,-1.0,-1.0,-1.0,-1.0,-1.0,-1.0,-1.0,-1.0,3.0,0.0,0.0,否,4G,否,480.31,是,120.0,0.0,856.0,0.0,华为,JSN-AL00a,253.89,856.0,108.0,331.0,0.0,16135622.0,0.0,否,银卡,-1.0,-1.0,-1.0,-1.0,-1
115,1.0,1.0,1.0,-1.0,-1.0,1.0,-1.0,-1.0,-1.0,-1.0,-1.0,1.0,1.0,-1.0,10.0,22.0,3.0,否,4G,否,0.0,是,0.0,0.0,1182.0,0.0,华为,LYA-AL00,15.56,1182.0,5.0,659.0,0.0,21821820.0,0.0,否,二星,-1.0,-1.0,-1.0,-1.0,-1
116,1.0,1.0,-1.0,-1.0,-1.0,1.0,1.0,-1.0,1.0,1.0,1.0,-1.0,-1.0,1.0,23.0,18.0,36.0,否,4G,否,0.0,是,0.0,0.0,1026.0,0.0,华为,DUB-AL20,69.3,1026.0,0.0,0.0,3.39457095821818e-05,15318578.0,520.0,否,未评级,-1.0,-1.0,-1.0,-1.0,-1
117,2.0,-1.0,-1.0,-1.0,-1.0,-1.0,-1.0,-1.0,-1.0,-1.0,-1.0,-1.0,-1.0,-1.0,13.0,4.0,1.0,否,4G,否,0.0,是,0.0,0.0,290.0,0.0,华为,CLT-AL00,61.92,290.0,58.0,202.0,0.0,15250045.0,0.0,否,二星,-1.0,-1.0,-1.0,-1.0,-1
118,2.0,-1.0,-1.0,-1.0,-1.0,-1.0,-1.0,-1.0,-1.0,-1.0,-1.0,-1.0,-1.0,-1.0,119.0,9.0,0.0,否,4G,否,0.0,是,0.0,0.0,250.0,0.0,苹果,iPhone 8 Plus A1864,132.9,250.0,85.0,81.0,0.0,43888427.0,0.0,否,银卡,-1.0,-1.0,-1.0,-1.0,-1
119,1.0,1.0,-1.0,-1.0,1.0,1.0,-1.0,1.0,-1.0,1.0,1.0,1.0,1.0,1.0,2.0,8.0,0.0,否,4G,否,0.0,是,0.0,0.0,301.0,0.0,华为,SEA-AL10,26.2,301.0,25.0,165.0,0.0,42889330.0,0.0,否,准星,-1.0,-1.0,-1.0,-1.0,-1
120,2.0,-1.0,-1.0,-1.0,-1.0,-1.0,-1.0,-1.0,-1.0,-1.0,-1.0,-1.0,-1.0,-1.0,6.0,6.0,0.0,否,5G,否,0.0,是,0.0,0.0,430.0,0.0,苹果,A2412,21.0,430.0,21.0,59.0,0.000630188398759158,42325438.0,26673.0,是,一星,-1.0,-1.0,-1.0,-1.0,-1
121,1.0,1.0,1.0,-1.0,-1.0,1.0,-1.0,1.0,1.0,1.0,1.0,1.0,-1.0,1.0,8.0,6.0,4.0,否,4G,否,0.0,是,0.0,0.0,636.0,0.0,苹果,A2223,58.0,636.0,58.0,347.0,0.0,11005953.0,0.0,否,三星,-1.0,-1.0,-1.0,-1.0,-1
122,1.0,1.0,1.0,-1.0,-1.0,1.0,-1.0,1.0,1.0,1.0,1.0,1.0,-1.0,-1.0,32.0,5.0,1.0,否,4G,否,0.0,是,0.0,0.0,177.0,0.0,苹果,iPhone 7 A1660,53.89,177.0,48.57,31.0,0.0,2911450.0,0.0,否,二星,-1.0,-1.0,-1.0,-1.0,-1
123,2.0,-1.0,-1.0,-1.0,-1.0,-1.0,-1.0,-1.0,-1.0,-1.0,-1.0,-1.0,-1.0,-1.0,1.0,5.0,0.0,否,4G,否,80.8,是,28.0,0.0,2026.0,0.0,小米科技,M2006C3LC,47.1,2026.0,47.0,15.0,0.0,103086314.0,0.0,否,二星,-1.0,-1.0,-1.0,-1.0,-1
124,1.0,1.0,1.0,-1.0,1.0,-1.0,-1.0,-1.0,1.0,1.0,1.0,1.0,-1.0,1.0,26.0,0.0,0.0,否,4G,否,0.0,是,0.0,0.0,278.0,0.0,华为,LIO-AL00,12.0,278.0,2.0,63.0,0.0,7773027.0,0.0,否,二星,-1.0,-1.0,-1.0,-1.0,-1
125,2.0,-1.0,-1.0,-1.0,-1.0,-1.0,-1.0,-1.0,-1.0,-1.0,-1.0,-1.0,-1.0,-1.0,0.0,7.0,2.0,否,4G,否,0.0,是,0.0,0.0,333.0,0.0,苹果,A2223,168.0,333.0,168.0,148.0,0.0,50576109.0,0.0,否,金卡,-1.0,-1.0,-1.0,-1.0,-1
126,2.0,-1.0,-1.0,-1.0,-1.0,-1.0,-1.0,-1.0,-1.0,-1.0,-1.0,-1.0,-1.0,-1.0,0.0,2.0,0.0,否,5G,否,0.0,是,0.0,0.0702702702702703,185.0,13.0,华为,ANA-AN00,21.0,185.0,21.0,43.0,0.0926961886050431,3627517.0,336257.0,是,一星,-1.0,-1.0,-1.0,-1.0,-1
127,1.0,1.0,-1.0,-1.0,-1.0,-1.0,-1.0,-1.0,-1.0,-1.0,1.0,1.0,-1.0,-1.0,16.0,2.0,1.0,否,4G,否,0.0,是,0.0,0.0,336.0,0.0,华为,JSC-AL50,88.0,336.0,88.0,334.0,0.0,326722.0,0.0,否,三星,-1.0,-1.0,-1.0,-1.0,-1
128,2.0,-1.0,-1.0,-1.0,-1.0,-1.0,-1.0,-1.0,-1.0,-1.0,-1.0,-1.0,-1.0,-1.0,1.0,1.0,1.0,否,4G,否,0.0,是,0.0,0.0,176.0,0.0,苹果,iPhone SE A1723,63.0,176.0,63.1,66.0,0.0,289130.0,0.0,否,三星,-1.0,-1.0,-1.0,-1.0,-1
129,1.0,-1.0,-1.0,-1.0,-1.0,-1.0,1.0,-1.0,1.0,-1.0,-1.0,-1.0,-1.0,-1.0,9.0,15.0,0.0,否,4G,是,0.0,是,0.0,0.0,177.0,0.0,华为,COL-AL10,11.0,177.0,8.0,152.0,0.0,12967717.0,0.0,否,三星,-1.0,-1.0,-1.0,-1.0,-1
130,1.0,1.0,1.0,-1.0,-1.0,-1.0,-1.0,1.0,-1.0,1.0,-1.0,1.0,-1.0,1.0,20.0,29.0,3.0,否,5G,否,0.0,是,0.0,0.0,527.0,0.0,苹果,A2639,239.0,527.0,239.0,545.0,0.0,8908382.0,0.0,是,金卡,-1.0,-1.0,-1.0,-1.0,-1
131,1.0,1.0,1.0,1.0,1.0,1.0,1.0,1.0,-1.0,-1.0,1.0,-1.0,-1.0,1.0,88.0,3.0,11.0,否,5G,否,0.0,是,0.0,0.0414026193493874,2367.0,98.0,华为,TAS-AN00,140.0,2367.0,140.0,795.0,0.0428712000205064,53680816.0,2301361.0,是,银卡,-1.0,-1.0,-1.0,-1.0,-1
132,1.0,1.0,-1.0,-1.0,-1.0,-1.0,-1.0,-1.0,1.0,-1.0,-1.0,-1.0,-1.0,-1.0,21.0,20.0,1.0,否,4G,否,0.0,是,0.0,0.0,361.0,0.0,苹果,A2223,59.0,361.0,58.0,325.0,0.0,19700447.0,0.0,否,二星,-1.0,-1.0,-1.0,-1.0,-1
133,1.0,1.0,1.0,1.0,1.0,1.0,1.0,1.0,1.0,-1.0,1.0,1.0,1.0,1.0,10.0,21.0,0.0,否,4G,是,0.0,是,0.0,0.0,299.0,0.0,苹果,A2104,142.0,299.0,68.63,178.0,0.0,113493021.0,0.0,否,银卡,-1.0,-1.0,-1.0,-1.0,-1
134,2.0,-1.0,-1.0,-1.0,-1.0,-1.0,-1.0,-1.0,-1.0,-1.0,-1.0,-1.0,-1.0,-1.0,16.0,12.0,2.0,否,5G,否,0.0,是,0.0,0.0,182.0,0.0,苹果,A2404,157.14,182.0,119.9,45.0,0.0,23139744.0,0.0,是,三星,-1.0,-1.0,-1.0,-1.0,-1
135,2.0,-1.0,-1.0,-1.0,-1.0,-1.0,-1.0,-1.0,-1.0,-1.0,-1.0,-1.0,-1.0,-1.0,8.0,0.0,0.0,否,5G,否,0.0,是,0.0,0.0,116.0,0.0,华为,ANA-AN00,39.0,116.0,39.0,35.0,0.0,8190943.0,0.0,是,三星,-1.0,-1.0,-1.0,-1.0,-1
136,2.0,-1.0,-1.0,-1.0,-1.0,-1.0,-1.0,-1.0,-1.0,-1.0,-1.0,-1.0,-1.0,-1.0,0.0,0.0,0.0,否,4G,否,0.0,是,0.0,0.0,278.0,0.0,华为,YAL-AL10,40.0,278.0,40.0,283.0,0.0,1878714.0,0.0,否,三星,-1.0,-1.0,-1.0,-1.0,-1
137,1.0,1.0,-1.0,-1.0,-1.0,-1.0,1.0,1.0,1.0,-1.0,-1.0,-1.0,-1.0,-1.0,6.0,5.0,0.0,否,4G,否,0.0,是,0.0,0.0,637.0,0.0,华为,ASK-AL20,89.9,637.0,70.07,439.0,0.0,5528956.0,0.0,否,三星,-1.0,-1.0,-1.0,-1.0,-1
138,2.0,-1.0,-1.0,-1.0,-1.0,-1.0,-1.0,-1.0,-1.0,-1.0,-1.0,-1.0,-1.0,-1.0,11.0,0.0,0.0,否,4G,否,0.0,是,0.0,0.0,184.0,0.0,步步高,vivo Y71A,43.0,184.0,47.9,92.0,0.0,2260219.0,0.0,否,一星,-1.0,-1.0,-1.0,-1.0,-1
139,2.0,-1.0,-1.0,-1.0,-1.0,-1.0,-1.0,-1.0,-1.0,-1.0,-1.0,-1.0,-1.0,-1.0,2.0,18.0,0.0,否,4G,否,0.0,是,0.0,0.0,142.0,0.0,苹果,iPhone 8 Plus A1864,42.6,142.0,42.4,73.0,0.0,15673719.0,0.0,否,三星,-1.0,-1.0,-1.0,-1.0,-1
140,2.0,-1.0,-1.0,-1.0,-1.0,-1.0,-1.0,-1.0,-1.0,-1.0,-1.0,-1.0,-1.0,-1.0,5.0,8.0,1.0,否,4G,否,0.0,是,0.0,0.0,711.0,0.0,华为,ELE-AL00,10.0,711.0,10.0,288.0,0.0,5713698.0,0.0,否,三星,-1.0,-1.0,-1.0,-1.0,-1
141,1.0,-1.0,-1.0,-1.0,-1.0,-1.0,-1.0,1.0,-1.0,-1.0,-1.0,1.0,-1.0,-1.0,19.0,3.0,1.0,否,4G,否,0.0,是,0.0,0.0,329.0,0.0,苹果,iPhone XS MAX (A1921),53.06,329.0,105.1,136.0,0.0,13493043.0,0.0,否,三星,-1.0,-1.0,-1.0,-1.0,-1
142,1.0,1.0,-1.0,-1.0,-1.0,-1.0,-1.0,-1.0,-1.0,1.0,1.0,1.0,-1.0,1.0,18.0,39.0,6.0,否,4G,否,0.0,是,0.0,0.0,691.0,0.0,苹果,iPhone 8 Plus A1864,88.0,691.0,163.5,1454.0,0.0,36466397.0,0.0,否,银卡,1.0,-1.0,-1.0,-1.0,-1
143,2.0,-1.0,-1.0,-1.0,-1.0,-1.0,-1.0,-1.0,-1.0,-1.0,-1.0,-1.0,-1.0,-1.0,189.0,0.0,0.0,否,4G,否,0.0,是,0.0,0.0,315.0,0.0,小米科技,M1808D2TC,0.0,315.0,0.0,96.0,0.0,14267167.0,0.0,否,未评级,-1.0,-1.0,-1.0,-1.0,-1
144,1.0,1.0,-1.0,-1.0,-1.0,-1.0,-1.0,-1.0,1.0,1.0,-1.0,1.0,-1.0,1.0,2.0,13.0,2.0,否,5G,否,0.0,是,0.0,0.0,260.0,0.0,苹果,A2404,40.0,260.0,38.0,302.0,0.0,10062055.0,0.0,是,三星,-1.0,-1.0,-1.0,-1.0,-1
145,1.0,-1.0,-1.0,-1.0,-1.0,-1.0,1.0,-1.0,1.0,-1.0,-1.0,-1.0,-1.0,-1.0,5.0,0.0,0.0,否,4G,否,0.0,是,0.0,0.0,385.0,0.0,小米科技,M1805E2A,33.0,385.0,25.0,294.0,0.0,1124225.0,0.0,否,三星,-1.0,-1.0,-1.0,-1.0,-1
146,2.0,-1.0,-1.0,-1.0,-1.0,-1.0,-1.0,-1.0,-1.0,-1.0,-1.0,-1.0,-1.0,-1.0,4.0,14.0,1.0,否,4G,否,0.0,是,0.0,0.0,224.0,0.0,欧珀,PDYM20,120.4,224.0,99.4,88.0,0.0,113828.0,0.0,否,三星,-1.0,-1.0,-1.0,-1.0,-1
147,1.0,-1.0,-1.0,-1.0,-1.0,1.0,-1.0,-1.0,1.0,-1.0,-1.0,1.0,-1.0,-1.0,8.0,11.0,0.0,否,5G,否,0.0,是,0.0,0.0,1203.0,0.0,华为,NOH-AN00,145.0,1203.0,145.0,948.0,0.0,7811649.0,0.0,是,银卡,-1.0,-1.0,-1.0,-1.0,-1
148,1.0,1.0,1.0,-1.0,-1.0,1.0,-1.0,-1.0,1.0,-1.0,-1.0,1.0,-1.0,-1.0,13.0,0.0,1.0,否,5G,否,0.0,是,0.0,0.0,848.0,0.0,华为,ELS-AN00,128.0,848.0,125.0,415.0,0.0,18276086.0,0.0,是,银卡,-1.0,-1.0,-1.0,-1.0,-1
149,2.0,-1.0,-1.0,-1.0,-1.0,-1.0,-1.0,-1.0,-1.0,-1.0,-1.0,-1.0,-1.0,-1.0,0.0,0.0,3.0,否,5G,否,0.0,是,0.0,0.0,452.0,0.0,华为,DVC-AN20,33.0,452.0,28.0,137.0,0.0,5782975.0,0.0,是,三星,-1.0,-1.0,-1.0,-1.0,-1
150,2.0,-1.0,-1.0,-1.0,-1.0,-1.0,-1.0,-1.0,-1.0,-1.0,-1.0,-1.0,-1.0,-1.0,4.0,16.0,0.0,否,5G,否,0.0,是,0.0,0.0,222.0,0.0,华为,ANA-TN00,74.0,222.0,49.0,46.0,0.0,10187174.0,0.0,是,三星,-1.0,-1.0,-1.0,-1.0,-1
151,1.0,1.0,1.0,-1.0,-1.0,1.0,-1.0,-1.0,1.0,-1.0,1.0,-1.0,-1.0,1.0,12.0,7.0,1.0,否,5G,否,0.0,是,0.0,0.0,367.0,0.0,步步高,V2132A,330.0,367.0,24.0,66.0,0.0,15169470.0,0.0,是,三星,-1.0,-1.0,-1.0,-1.0,-1
152,1.0,1.0,1.0,-1.0,-1.0,-1.0,-1.0,-1.0,-1.0,-1.0,-1.0,1.0,-1.0,1.0,3.0,26.0,0.0,否,4G,否,0.0,是,0.0,0.0,263.0,0.0,苹果,A2639,60.0,263.0,60.0,143.0,0.0,24196135.0,0.0,否,三星,-1.0,-1.0,-1.0,-1.0,-1
153,1.0,-1.0,-1.0,-1.0,-1.0,1.0,1.0,1.0,1.0,-1.0,-1.0,-1.0,-1.0,-1.0,0.0,17.0,6.0,否,4G,否,0.0,是,0.0,0.0,294.0,0.0,华为,AQM-AL00,145.0,294.0,135.0,460.0,3.47271396644144e-06,43481842.0,151.0,否,银卡,-1.0,-1.0,-1.0,-1.0,1
154,1.0,-1.0,-1.0,-1.0,-1.0,1.0,-1.0,-1.0,-1.0,-1.0,1.0,-1.0,-1.0,1.0,1.0,4.0,0.0,否,4G,否,0.0,是,0.0,0.0,144.0,0.0,苹果,iPhone 6S PLUS A1699,41.9,144.0,41.5,113.0,0.0,2195567.0,0.0,否,三星,-1.0,-1.0,-1.0,-1.0,-1
155,2.0,-1.0,-1.0,-1.0,-1.0,-1.0,-1.0,-1.0,-1.0,-1.0,-1.0,-1.0,-1.0,-1.0,0.0,0.0,3.0,否,5G,否,0.0,是,0.0,0.0,774.0,0.0,小米科技,M2007J3SC,250.1,774.0,242.7,415.0,5.51791064978945e-05,33799025.0,1865.0,是,金卡,-1.0,-1.0,-1.0,-1.0,-1
156,2.0,-1.0,-1.0,-1.0,-1.0,-1.0,-1.0,-1.0,-1.0,-1.0,-1.0,-1.0,-1.0,-1.0,1.0,14.0,0.0,否,4G,否,0.0,是,0.0,0.0,600.0,0.0,苹果,A2223,58.36,600.0,48.0,234.0,0.0,38190526.0,0.0,否,三星,-1.0,-1.0,-1.0,-1.0,-1
157,1.0,1.0,-1.0,-1.0,-1.0,1.0,-1.0,1.0,-1.0,1.0,-1.0,-1.0,-1.0,1.0,27.0,21.0,0.0,否,4G,否,0.0,是,0.0,0.0,732.0,0.0,苹果,A2108,90.0,732.0,90.0,412.0,0.0,11022266.0,0.0,否,三星,-1.0,-1.0,-1.0,-1.0,-1
158,1.0,-1.0,-1.0,-1.0,1.0,1.0,-1.0,-1.0,1.0,-1.0,1.0,-1.0,-1.0,1.0,12.0,19.0,1.0,否,4G,否,0.0,是,0.0,0.0,235.0,0.0,苹果,A2634,21.0,235.0,21.98,113.0,0.0,19874426.0,0.0,否,准星,-1.0,-1.0,-1.0,-1.0,-1
159,1.0,-1.0,-1.0,-1.0,-1.0,-1.0,1.0,-1.0,1.0,1.0,-1.0,1.0,-1.0,-1.0,22.0,15.0,0.0,否,4G,否,0.0,是,0.0,0.0,295.0,0.0,苹果,iPhone X A1865,93.0,295.0,93.0,177.0,0.0,18982753.0,0.0,否,银卡,1.0,-1.0,-1.0,-1.0,-1
160,1.0,-1.0,1.0,-1.0,-1.0,1.0,-1.0,1.0,1.0,1.0,1.0,1.0,-1.0,-1.0,20.0,4.0,3.0,否,5G,否,0.0,是,0.0,0.0,509.0,0.0,苹果,A2404,140.0,509.0,140.0,710.0,0.0,45156810.0,0.0,是,银卡,-1.0,-1.0,-1.0,-1.0,-1
161,1.0,-1.0,-1.0,-1.0,-1.0,1.0,-1.0,-1.0,-1.0,-1.0,1.0,-1.0,-1.0,-1.0,1.0,4.0,2.0,否,5G,否,0.0,是,0.0,0.0,804.0,0.0,华为,LIO-AN00,168.0,804.0,168.0,874.0,0.0,127412670.0,0.0,是,金卡,-1.0,-1.0,-1.0,-1.0,-1
162,2.0,-1.0,-1.0,-1.0,-1.0,-1.0,-1.0,-1.0,-1.0,-1.0,-1.0,-1.0,-1.0,-1.0,5.0,4.0,5.0,否,5G,是,0.0,是,0.0,0.0,864.0,0.0,苹果,A2404,130.4,864.0,128.0,464.0,0.0,27140716.0,0.0,是,银卡,-1.0,-1.0,-1.0,-1.0,-1
163,1.0,1.0,-1.0,-1.0,-1.0,-1.0,-1.0,1.0,-1.0,1.0,-1.0,-1.0,-1.0,1.0,80.0,12.0,1.0,否,4G,否,0.0,是,0.0,0.0,999.0,0.0,华为,EBG-AN10,60.0,999.0,60.98,844.0,0.0,6168162.0,0.0,否,三星,-1.0,-1.0,-1.0,-1.0,-1
164,2.0,-1.0,-1.0,-1.0,-1.0,-1.0,-1.0,-1.0,-1.0,-1.0,-1.0,-1.0,-1.0,-1.0,10.0,0.0,0.0,否,4G,是,0.0,是,0.0,0.0,220.0,0.0,华为,YAL-AL00,68.6,220.0,65.41,166.0,0.0,35130112.0,0.0,否,三星,-1.0,-1.0,-1.0,-1.0,-1
165,2.0,-1.0,-1.0,-1.0,-1.0,-1.0,-1.0,-1.0,-1.0,-1.0,-1.0,-1.0,-1.0,-1.0,1.0,5.0,1.0,否,4G,否,0.0,是,0.0,0.0,206.0,0.0,华为,YAL-AL50,68.0,206.0,75.0,49.0,0.0,109261.0,0.0,否,二星,-1.0,-1.0,-1.0,-1.0,-1
166,2.0,-1.0,-1.0,-1.0,-1.0,-1.0,-1.0,-1.0,-1.0,-1.0,-1.0,-1.0,-1.0,-1.0,11.0,6.0,0.0,否,4G,否,0.0,是,0.0,0.0,410.0,0.0,欧珀,PEHM00,39.1,410.0,39.0,482.0,0.0,19750254.0,0.0,否,三星,-1.0,-1.0,-1.0,-1.0,-1
167,1.0,1.0,-1.0,-1.0,-1.0,-1.0,-1.0,-1.0,1.0,-1.0,-1.0,1.0,-1.0,1.0,9.0,8.0,4.0,否,4G,否,0.0,是,0.0,0.0,526.0,0.0,苹果,A2223,27.8,526.0,15.0,296.0,0.0,8765969.0,0.0,否,三星,-1.0,-1.0,-1.0,-1.0,-1
168,2.0,-1.0,-1.0,-1.0,-1.0,-1.0,-1.0,-1.0,-1.0,-1.0,-1.0,-1.0,-1.0,-1.0,4.0,15.0,0.0,否,4G,否,0.0,是,0.0,0.0,329.0,0.0,华为,JNY-LX1,70.0,329.0,70.0,218.0,0.0,141999.0,0.0,否,三星,-1.0,-1.0,-1.0,-1.0,-1
169,1.0,1.0,-1.0,-1.0,-1.0,-1.0,1.0,-1.0,1.0,-1.0,-1.0,1.0,-1.0,1.0,2.0,22.0,0.0,否,4G,是,0.0,是,0.0,0.0,128.0,0.0,华为,ELE-AL00,11.0,128.0,14.0,98.0,0.0,4005343.0,0.0,否,二星,-1.0,-1.0,-1.0,-1.0,-1
170,1.0,1.0,1.0,-1.0,-1.0,1.0,-1.0,-1.0,-1.0,1.0,1.0,-1.0,-1.0,1.0,9.0,60.0,0.0,否,5G,否,0.0,是,0.0,0.0,725.0,0.0,苹果,A2634,148.2,725.0,152.13,647.0,0.0,2243438.0,0.0,是,银卡,-1.0,-1.0,-1.0,-1.0,-1
171,2.0,-1.0,-1.0,-1.0,-1.0,-1.0,-1.0,-1.0,-1.0,-1.0,-1.0,-1.0,-1.0,-1.0,2.0,14.0,9.0,否,4G,否,0.0,是,0.0,0.0,168.0,0.0,华为,JKM-AL00b,21.0,168.0,21.0,240.0,0.0,44856617.0,0.0,否,准星,-1.0,-1.0,-1.0,-1.0,-1
172,2.0,-1.0,-1.0,-1.0,-1.0,-1.0,-1.0,-1.0,-1.0,-1.0,-1.0,-1.0,-1.0,-1.0,6.0,14.0,1.0,否,4G,否,0.0,是,0.0,0.0,561.0,0.0,苹果,A2100,125.0,561.0,125.0,253.0,0.0,14259169.0,0.0,否,银卡,-1.0,-1.0,-1.0,-1.0,-1
173,1.0,-1.0,-1.0,-1.0,-1.0,1.0,-1.0,-1.0,-1.0,-1.0,-1.0,1.0,-1.0,-1.0,1.0,7.0,2.0,否,4G,否,0.0,是,0.0,0.0,138.0,0.0,苹果,A2634,89.0,138.0,85.0,146.0,0.0,25798915.0,0.0,否,三星,-1.0,-1.0,-1.0,-1.0,-1
174,1.0,-1.0,-1.0,-1.0,-1.0,-1.0,-1.0,1.0,1.0,-1.0,-1.0,-1.0,-1.0,1.0,57.0,2.0,0.0,否,4G,否,0.0,是,0.0,0.0,245.0,0.0,黑鲨,DLT-A0,175.0,245.0,175.7,87.0,0.0,5900620.0,0.0,否,银卡,-1.0,-1.0,-1.0,-1.0,-1
175,1.0,-1.0,-1.0,-1.0,-1.0,1.0,-1.0,-1.0,-1.0,-1.0,-1.0,1.0,-1.0,-1.0,84.0,5.0,1.0,否,5G,否,0.0,是,0.0,0.0,402.0,0.0,欧珀,PEGM00,40.0,402.0,40.0,688.0,0.0,41528980.0,0.0,是,三星,-1.0,-1.0,-1.0,-1.0,-1
176,2.0,-1.0,-1.0,-1.0,-1.0,-1.0,-1.0,-1.0,-1.0,-1.0,-1.0,-1.0,-1.0,-1.0,0.0,9.0,2.0,否,5G,否,0.0,是,0.0,0.0,304.0,0.0,华为,LIO-AN00,43.04,304.0,43.04,548.0,0.0,12232989.0,0.0,是,三星,-1.0,-1.0,-1.0,-1.0,-1
177,2.0,-1.0,-1.0,-1.0,-1.0,-1.0,-1.0,-1.0,-1.0,-1.0,-1.0,-1.0,-1.0,-1.0,8.0,5.0,2.0,否,5G,否,0.0,是,0.0,0.0,213.0,0.0,华为,ANG-AN00,111.0,213.0,111.0,523.0,0.0,865528.0,0.0,是,银卡,-1.0,-1.0,-1.0,-1.0,-1
178,1.0,1.0,-1.0,-1.0,-1.0,-1.0,-1.0,-1.0,-1.0,1.0,-1.0,1.0,-1.0,-1.0,1.0,20.0,2.0,否,4G,否,0.0,是,0.0,0.0,172.0,0.0,小米科技,M1903F11A,13.6,172.0,25.84,236.0,0.0,155740.0,0.0,否,三星,-1.0,-1.0,-1.0,-1.0,-1
179,1.0,-1.0,1.0,-1.0,-1.0,-1.0,-1.0,-1.0,-1.0,-1.0,-1.0,1.0,-1.0,-1.0,13.0,46.0,1.0,否,4G,否,0.0,是,0.0,0.0,743.0,0.0,华为,GLK-AL00,123.0,743.0,113.0,331.0,0.0,14579832.0,0.0,否,银卡,-1.0,-1.0,-1.0,-1.0,-1
180,2.0,-1.0,-1.0,-1.0,-1.0,-1.0,-1.0,-1.0,-1.0,-1.0,-1.0,-1.0,-1.0,-1.0,8.0,3.0,4.0,否,5G,否,0.0,是,0.0,0.0,277.0,0.0,欧珀,PFGM00,93.47,277.0,93.47,164.0,0.0,1281584.0,0.0,是,三星,-1.0,-1.0,-1.0,-1.0,-1
181,1.0,1.0,-1.0,-1.0,-1.0,-1.0,-1.0,-1.0,-1.0,-1.0,-1.0,1.0,-1.0,-1.0,0.0,3.0,0.0,否,4G,否,0.0,是,0.0,0.0,131.0,0.0,华为,PPA-AL20,25.0,131.0,20.0,85.0,0.0,16283814.0,0.0,否,三星,-1.0,-1.0,-1.0,-1.0,-1
182,1.0,1.0,1.0,-1.0,-1.0,1.0,1.0,-1.0,-1.0,1.0,-1.0,1.0,-1.0,1.0,1.0,6.0,2.0,否,5G,否,0.0,是,0.0,0.0,265.0,0.0,小米科技,M2102J2SC,90.0,265.0,90.0,104.0,0.0,23562064.0,0.0,是,三星,-1.0,-1.0,-1.0,-1.0,-1
183,1.0,-1.0,-1.0,-1.0,1.0,-1.0,-1.0,-1.0,1.0,-1.0,-1.0,-1.0,-1.0,-1.0,19.0,3.0,6.0,否,5G,否,0.0,是,0.0,0.0,327.0,0.0,苹果,A2404,129.05,327.0,144.05,482.0,0.0,11030243.0,0.0,是,银卡,-1.0,-1.0,-1.0,-1.0,-1
184,2.0,-1.0,-1.0,-1.0,-1.0,-1.0,-1.0,-1.0,-1.0,-1.0,-1.0,-1.0,-1.0,-1.0,108.0,18.0,0.0,否,4G,否,0.0,是,0.0,0.0,181.0,0.0,苹果,A2217,110.0,181.0,110.0,156.0,0.0,10083003.0,0.0,否,银卡,-1.0,-1.0,-1.0,-1.0,-1
185,1.0,1.0,-1.0,-1.0,-1.0,-1.0,-1.0,-1.0,-1.0,-1.0,1.0,-1.0,1.0,1.0,2.0,0.0,1.0,否,5G,是,0.0,是,0.0,0.0,232.0,0.0,华为,ANA-AN00,11.0,232.0,10.0,124.0,0.0,25792831.0,0.0,是,二星,-1.0,-1.0,-1.0,-1.0,-1
186,2.0,-1.0,-1.0,-1.0,-1.0,-1.0,-1.0,-1.0,-1.0,-1.0,-1.0,-1.0,-1.0,-1.0,0.0,2.0,1.0,否,4G,是,0.0,是,0.0,0.0,131.0,0.0,华为,HMA-AL00,25.0,131.0,25.0,233.0,0.0,75470496.0,0.0,否,一星,-1.0,-1.0,-1.0,-1.0,-1
187,2.0,-1.0,-1.0,-1.0,-1.0,-1.0,-1.0,-1.0,-1.0,-1.0,-1.0,-1.0,-1.0,-1.0,1.0,0.0,1.0,否,5G,否,0.0,是,0.0,0.0,239.0,0.0,华为,TEL_AN10,53.51,239.0,48.5,126.0,0.0,8808376.0,0.0,是,三星,-1.0,-1.0,-1.0,-1.0,-1
188,2.0,-1.0,-1.0,-1.0,-1.0,-1.0,-1.0,-1.0,-1.0,-1.0,-1.0,-1.0,-1.0,-1.0,37.0,9.0,2.0,否,4G,否,0.0,是,0.0,0.0,822.0,0.0,华为,TAS-AL00,106.19,822.0,100.99,209.0,0.0,15622928.0,0.0,否,三星,-1.0,-1.0,-1.0,-1.0,-1
189,2.0,-1.0,-1.0,-1.0,-1.0,-1.0,-1.0,-1.0,-1.0,-1.0,-1.0,-1.0,-1.0,-1.0,6.0,11.0,0.0,否,4G,是,0.0,是,0.0,0.0,537.0,0.0,苹果,A2104,215.0,537.0,215.0,145.0,0.0,2140339.0,0.0,否,金卡,-1.0,-1.0,-1.0,-1.0,-1
190,1.0,1.0,-1.0,-1.0,1.0,-1.0,-1.0,-1.0,1.0,-1.0,-1.0,-1.0,-1.0,1.0,0.0,9.0,4.0,否,5G,否,0.0,是,0.0,0.0,491.0,0.0,华为,NOH-AN00,56.0,491.0,58.0,33.0,0.0,13913855.0,0.0,是,三星,-1.0,-1.0,-1.0,-1.0,-1
191,1.0,1.0,-1.0,1.0,1.0,1.0,-1.0,1.0,1.0,1.0,1.0,-1.0,-1.0,1.0,38.0,16.0,0.0,否,5G,否,0.0,是,0.0,0.0,208.0,0.0,苹果,A2406,40.0,208.0,40.3,167.0,0.0,15294901.0,0.0,是,三星,-1.0,-1.0,-1.0,-1.0,-1
192,2.0,-1.0,-1.0,-1.0,-1.0,-1.0,-1.0,-1.0,-1.0,-1.0,-1.0,-1.0,-1.0,-1.0,10.0,19.0,1.0,否,4G,否,0.0,是,0.0,0.0,423.0,0.0,华为,HLK-AL00,49.0,423.0,49.0,924.0,0.0,9891757.0,0.0,否,三星,-1.0,-1.0,-1.0,-1.0,-1
193,2.0,-1.0,-1.0,-1.0,-1.0,-1.0,-1.0,-1.0,-1.0,-1.0,-1.0,-1.0,-1.0,-1.0,10.0,48.0,7.0,否,4G,否,0.0,是,0.0,0.0,768.0,0.0,苹果,iPhone 8 Plus A1899,120.0,768.0,120.0,867.0,0.0,21174696.0,0.0,否,银卡,-1.0,-1.0,-1.0,-1.0,-1
194,2.0,-1.0,-1.0,-1.0,-1.0,-1.0,-1.0,-1.0,-1.0,-1.0,-1.0,-1.0,-1.0,-1.0,5.0,58.0,1.0,否,4G,否,0.0,是,0.0,0.0,316.0,0.0,苹果,iPhone 8 Plus A1864,18.2,316.0,18.0,228.0,0.0,605553.0,0.0,否,三星,-1.0,-1.0,-1.0,-1.0,-1
195,2.0,-1.0,-1.0,-1.0,-1.0,-1.0,-1.0,-1.0,-1.0,-1.0,-1.0,-1.0,-1.0,-1.0,0.0,0.0,0.0,否,5G,否,0.0,是,0.0,0.0,137.0,0.0,小米科技,M2012K11AC,0.0,137.0,0.0,94.0,0.0,22859412.0,0.0,是,三星,-1.0,-1.0,-1.0,-1.0,-1
196,1.0,1.0,-1.0,-1.0,-1.0,-1.0,1.0,-1.0,-1.0,-1.0,-1.0,1.0,-1.0,-1.0,0.0,10.0,1.0,否,4G,否,0.0,是,0.0,0.0,206.0,0.0,华为,COR-AL00,96.2,206.0,55.69,211.0,0.0,72354370.0,0.0,否,三星,-1.0,-1.0,-1.0,-1.0,-1
197,2.0,-1.0,-1.0,-1.0,-1.0,-1.0,-1.0,-1.0,-1.0,-1.0,-1.0,-1.0,-1.0,-1.0,7.0,9.0,1.0,否,4G,否,0.0,是,0.0,0.0,891.0,0.0,小米科技,M2102K1C,21.4,891.0,21.29,1182.0,0.0,18798075.0,0.0,否,二星,-1.0,-1.0,-1.0,-1.0,-1
198,1.0,1.0,-1.0,-1.0,-1.0,-1.0,-1.0,-1.0,1.0,1.0,-1.0,1.0,-1.0,-1.0,33.0,9.0,2.0,否,5G,否,0.0,是,0.0,0.0,386.0,0.0,苹果,A2634,0.0,386.0,0.0,124.0,0.0,4187518.0,0.0,是,未评级,-1.0,-1.0,-1.0,-1.0,-1
199,1.0,1.0,1.0,-1.0,-1.0,1.0,-1.0,-1.0,-1.0,-1.0,1.0,1.0,-1.0,1.0,21.0,5.0,11.0,否,5G,否,0.0,是,0.0,0.0,2299.0,0.0,华为,LIO-AN00,128.0,2299.0,128.0,1333.0,0.0,23124586.0,0.0,是,银卡,-1.0,-1.0,-1.0,-1.0,-1
200,1.0,-1.0,-1.0,-1.0,1.0,1.0,-1.0,-1.0,-1.0,-1.0,1.0,1.0,-1.0,1.0,33.0,55.0,9.0,否,5G,否,0.0,是,0.0,0.0,1168.0,0.0,苹果,A2408,158.0,1168.0,128.0,382.0,0.0,24383111.0,0.0,是,银卡,-1.0,-1.0,-1.0,-1.0,-1
201,2.0,-1.0,-1.0,-1.0,-1.0,-1.0,-1.0,-1.0,-1.0,-1.0,-1.0,-1.0,-1.0,-1.0,6.0,14.0,4.0,否,4G,否,0.0,是,0.0,0.0,898.0,0.0,苹果,A2223,102.25,898.0,69.0,367.0,0.0,13778246.0,0.0,否,二星,-1.0,-1.0,-1.0,-1.0,-1
202,1.0,1.0,-1.0,-1.0,-1.0,-1.0,-1.0,-1.0,-1.0,-1.0,1.0,-1.0,-1.0,-1.0,0.0,6.0,0.0,否,4G,否,0.0,是,0.0,0.0,228.0,0.0,华为,ELE-AL00,90.0,228.0,90.0,108.0,0.0,21894437.0,0.0,否,银卡,-1.0,-1.0,-1.0,-1.0,-1
203,1.0,-1.0,-1.0,-1.0,-1.0,1.0,-1.0,-1.0,-1.0,-1.0,-1.0,1.0,1.0,-1.0,0.0,13.0,0.0,否,4G,否,0.0,是,0.0,0.0,682.0,0.0,苹果,A2223,60.2,682.0,60.4,338.0,0.0,12997500.0,0.0,否,三星,-1.0,-1.0,-1.0,-1.0,-1
204,2.0,-1.0,-1.0,-1.0,-1.0,-1.0,-1.0,-1.0,-1.0,-1.0,-1.0,-1.0,-1.0,-1.0,3.0,7.0,0.0,否,4G,否,0.0,是,0.0,0.0,199.0,0.0,华为,YAL-AL10,31.0,199.0,32.0,255.0,0.0,11768040.0,0.0,否,三星,-1.0,-1.0,-1.0,-1.0,-1
205,2.0,-1.0,-1.0,-1.0,-1.0,-1.0,-1.0,-1.0,-1.0,-1.0,-1.0,-1.0,-1.0,-1.0,10.0,0.0,0.0,否,4G,否,0.0,是,0.0,0.0,333.0,0.0,华为,PCT-AL10,10.0,333.0,10.0,216.0,0.0,848036.0,0.0,否,二星,-1.0,-1.0,-1.0,-1.0,-1
206,2.0,-1.0,-1.0,-1.0,-1.0,-1.0,-1.0,-1.0,-1.0,-1.0,-1.0,-1.0,-1.0,-1.0,7.0,4.0,10.0,否,5G,否,0.0,是,0.0,0.0,1983.0,0.0,华为,NOP-AN00,173.0,1983.0,175.0,2449.0,0.0,3661796.0,0.0,是,银卡,-1.0,-1.0,-1.0,-1.0,-1
207,2.0,-1.0,-1.0,-1.0,-1.0,-1.0,-1.0,-1.0,-1.0,-1.0,-1.0,-1.0,-1.0,-1.0,4.0,23.0,5.0,否,5G,否,116.05,是,2.4,0.0,351.0,0.0,苹果,A2644,143.67,351.0,112.59,171.0,0.0,51041182.0,0.0,是,银卡,-1.0,-1.0,-1.0,-1.0,-1
208,2.0,-1.0,-1.0,-1.0,-1.0,-1.0,-1.0,-1.0,-1.0,-1.0,-1.0,-1.0,-1.0,-1.0,1.0,21.0,9.0,否,4G,否,0.0,是,0.0,0.0,730.0,0.0,华为,ANA-AN00,60.8,730.0,60.6,438.0,0.0,13120346.0,0.0,否,三星,-1.0,-1.0,-1.0,-1.0,-1
209,1.0,-1.0,-1.0,1.0,-1.0,1.0,1.0,1.0,-1.0,-1.0,-1.0,1.0,-1.0,1.0,9.0,6.0,4.0,否,5G,否,0.0,是,0.0,0.0,890.0,0.0,步步高,V1938T,226.9,890.0,226.9,492.0,0.0,81053997.0,0.0,是,金卡,-1.0,-1.0,-1.0,-1.0,-1
210,1.0,1.0,-1.0,-1.0,-1.0,1.0,-1.0,-1.0,1.0,-1.0,-1.0,-1.0,-1.0,1.0,2.0,32.0,3.0,否,4G,否,0.0,是,0.0,0.0,670.0,0.0,苹果,iPhone X A1865,110.75,670.0,110.6,301.0,0.0,9064437.0,0.0,否,银卡,-1.0,-1.0,-1.0,-1.0,-1
211,1.0,-1.0,-1.0,-1.0,-1.0,-1.0,1.0,-1.0,-1.0,-1.0,1.0,1.0,-1.0,1.0,0.0,2.0,0.0,否,5G,否,0.0,是,0.0,0.0,221.0,0.0,步步高,V2057A,73.6,221.0,43.6,54.0,0.0,41949647.0,0.0,是,三星,-1.0,-1.0,-1.0,-1.0,-1
212,2.0,-1.0,-1.0,-1.0,-1.0,-1.0,-1.0,-1.0,-1.0,-1.0,-1.0,-1.0,-1.0,-1.0,3.0,2.0,0.0,否,4G,否,0.0,是,0.0,0.0,162.0,0.0,华为,BKL-AL20,23.0,162.0,23.0,109.0,0.0,4106726.0,0.0,否,三星,-1.0,-1.0,-1.0,-1.0,-1
213,1.0,1.0,1.0,-1.0,-1.0,-1.0,-1.0,-1.0,-1.0,-1.0,1.0,1.0,-1.0,1.0,31.0,11.0,0.0,否,4G,是,0.0,是,0.0,0.0,542.0,0.0,苹果,iPhone X A1901,35.0,542.0,35.0,300.0,0.0,2068981.0,0.0,否,三星,-1.0,-1.0,-1.0,-1.0,-1
214,2.0,-1.0,-1.0,-1.0,-1.0,-1.0,-1.0,-1.0,-1.0,-1.0,-1.0,-1.0,-1.0,-1.0,0.0,10.0,1.0,否,4G,否,6.81,是,0.58,0.0,273.0,0.0,苹果,iPhone 6 A1586,18.58,273.0,18.0,107.0,0.0,142965.0,0.0,否,三星,-1.0,-1.0,-1.0,-1.0,-1
215,2.0,-1.0,-1.0,-1.0,-1.0,-1.0,-1.0,-1.0,-1.0,-1.0,-1.0,-1.0,-1.0,-1.0,6.0,37.0,1.0,否,4G,否,0.0,是,0.0,0.0,1185.0,0.0,欧珀,PCAM00,29.6,1185.0,37.1,1841.0,0.0,15731713.0,0.0,否,三星,-1.0,-1.0,-1.0,-1.0,-1
216,1.0,1.0,1.0,1.0,1.0,1.0,1.0,1.0,1.0,1.0,1.0,1.0,-1.0,1.0,34.0,42.0,2.0,否,4G,否,0.0,是,0.0,0.0,862.0,0.0,苹果,A2223,74.55,862.0,60.0,712.0,0.0,27702711.0,0.0,否,三星,-1.0,-1.0,-1.0,-1.0,1
217,2.0,-1.0,-1.0,-1.0,-1.0,-1.0,-1.0,-1.0,-1.0,-1.0,-1.0,-1.0,-1.0,-1.0,4.0,7.0,1.0,否,4G,否,124.76,是,30.0,0.0,277.0,0.0,苹果,iPhone XS MAX (A1921),92.9,277.0,58.0,125.0,0.0,25687921.0,0.0,否,三星,-1.0,-1.0,-1.0,-1.0,-1
218,1.0,1.0,-1.0,-1.0,1.0,-1.0,-1.0,-1.0,-1.0,1.0,1.0,1.0,-1.0,-1.0,0.0,9.0,0.0,否,4G,否,0.0,是,0.0,0.0,242.0,0.0,苹果,A2104,89.9,242.0,90.5,283.0,0.0,10344301.0,0.0,否,三星,-1.0,-1.0,-1.0,-1.0,-1
219,2.0,-1.0,-1.0,-1.0,-1.0,-1.0,-1.0,-1.0,-1.0,-1.0,-1.0,-1.0,-1.0,-1.0,19.0,17.0,0.0,否,4G,否,0.0,是,0.0,0.0,364.0,0.0,苹果,A2104,109.3,364.0,109.1,154.0,0.0,2729738.0,0.0,否,三星,-1.0,-1.0,-1.0,-1.0,-1
220,1.0,1.0,1.0,-1.0,-1.0,-1.0,-1.0,-1.0,1.0,-1.0,1.0,-1.0,-1.0,-1.0,2.0,1.0,8.0,否,5G,否,0.0,是,0.0,0.0,833.0,0.0,华为,HJC-AN90,66.15,833.0,66.0,556.0,0.0,18587570.0,0.0,是,三星,-1.0,-1.0,-1.0,-1.0,-1
221,1.0,1.0,1.0,-1.0,1.0,1.0,-1.0,-1.0,-1.0,1.0,-1.0,1.0,1.0,-1.0,15.0,69.0,11.0,否,5G,否,0.0,是,0.0,0.0,2570.0,0.0,苹果,A2639,261.68,2570.0,94.0,324.0,0.0,14004867.0,0.0,是,三星,-1.0,-1.0,-1.0,-1.0,-1
222,1.0,-1.0,-1.0,-1.0,-1.0,-1.0,1.0,-1.0,-1.0,-1.0,1.0,-1.0,-1.0,1.0,33.0,20.0,0.0,否,4G,否,0.0,是,0.0,0.09375,640.0,60.0,万普,ONEPLUS A5000,68.0,640.0,68.0,127.0,0.920655282348612,23621207.0,21746989.0,否,三星,-1.0,-1.0,-1.0,-1.0,-1
223,1.0,1.0,1.0,-1.0,1.0,1.0,1.0,-1.0,1.0,-1.0,1.0,1.0,-1.0,1.0,3.0,4.0,0.0,否,4G,否,0.0,是,0.0,0.0,208.0,0.0,华为,ELS-AN00,54.84,208.0,55.0,192.0,0.0,22188527.0,0.0,否,三星,-1.0,-1.0,-1.0,-1.0,-1
224,2.0,-1.0,-1.0,-1.0,-1.0,-1.0,-1.0,-1.0,-1.0,-1.0,-1.0,-1.0,-1.0,-1.0,2.0,10.0,1.0,否,4G,否,0.0,是,0.0,0.0,520.0,0.0,华为,NOH-AN01,43.0,520.0,43.0,214.0,0.0,10265522.0,0.0,否,三星,-1.0,-1.0,-1.0,-1.0,-1
225,1.0,-1.0,1.0,-1.0,-1.0,1.0,-1.0,-1.0,-1.0,-1.0,1.0,-1.0,-1.0,1.0,4.0,0.0,0.0,否,4G,否,0.0,是,0.0,0.0,1198.0,0.0,华为,TAS-AN00,89.82,1198.0,60.0,412.0,0.0,29006266.0,0.0,否,三星,-1.0,-1.0,-1.0,-1.0,-1
226,1.0,-1.0,1.0,-1.0,-1.0,1.0,-1.0,-1.0,-1.0,-1.0,-1.0,1.0,-1.0,-1.0,10.0,9.0,4.0,否,4G,否,0.0,是,0.0,0.0,232.0,0.0,华为,LYA-AL00,163.8,232.0,172.86,207.0,0.0,240919.0,0.0,否,银卡,-1.0,-1.0,-1.0,-1.0,-1
227,2.0,-1.0,-1.0,-1.0,-1.0,-1.0,-1.0,-1.0,-1.0,-1.0,-1.0,-1.0,-1.0,-1.0,5.0,6.0,0.0,否,4G,否,0.0,是,0.0,0.0,119.0,0.0,华为,KOZ-AL00,33.6,119.0,30.0,46.0,0.0,20933088.0,0.0,否,三星,-1.0,-1.0,-1.0,-1.0,-1
228,1.0,1.0,-1.0,-1.0,-1.0,-1.0,-1.0,-1.0,-1.0,1.0,1.0,1.0,-1.0,-1.0,100.0,12.0,1.0,否,4G,否,0.0,是,0.0,0.0,471.0,0.0,华为,ELS-AN10,96.0,471.0,96.0,280.0,0.0,6453750.0,0.0,否,三星,-1.0,-1.0,-1.0,-1.0,-1
229,1.0,-1.0,1.0,-1.0,-1.0,-1.0,-1.0,-1.0,-1.0,-1.0,-1.0,1.0,-1.0,-1.0,1.0,0.0,0.0,否,4G,否,0.0,是,0.0,0.0,176.0,0.0,华为,LIO-AN00,46.0,176.0,46.0,50.0,0.0,1574.0,0.0,否,三星,-1.0,-1.0,-1.0,-1.0,-1
230,1.0,1.0,1.0,-1.0,-1.0,1.0,-1.0,1.0,-1.0,-1.0,1.0,1.0,-1.0,1.0,14.0,16.0,3.0,否,4G,否,0.0,是,0.0,0.0,228.0,0.0,华为,NOH-AL10,60.0,228.0,76.0,159.0,0.0,5097774.0,0.0,否,三星,-1.0,-1.0,-1.0,-1.0,-1
231,1.0,-1.0,-1.0,-1.0,-1.0,1.0,1.0,1.0,-1.0,-1.0,1.0,1.0,-1.0,1.0,9.0,12.0,0.0,否,4G,否,0.0,是,0.0,0.0,283.0,0.0,华为,ELE-AL00,80.0,283.0,80.0,178.0,0.0,3948084.0,0.0,否,三星,-1.0,-1.0,-1.0,-1.0,-1
232,2.0,-1.0,-1.0,-1.0,-1.0,-1.0,-1.0,-1.0,-1.0,-1.0,-1.0,-1.0,-1.0,-1.0,0.0,0.0,0.0,否,5G,否,0.0,是,0.0,0.0,188.0,0.0,华为,ANA-AN00,70.0,188.0,70.0,449.0,0.0,15923382.0,0.0,是,三星,-1.0,-1.0,-1.0,-1.0,-1
233,2.0,-1.0,-1.0,-1.0,-1.0,-1.0,-1.0,-1.0,-1.0,-1.0,-1.0,-1.0,-1.0,-1.0,10.0,6.0,0.0,否,4G,否,0.0,是,0.0,0.0,290.0,0.0,华为,TAS-AL00,60.05,290.0,59.0,57.0,0.0,19391466.0,0.0,否,三星,-1.0,-1.0,-1.0,-1.0,-1
234,2.0,-1.0,-1.0,-1.0,-1.0,-1.0,-1.0,-1.0,-1.0,-1.0,-1.0,-1.0,-1.0,-1.0,42.0,30.0,3.0,否,5G,否,0.0,是,0.0,0.0,800.0,0.0,华为,NOH-AN00,107.4,800.0,90.0,210.0,0.0,14911321.0,0.0,是,银卡,-1.0,-1.0,-1.0,-1.0,-1
235,1.0,1.0,-1.0,-1.0,-1.0,-1.0,-1.0,-1.0,1.0,-1.0,-1.0,-1.0,-1.0,-1.0,1.0,14.0,0.0,否,4G,否,0.0,是,0.0,0.0,142.0,0.0,华为,VOG-AL10,48.0,142.0,48.0,114.0,0.0,2415080.0,0.0,否,三星,-1.0,-1.0,-1.0,-1.0,-1
236,1.0,1.0,-1.0,-1.0,-1.0,-1.0,-1.0,-1.0,1.0,1.0,1.0,1.0,-1.0,-1.0,0.0,0.0,0.0,否,2G,否,0.0,否,0.0,0.0,237.0,0.0,苹果,A2108,27.93,237.0,19.0,94.0,0.0,43.0,0.0,否,三星,-1.0,-1.0,-1.0,-1.0,-1
237,2.0,-1.0,-1.0,-1.0,-1.0,-1.0,-1.0,-1.0,-1.0,-1.0,-1.0,-1.0,-1.0,-1.0,1.0,13.0,0.0,否,4G,否,0.0,是,0.0,0.0,199.0,0.0,华为,YAL-AL50,235.0,199.0,236.3,287.0,0.0,7053752.0,0.0,否,金卡,-1.0,-1.0,-1.0,-1.0,-1
238,2.0,-1.0,-1.0,-1.0,-1.0,-1.0,-1.0,-1.0,-1.0,-1.0,-1.0,-1.0,-1.0,-1.0,0.0,12.0,0.0,否,5G,否,22.11,是,6.38,0.0,157.0,0.0,三星,SM-A9080,16.88,157.0,30.0,104.0,0.0,196234.0,0.0,是,三星,-1.0,-1.0,-1.0,-1.0,-1
239,1.0,1.0,1.0,-1.0,-1.0,1.0,1.0,-1.0,-1.0,1.0,1.0,1.0,-1.0,1.0,0.0,10.0,2.0,否,4G,否,0.0,是,0.0,0.0,431.0,0.0,步步高,V1829A,198.0,431.0,140.0,486.0,0.0,19367809.0,0.0,否,银卡,-1.0,-1.0,-1.0,-1.0,-1
240,1.0,1.0,1.0,-1.0,-1.0,-1.0,1.0,-1.0,1.0,-1.0,-1.0,1.0,-1.0,1.0,6.0,3.0,3.0,否,5G,否,0.0,是,0.0,0.0,561.0,0.0,华为,OCE-AN10,105.0,561.0,115.0,108.0,0.00366815535894647,31093285.0,114055.0,是,银卡,-1.0,-1.0,-1.0,-1.0,-1
241,1.0,1.0,1.0,-1.0,-1.0,-1.0,-1.0,-1.0,-1.0,1.0,1.0,-1.0,-1.0,-1.0,6.0,51.0,8.0,否,4G,否,0.0,是,0.0,0.0,1998.0,0.0,苹果,A2100,373.2,1998.0,374.8,1557.0,0.0,920262.0,0.0,否,白金卡,-1.0,-1.0,-1.0,-1.0,-1
242,1.0,1.0,-1.0,-1.0,-1.0,-1.0,-1.0,-1.0,-1.0,-1.0,1.0,-1.0,-1.0,1.0,2.0,15.0,0.0,否,4G,否,0.0,是,0.0,0.0,212.0,0.0,华为,POT-AL00a,7.88,212.0,5.6,180.0,0.0,369951.0,0.0,否,二星,-1.0,-1.0,-1.0,-1.0,-1
243,2.0,-1.0,-1.0,-1.0,-1.0,-1.0,-1.0,-1.0,-1.0,-1.0,-1.0,-1.0,-1.0,-1.0,13.0,8.0,1.0,否,4G,否,0.0,是,0.0,0.0,204.0,0.0,苹果,iPhone 6S A1700,65.0,204.0,65.0,211.0,0.0,9724009.0,0.0,否,三星,-1.0,-1.0,-1.0,-1.0,-1
244,1.0,1.0,-1.0,-1.0,-1.0,-1.0,-1.0,-1.0,1.0,-1.0,-1.0,-1.0,-1.0,-1.0,45.0,0.0,0.0,否,4G,否,5.07,是,2.03,0.0,169.0,0.0,小米科技,M2003J15SC,2.03,169.0,0.0,110.0,0.0,157117.0,0.0,否,二星,-1.0,-1.0,-1.0,-1.0,-1
245,1.0,-1.0,-1.0,1.0,-1.0,-1.0,-1.0,-1.0,1.0,-1.0,-1.0,-1.0,-1.0,-1.0,2.0,0.0,0.0,否,4G,否,33.77,是,9.28,0.0,157.0,0.0,苹果,A2223,20.8,157.0,9.0,98.0,0.0,10529653.0,0.0,否,一星,-1.0,-1.0,-1.0,-1.0,-1
246,2.0,-1.0,-1.0,-1.0,-1.0,-1.0,-1.0,-1.0,-1.0,-1.0,-1.0,-1.0,-1.0,-1.0,0.0,0.0,1.0,否,5G,否,0.0,是,0.0,0.0,186.0,0.0,华为,LIO-AN00,75.0,186.0,75.0,243.0,0.0,11899243.0,0.0,是,三星,-1.0,-1.0,-1.0,-1.0,-1
247,1.0,-1.0,1.0,-1.0,-1.0,-1.0,-1.0,-1.0,-1.0,-1.0,-1.0,-1.0,-1.0,-1.0,18.0,2.0,1.0,否,4G,否,0.0,是,0.0,0.0,146.0,0.0,小米科技,M2010J19SC,14.3,146.0,17.8,130.0,0.0,722022.0,0.0,否,三星,-1.0,-1.0,-1.0,-1.0,1
248,1.0,-1.0,-1.0,-1.0,-1.0,1.0,-1.0,-1.0,1.0,1.0,-1.0,-1.0,-1.0,1.0,3.0,15.0,0.0,否,4G,否,0.0,是,0.0,0.0,270.0,0.0,苹果,A2404,60.0,270.0,52.7,326.0,0.0,35362801.0,0.0,否,三星,-1.0,-1.0,-1.0,-1.0,-1
249,1.0,1.0,-1.0,-1.0,-1.0,-1.0,-1.0,-1.0,-1.0,-1.0,1.0,-1.0,-1.0,1.0,4.0,12.0,2.0,否,4G,否,0.0,是,0.0,0.0,385.0,0.0,华为,AQM-AL10,105.95,385.0,95.2,232.0,0.0,22199760.0,0.0,否,银卡,-1.0,-1.0,-1.0,-1.0,-1
250,1.0,-1.0,-1.0,-1.0,-1.0,-1.0,1.0,-1.0,-1.0,1.0,-1.0,1.0,-1.0,-1.0,1.0,51.0,29.0,否,4G,否,0.0,是,0.0,0.0,828.0,0.0,华为,PPA-AL20,218.0,828.0,218.0,943.0,0.0,31216879.0,0.0,否,金卡,-1.0,-1.0,-1.0,-1.0,-1
251,1.0,1.0,1.0,-1.0,-1.0,-1.0,-1.0,1.0,-1.0,-1.0,1.0,-1.0,-1.0,1.0,20.0,4.0,2.0,否,4G,否,0.0,是,0.0,0.0,130.0,0.0,华为,LYA-AL10,60.0,130.0,70.0,141.0,0.0,584196.0,0.0,否,三星,-1.0,-1.0,-1.0,-1.0,-1
252,1.0,1.0,-1.0,-1.0,-1.0,-1.0,1.0,-1.0,-1.0,1.0,-1.0,-1.0,-1.0,-1.0,11.0,0.0,0.0,否,4G,是,0.0,是,0.0,0.0,245.0,0.0,小米科技,MEE7S,45.17,245.0,44.02,226.0,0.00204154423819424,5349382.0,10921.0,否,三星,-1.0,-1.0,-1.0,-1.0,-1
253,1.0,-1.0,-1.0,-1.0,-1.0,-1.0,-1.0,-1.0,-1.0,-1.0,1.0,1.0,-1.0,-1.0,0.0,3.0,1.0,否,5G,否,117.46,是,0.87,0.0,188.0,0.0,小米科技,M2102J2SC,38.87,188.0,44.2,271.0,0.0,21007373.0,0.0,是,三星,1.0,-1.0,-1.0,-1.0,-1
254,1.0,-1.0,-1.0,-1.0,-1.0,-1.0,1.0,-1.0,-1.0,-1.0,-1.0,1.0,-1.0,-1.0,3.0,48.0,2.0,否,4G,否,0.0,是,0.0,0.0,1609.0,0.0,华为,SEA-AL10,72.0,1609.0,72.5,916.0,0.0,6220908.0,0.0,否,三星,-1.0,-1.0,-1.0,-1.0,-1
255,1.0,1.0,-1.0,-1.0,-1.0,-1.0,-1.0,-1.0,-1.0,1.0,1.0,-1.0,-1.0,-1.0,3.0,8.0,0.0,否,4G,否,0.0,是,0.0,0.0,229.0,0.0,华为,AQM-AL10,13.0,229.0,8.0,174.0,0.0,4576741.0,0.0,否,三星,-1.0,-1.0,-1.0,-1.0,-1
256,2.0,-1.0,-1.0,-1.0,-1.0,-1.0,-1.0,-1.0,-1.0,-1.0,-1.0,-1.0,-1.0,-1.0,2.0,6.0,0.0,否,4G,否,0.0,是,0.0,0.0,228.0,0.0,苹果,A2634,60.56,228.0,55.6,123.0,0.0,43552440.0,0.0,否,三星,-1.0,-1.0,-1.0,-1.0,-1
257,1.0,-1.0,-1.0,-1.0,-1.0,1.0,-1.0,-1.0,-1.0,-1.0,-1.0,1.0,1.0,-1.0,5.0,0.0,0.0,否,5G,否,0.0,是,0.0,0.0,130.0,0.0,华为,LIO-AN00,158.0,130.0,158.0,451.0,0.0,65309946.0,0.0,是,银卡,-1.0,-1.0,-1.0,-1.0,-1
258,1.0,-1.0,-1.0,-1.0,-1.0,1.0,-1.0,-1.0,-1.0,-1.0,-1.0,1.0,1.0,1.0,5.0,10.0,0.0,否,5G,否,0.0,是,0.0,0.0,289.0,0.0,欧珀,PENM00,72.0,289.0,60.0,177.0,0.0,5178575.0,0.0,是,三星,-1.0,-1.0,-1.0,-1.0,-1
259,2.0,-1.0,-1.0,-1.0,-1.0,-1.0,-1.0,-1.0,-1.0,-1.0,-1.0,-1.0,-1.0,-1.0,14.0,4.0,2.0,否,4G,否,0.0,是,0.0,0.0,168.0,0.0,华为,CLT-AL01,12.1,168.0,14.0,136.0,0.0,7999526.0,0.0,否,二星,-1.0,-1.0,-1.0,-1.0,-1
260,2.0,-1.0,-1.0,-1.0,-1.0,-1.0,-1.0,-1.0,-1.0,-1.0,-1.0,-1.0,-1.0,-1.0,10.0,2.0,0.0,否,5G,否,0.0,是,0.0,0.0,129.0,0.0,小米科技,M2006J10C,25.0,129.0,25.0,99.0,0.0,11109771.0,0.0,是,一星,-1.0,-1.0,-1.0,-1.0,-1
261,1.0,-1.0,-1.0,-1.0,-1.0,-1.0,1.0,-1.0,-1.0,-1.0,1.0,-1.0,-1.0,-1.0,82.0,1.0,0.0,否,5G,否,87.54,是,2.67,0.0,562.0,0.0,苹果,A2412,2.67,562.0,0.0,799.0,6.5370467266956e-08,61189711.0,4.0,是,银卡,-1.0,-1.0,-1.0,-1.0,-1
262,2.0,-1.0,-1.0,-1.0,-1.0,-1.0,-1.0,-1.0,-1.0,-1.0,-1.0,-1.0,-1.0,-1.0,13.0,7.0,0.0,否,5G,否,0.0,是,0.0,0.0,259.0,0.0,苹果,A2639,21.0,259.0,21.0,97.0,0.0,6907436.0,0.0,是,二星,-1.0,-1.0,-1.0,-1.0,-1
263,1.0,-1.0,1.0,-1.0,-1.0,-1.0,-1.0,-1.0,-1.0,1.0,-1.0,1.0,-1.0,-1.0,38.0,8.0,2.0,否,5G,否,520.11,是,80.0,0.0,236.0,0.0,苹果,A2408,138.0,236.0,80.0,185.0,0.0,5465948.0,0.0,是,三星,-1.0,-1.0,-1.0,-1.0,-1
264,2.0,-1.0,-1.0,-1.0,-1.0,-1.0,-1.0,-1.0,-1.0,-1.0,-1.0,-1.0,-1.0,-1.0,7.0,78.0,14.0,否,4G,否,0.0,是,0.0,0.0,3007.0,0.0,万普,GM1910,237.3,3007.0,235.2,1943.0,0.0,47863791.0,0.0,否,金卡,-1.0,-1.0,-1.0,-1.0,-1
265,2.0,-1.0,-1.0,-1.0,-1.0,-1.0,-1.0,-1.0,-1.0,-1.0,-1.0,-1.0,-1.0,-1.0,37.0,32.0,17.0,否,4G,否,0.0,是,0.0,0.0,513.0,0.0,华为,JKM-AL00,121.0,513.0,109.9,441.0,0.0,17425355.0,0.0,否,银卡,-1.0,-1.0,-1.0,-1.0,-1
266,2.0,-1.0,-1.0,-1.0,-1.0,-1.0,-1.0,-1.0,-1.0,-1.0,-1.0,-1.0,-1.0,-1.0,10.0,1.0,2.0,否,5G,否,0.0,是,0.0,0.0,1989.0,0.0,三星,SM-N9810,68.0,1989.0,69.0,2016.0,0.0,2523122.0,0.0,是,三星,-1.0,-1.0,-1.0,-1.0,-1
267,2.0,-1.0,-1.0,-1.0,-1.0,-1.0,-1.0,-1.0,-1.0,-1.0,-1.0,-1.0,-1.0,-1.0,19.0,4.0,3.0,否,4G,否,240.72,是,60.0,0.0,296.0,0.0,三星,SM-G9730,121.31,296.0,55.0,36.0,0.0,17010699.0,0.0,否,三星,-1.0,-1.0,-1.0,-1.0,-1
268,2.0,-1.0,-1.0,-1.0,-1.0,-1.0,-1.0,-1.0,-1.0,-1.0,-1.0,-1.0,-1.0,-1.0,4.0,25.0,1.0,否,4G,否,0.0,是,0.0,0.0,428.0,0.0,步步高,V2046A,56.0,428.0,56.15,258.0,0.0,12402399.0,0.0,否,三星,-1.0,-1.0,-1.0,-1.0,-1
269,2.0,-1.0,-1.0,-1.0,-1.0,-1.0,-1.0,-1.0,-1.0,-1.0,-1.0,-1.0,-1.0,-1.0,1.0,3.0,1.0,否,5G,否,0.0,是,0.0,0.0,327.0,0.0,华为,NOH-AN01,115.0,327.0,115.0,134.0,0.0,43367347.0,0.0,是,银卡,-1.0,-1.0,-1.0,-1.0,-1
270,2.0,-1.0,-1.0,-1.0,-1.0,-1.0,-1.0,-1.0,-1.0,-1.0,-1.0,-1.0,-1.0,-1.0,15.0,4.0,1.0,否,4G,否,0.0,是,0.0,0.0,241.0,0.0,苹果,iPhone 6 Plus A1524,31.9,241.0,65.9,263.0,0.0,59145374.0,0.0,否,准星,-1.0,-1.0,-1.0,-1.0,-1
271,1.0,1.0,-1.0,-1.0,-1.0,1.0,-1.0,-1.0,-1.0,1.0,1.0,1.0,1.0,-1.0,16.0,20.0,1.0,否,4G,否,163.79,是,32.0,0.0,510.0,0.0,苹果,A2108,70.4,510.0,43.6,193.0,0.0,40558156.0,0.0,否,准星,-1.0,-1.0,-1.0,-1.0,-1
272,1.0,1.0,-1.0,-1.0,-1.0,-1.0,-1.0,-1.0,-1.0,-1.0,1.0,-1.0,-1.0,1.0,0.0,3.0,0.0,否,4G,否,0.0,是,0.0,0.0,209.0,0.0,小米科技,M2003J15SC,35.0,209.0,25.0,210.0,0.0,3342221.0,0.0,否,三星,-1.0,-1.0,-1.0,-1.0,-1
273,1.0,-1.0,-1.0,-1.0,-1.0,1.0,-1.0,-1.0,1.0,1.0,-1.0,-1.0,-1.0,1.0,30.0,5.0,0.0,否,5G,否,0.0,是,0.0,0.0,283.0,0.0,华为,JEF-AN00,90.0,283.0,90.0,209.0,0.0,7437211.0,0.0,是,三星,1.0,-1.0,-1.0,-1.0,-1
274,1.0,1.0,1.0,-1.0,-1.0,1.0,-1.0,1.0,1.0,-1.0,1.0,-1.0,-1.0,-1.0,7.0,19.0,0.0,否,4G,否,0.0,是,0.0,0.0,580.0,0.0,苹果,iPhone X A1865,60.0,580.0,60.0,487.0,0.0,7465826.0,0.0,否,三星,-1.0,-1.0,-1.0,-1.0,-1
275,1.0,-1.0,1.0,-1.0,-1.0,-1.0,-1.0,-1.0,1.0,-1.0,-1.0,-1.0,-1.0,-1.0,21.0,22.0,9.0,否,5G,否,0.0,是,0.0,0.0,911.0,0.0,苹果,A2639,58.0,911.0,65.0,295.0,0.0,15275965.0,0.0,是,三星,-1.0,-1.0,-1.0,-1.0,-1
276,1.0,1.0,-1.0,-1.0,-1.0,1.0,-1.0,-1.0,-1.0,1.0,1.0,1.0,-1.0,-1.0,0.0,11.0,2.0,否,4G,否,0.0,是,0.0,0.0,203.0,0.0,华为,ALP-AL00,41.4,203.0,40.0,68.0,5.52110023296282e-07,47092063.0,26.0,否,三星,-1.0,-1.0,-1.0,-1.0,1
277,1.0,1.0,1.0,-1.0,-1.0,-1.0,-1.0,1.0,-1.0,1.0,1.0,1.0,-1.0,1.0,7.0,0.0,1.0,否,5G,否,0.0,是,0.0,0.0,2311.0,0.0,华为,NOH-AN00,100.07,2311.0,97.79,1888.0,0.0,19806308.0,0.0,是,银卡,-1.0,-1.0,-1.0,-1.0,-1
278,2.0,-1.0,-1.0,-1.0,-1.0,-1.0,-1.0,-1.0,-1.0,-1.0,-1.0,-1.0,-1.0,-1.0,4.0,7.0,0.0,否,4G,否,0.0,是,0.0,0.0,390.0,0.0,华为,LYA-AL00,148.3,390.0,48.8,227.0,0.0,57093295.0,0.0,否,三星,-1.0,-1.0,-1.0,-1.0,-1
279,2.0,-1.0,-1.0,-1.0,-1.0,-1.0,-1.0,-1.0,-1.0,-1.0,-1.0,-1.0,-1.0,-1.0,0.0,8.0,0.0,否,4G,否,0.0,是,0.0,0.0,160.0,0.0,万普,GM1910,188.0,160.0,188.0,184.0,0.0,25305415.0,0.0,否,银卡,-1.0,-1.0,-1.0,-1.0,-1
280,1.0,-1.0,1.0,-1.0,-1.0,-1.0,-1.0,-1.0,-1.0,-1.0,-1.0,1.0,-1.0,1.0,33.0,4.0,2.0,否,5G,否,12.0,是,1.45,0.0,640.0,0.0,华为,TAS-AN00,30.45,640.0,29.2,413.0,0.0,332140.0,0.0,是,三星,-1.0,-1.0,-1.0,-1.0,-1
281,1.0,1.0,-1.0,-1.0,-1.0,-1.0,-1.0,-1.0,1.0,-1.0,-1.0,-1.0,-1.0,-1.0,20.0,16.0,0.0,否,5G,否,0.0,是,0.0,0.0,255.0,0.0,华为,TAS-AN00,116.29,255.0,141.0,208.0,0.0,2245901.0,0.0,是,银卡,-1.0,-1.0,-1.0,-1.0,-1
282,1.0,1.0,-1.0,-1.0,-1.0,-1.0,-1.0,-1.0,-1.0,-1.0,-1.0,-1.0,-1.0,-1.0,0.0,0.0,0.0,否,2G,否,0.0,否,0.0,0.0,352.0,0.0,华为,DUK-AL20,0.0,352.0,0.0,210.0,0.0,24.0,0.0,否,三星,-1.0,-1.0,-1.0,-1.0,1
283,1.0,-1.0,-1.0,-1.0,-1.0,-1.0,1.0,-1.0,-1.0,-1.0,-1.0,1.0,-1.0,1.0,11.0,8.0,3.0,否,5G,是,0.0,是,0.0,0.0,188.0,0.0,苹果,A2412,45.0,188.0,45.0,74.0,0.0,7517849.0,0.0,是,三星,-1.0,-1.0,-1.0,-1.0,-1
284,1.0,1.0,-1.0,-1.0,-1.0,-1.0,1.0,-1.0,1.0,1.0,-1.0,1.0,-1.0,-1.0,17.0,60.0,6.0,否,4G,否,0.0,是,0.0,0.0,788.0,0.0,苹果,A2223,79.4,788.0,79.1,772.0,0.0,27517416.0,0.0,否,银卡,-1.0,-1.0,-1.0,-1.0,-1
285,2.0,-1.0,-1.0,-1.0,-1.0,-1.0,-1.0,-1.0,-1.0,-1.0,-1.0,-1.0,-1.0,-1.0,0.0,25.0,1.0,否,5G,否,0.0,是,0.0,0.0,481.0,0.0,华为,LIO-AN00,88.0,481.0,156.0,268.0,0.0,892190.0,0.0,是,银卡,-1.0,-1.0,-1.0,-1.0,-1
286,2.0,-1.0,-1.0,-1.0,-1.0,-1.0,-1.0,-1.0,-1.0,-1.0,-1.0,-1.0,-1.0,-1.0,12.0,0.0,0.0,否,4G,否,0.0,是,0.0,0.0,276.0,0.0,华为,HMA-AL00,95.0,276.0,95.0,217.0,0.0,16271114.0,0.0,否,银卡,-1.0,-1.0,-1.0,-1.0,-1
287,1.0,1.0,-1.0,-1.0,1.0,-1.0,-1.0,-1.0,1.0,-1.0,-1.0,1.0,-1.0,-1.0,17.0,9.0,3.0,否,5G,否,0.0,是,0.0,0.0,173.0,0.0,苹果,A2644,90.09,173.0,89.33,152.0,0.0,17842275.0,0.0,是,三星,-1.0,-1.0,-1.0,-1.0,-1
288,2.0,-1.0,-1.0,-1.0,-1.0,-1.0,-1.0,-1.0,-1.0,-1.0,-1.0,-1.0,-1.0,-1.0,0.0,1.0,0.0,否,4G,否,0.0,是,0.0,0.0,237.0,0.0,中兴,NX531J,16.3,237.0,16.0,61.0,0.0,476084.0,0.0,否,三星,-1.0,-1.0,-1.0,-1.0,-1
289,1.0,1.0,-1.0,-1.0,-1.0,-1.0,-1.0,-1.0,1.0,1.0,-1.0,1.0,-1.0,-1.0,1.0,5.0,4.0,否,4G,否,0.0,是,0.0,0.0,540.0,0.0,苹果,A2223,29.81,540.0,37.31,294.0,0.0,14852629.0,0.0,否,二星,-1.0,-1.0,-1.0,-1.0,-1
290,2.0,-1.0,-1.0,-1.0,-1.0,-1.0,-1.0,-1.0,-1.0,-1.0,-1.0,-1.0,-1.0,-1.0,1.0,3.0,0.0,否,4G,否,0.0,是,0.0,0.0,153.0,0.0,苹果,iPhone 8 A1863,25.0,153.0,25.1,62.0,0.0,5437741.0,0.0,否,银卡,-1.0,-1.0,-1.0,-1.0,-1
291,1.0,1.0,-1.0,-1.0,-1.0,-1.0,-1.0,-1.0,-1.0,-1.0,-1.0,-1.0,-1.0,1.0,1.0,26.0,1.0,否,4G,否,0.0,是,0.0,0.0,273.0,0.0,苹果,A2408,65.0,273.0,59.0,109.0,0.0,46622345.0,0.0,否,三星,-1.0,-1.0,-1.0,-1.0,-1
292,2.0,-1.0,-1.0,-1.0,-1.0,-1.0,-1.0,-1.0,-1.0,-1.0,-1.0,-1.0,-1.0,-1.0,24.0,14.0,2.0,否,4G,否,0.0,是,0.0,0.0,309.0,0.0,苹果,A2223,121.0,309.0,121.0,179.0,0.0,36736481.0,0.0,否,三星,-1.0,-1.0,-1.0,-1.0,-1
293,2.0,-1.0,-1.0,-1.0,-1.0,-1.0,-1.0,-1.0,-1.0,-1.0,-1.0,-1.0,-1.0,-1.0,6.0,4.0,0.0,否,5G,否,0.0,是,0.0,0.0,348.0,0.0,华为,JER-AN20,90.0,348.0,90.0,470.0,0.0,34194391.0,0.0,是,三星,-1.0,-1.0,-1.0,-1.0,-1
294,2.0,-1.0,-1.0,-1.0,-1.0,-1.0,-1.0,-1.0,-1.0,-1.0,-1.0,-1.0,-1.0,-1.0,80.0,7.0,2.0,否,4G,否,0.0,是,0.0,0.0,259.0,0.0,华为,FLA-AL20,43.0,259.0,43.0,207.0,0.0,9260700.0,0.0,否,三星,-1.0,-1.0,-1.0,-1.0,-1
295,2.0,-1.0,-1.0,-1.0,-1.0,-1.0,-1.0,-1.0,-1.0,-1.0,-1.0,-1.0,-1.0,-1.0,0.0,2.0,0.0,否,4G,否,54.4,是,13.48,0.0,573.0,0.0,华为,AQM-AL10,38.0,573.0,38.0,155.0,0.0,3059137.0,0.0,否,一星,-1.0,-1.0,-1.0,-1.0,-1
296,2.0,-1.0,-1.0,-1.0,-1.0,-1.0,-1.0,-1.0,-1.0,-1.0,-1.0,-1.0,-1.0,-1.0,3.0,4.0,0.0,否,4G,否,0.0,是,0.0,0.0,139.0,0.0,华为,BRQ-AN00,19.0,139.0,19.0,65.0,0.0,5629519.0,0.0,否,三星,-1.0,-1.0,-1.0,-1.0,-1
297,1.0,1.0,-1.0,-1.0,-1.0,-1.0,-1.0,-1.0,-1.0,1.0,1.0,-1.0,-1.0,-1.0,0.0,5.0,17.0,否,4G,否,0.0,是,0.0,0.0,166.0,0.0,华为,NOH-AN00,8.0,166.0,8.0,34.0,0.0,71710.0,0.0,否,二星,1.0,-1.0,-1.0,-1.0,-1
298,2.0,-1.0,-1.0,-1.0,-1.0,-1.0,-1.0,-1.0,-1.0,-1.0,-1.0,-1.0,-1.0,-1.0,12.0,0.0,2.0,否,5G,否,0.0,是,0.0,0.0,223.0,0.0,华为,JLH-AN00,18.12,223.0,18.0,249.0,0.0,5124280.0,0.0,是,三星,-1.0,-1.0,-1.0,-1.0,-1
299,1.0,-1.0,-1.0,-1.0,-1.0,1.0,-1.0,-1.0,1.0,-1.0,-1.0,-1.0,-1.0,-1.0,20.0,20.0,5.0,否,4G,是,169.69,是,4.2,0.0,393.0,0.0,苹果,A2108,105.69,393.0,94.0,322.0,0.0,31227176.0,0.0,否,三星,-1.0,-1.0,-1.0,-1.0,-1
300,1.0,-1.0,1.0,-1.0,-1.0,-1.0,-1.0,1.0,-1.0,-1.0,-1.0,1.0,-1.0,1.0,6.0,4.0,1.0,否,5G,否,0.0,是,0.0,0.0538720538720539,297.0,16.0,欧珀,PEEM00,59.68,297.0,79.48,336.0,0.296775610752975,23453713.0,6960490.0,是,三星,-1.0,-1.0,-1.0,-1.0,-1
301,2.0,-1.0,-1.0,-1.0,-1.0,-1.0,-1.0,-1.0,-1.0,-1.0,-1.0,-1.0,-1.0,-1.0,56.0,23.0,3.0,否,4G,否,0.0,是,0.0,0.0,434.0,0.0,苹果,A2220,64.75,434.0,63.23,218.0,0.0,9371858.0,0.0,否,三星,-1.0,-1.0,-1.0,-1.0,-1
302,1.0,1.0,1.0,-1.0,-1.0,-1.0,-1.0,-1.0,-1.0,-1.0,-1.0,1.0,-1.0,-1.0,31.0,18.0,5.0,否,5G,否,0.0,是,0.0,0.0,327.0,0.0,苹果,A2639,79.1,327.0,79.0,262.0,0.0,7602016.0,0.0,是,三星,-1.0,-1.0,-1.0,-1.0,-1
303,1.0,-1.0,1.0,-1.0,-1.0,1.0,1.0,1.0,-1.0,1.0,-1.0,1.0,-1.0,1.0,9.0,4.0,0.0,否,5G,否,1.7,是,0.58,0.0,1328.0,0.0,三星,SM-F9260,19.63,1328.0,20.0,443.0,0.0,4167723.0,0.0,是,三星,-1.0,-1.0,-1.0,-1.0,-1
304,2.0,-1.0,-1.0,-1.0,-1.0,-1.0,-1.0,-1.0,-1.0,-1.0,-1.0,-1.0,-1.0,-1.0,27.0,2.0,0.0,否,4G,否,0.0,是,0.0,0.0,227.0,0.0,苹果,A2412,25.0,227.0,25.0,39.0,0.0,198158.0,0.0,否,二星,-1.0,-1.0,-1.0,-1.0,-1
305,1.0,-1.0,-1.0,1.0,-1.0,1.0,-1.0,1.0,-1.0,1.0,1.0,-1.0,-1.0,-1.0,4.0,0.0,5.0,否,5G,否,0.0,是,0.0,0.0,1079.0,0.0,三星,SM-A5260,90.4,1079.0,91.26,647.0,0.0,22107492.0,0.0,是,三星,-1.0,-1.0,-1.0,-1.0,-1
306,2.0,-1.0,-1.0,-1.0,-1.0,-1.0,-1.0,-1.0,-1.0,-1.0,-1.0,-1.0,-1.0,-1.0,7.0,14.0,2.0,否,4G,否,0.0,是,0.0,0.0,311.0,0.0,华为,HMA-AL00,80.0,311.0,80.0,217.0,0.0,10514725.0,0.0,否,三星,-1.0,-1.0,-1.0,-1.0,-1
307,1.0,1.0,1.0,-1.0,1.0,1.0,-1.0,-1.0,-1.0,1.0,1.0,1.0,-1.0,-1.0,34.0,0.0,0.0,否,4G,否,0.0,是,0.0,0.0,308.0,0.0,华为,CLT-AL00,55.0,308.0,55.0,357.0,0.0,23409028.0,0.0,否,二星,-1.0,-1.0,-1.0,-1.0,-1
308,2.0,-1.0,-1.0,-1.0,-1.0,-1.0,-1.0,-1.0,-1.0,-1.0,-1.0,-1.0,-1.0,-1.0,0.0,0.0,0.0,否,5G,否,0.0,是,0.0,0.0,116.0,0.0,华为,CDY-AN00,24.94,116.0,15.48,53.0,0.0,8862578.0,0.0,是,三星,-1.0,-1.0,-1.0,-1.0,-1
309,1.0,1.0,-1.0,-1.0,-1.0,1.0,-1.0,1.0,-1.0,1.0,1.0,1.0,1.0,1.0,1.0,42.0,5.0,否,4G,否,0.0,是,0.0,0.0,1029.0,0.0,华为,CLT-AL01,158.1,1029.0,158.3,995.0,0.0,1898641.0,0.0,否,银卡,1.0,-1.0,-1.0,-1.0,-1
310,2.0,-1.0,-1.0,-1.0,-1.0,-1.0,-1.0,-1.0,-1.0,-1.0,-1.0,-1.0,-1.0,-1.0,6.0,6.0,1.0,否,5G,否,0.0,是,0.0,0.0,595.0,0.0,小米科技,M2012K11AC,60.0,595.0,60.0,318.0,0.0,27778466.0,0.0,是,三星,-1.0,-1.0,-1.0,-1.0,-1
311,1.0,1.0,-1.0,-1.0,-1.0,-1.0,-1.0,-1.0,-1.0,-1.0,1.0,-1.0,-1.0,-1.0,5.0,0.0,1.0,否,5G,否,0.0,是,0.0,0.0,827.0,0.0,华为,BRQ-AN00,49.0,827.0,49.0,308.0,0.0,32084727.0,0.0,是,三星,-1.0,-1.0,-1.0,-1.0,-1
312,2.0,-1.0,-1.0,-1.0,-1.0,-1.0,-1.0,-1.0,-1.0,-1.0,-1.0,-1.0,-1.0,-1.0,0.0,1.0,0.0,否,5G,否,0.0,是,0.0,0.0,233.0,0.0,苹果,A2412,39.0,233.0,39.0,144.0,1.66645962889658e-06,21002609.0,35.0,是,三星,-1.0,-1.0,-1.0,-1.0,-1
313,1.0,-1.0,1.0,-1.0,-1.0,1.0,-1.0,1.0,1.0,-1.0,-1.0,1.0,1.0,1.0,5.0,9.0,0.0,否,4G,否,0.0,是,0.0,0.0,154.0,0.0,华为,MHA-AL00,90.0,154.0,90.0,49.0,0.0,6395098.0,0.0,否,银卡,1.0,-1.0,-1.0,-1.0,-1
314,2.0,-1.0,-1.0,-1.0,-1.0,-1.0,-1.0,-1.0,-1.0,-1.0,-1.0,-1.0,-1.0,-1.0,26.0,30.0,0.0,否,4G,否,173.21,是,5.0,0.0,287.0,0.0,苹果,A2634,101.38,287.0,93.53,424.0,0.0,42550012.0,0.0,否,三星,-1.0,-1.0,-1.0,-1.0,-1
315,2.0,-1.0,-1.0,-1.0,-1.0,-1.0,-1.0,-1.0,-1.0,-1.0,-1.0,-1.0,-1.0,-1.0,38.0,14.0,1.0,否,4G,否,0.0,是,0.0,0.0,608.0,0.0,华为,LIO-AL00,96.1,608.0,85.0,647.0,4.50049796363444e-06,9110103.0,41.0,否,三星,-1.0,-1.0,-1.0,-1.0,-1
316,2.0,-1.0,-1.0,-1.0,-1.0,-1.0,-1.0,-1.0,-1.0,-1.0,-1.0,-1.0,-1.0,-1.0,2.0,14.0,0.0,否,4G,否,0.0,是,0.0,0.0,391.0,0.0,华为,BRQ-AL00,30.73,391.0,26.47,113.0,0.0,2608743.0,0.0,否,三星,-1.0,-1.0,-1.0,-1.0,-1
317,1.0,1.0,-1.0,-1.0,-1.0,-1.0,-1.0,-1.0,-1.0,-1.0,1.0,1.0,-1.0,1.0,24.0,9.0,1.0,否,5G,是,0.0,是,0.0,0.0,287.0,0.0,苹果,A2408,96.3,287.0,96.3,585.0,0.0,9951017.0,0.0,是,三星,-1.0,-1.0,-1.0,-1.0,-1
318,1.0,1.0,-1.0,-1.0,-1.0,-1.0,-1.0,-1.0,-1.0,-1.0,1.0,-1.0,-1.0,-1.0,1.0,3.0,1.0,否,4G,否,0.0,是,0.0,0.0,1575.0,0.0,华为,SEA-AL10,18.0,1575.0,18.0,435.0,0.0,13438748.0,0.0,否,三星,-1.0,-1.0,-1.0,-1.0,-1
319,2.0,-1.0,-1.0,-1.0,-1.0,-1.0,-1.0,-1.0,-1.0,-1.0,-1.0,-1.0,-1.0,-1.0,12.0,6.0,1.0,否,4G,否,0.0,是,0.0,0.0,242.0,0.0,华为,LIO-AN00,117.0,242.0,117.0,143.0,0.0,5422882.0,0.0,否,银卡,-1.0,-1.0,-1.0,-1.0,-1
320,1.0,1.0,-1.0,-1.0,-1.0,-1.0,-1.0,-1.0,-1.0,-1.0,1.0,1.0,-1.0,1.0,1.0,7.0,2.0,否,5G,是,0.0,是,0.0,0.0,260.0,0.0,华为,NTH-AN00,65.0,260.0,65.0,159.0,0.0,16448554.0,0.0,是,三星,-1.0,-1.0,-1.0,-1.0,-1
321,2.0,-1.0,-1.0,-1.0,-1.0,-1.0,-1.0,-1.0,-1.0,-1.0,-1.0,-1.0,-1.0,-1.0,1.0,20.0,3.0,否,4G,否,0.0,是,0.0,0.0,488.0,0.0,苹果,iPhone X A1865,115.2,488.0,145.0,178.0,0.0,9311394.0,0.0,否,银卡,-1.0,-1.0,-1.0,-1.0,-1
322,1.0,1.0,1.0,-1.0,1.0,1.0,-1.0,1.0,1.0,-1.0,-1.0,1.0,-1.0,-1.0,0.0,2.0,2.0,否,4G,否,0.0,是,0.0,0.0,892.0,0.0,华为,EVR-AL00,143.3,892.0,173.1,182.0,0.0,8197922.0,0.0,否,银卡,-1.0,-1.0,-1.0,-1.0,-1
323,1.0,1.0,-1.0,-1.0,-1.0,-1.0,-1.0,-1.0,1.0,-1.0,1.0,-1.0,-1.0,-1.0,49.0,29.0,15.0,否,4G,否,0.0,是,0.0,0.0,221.0,0.0,苹果,A2217,34.0,221.0,35.0,237.0,0.0,4246692.0,0.0,否,三星,-1.0,-1.0,-1.0,-1.0,-1
324,1.0,-1.0,-1.0,-1.0,-1.0,-1.0,-1.0,-1.0,-1.0,-1.0,1.0,1.0,-1.0,1.0,0.0,22.0,0.0,否,5G,否,0.0,是,0.0,0.0,201.0,0.0,苹果,A2404,41.2,201.0,41.0,209.0,0.0,12697528.0,0.0,是,三星,1.0,-1.0,-1.0,-1.0,-1
325,1.0,-1.0,1.0,-1.0,-1.0,1.0,-1.0,1.0,-1.0,-1.0,1.0,1.0,-1.0,1.0,5.0,8.0,4.0,否,5G,否,0.0,是,0.0,0.0,296.0,0.0,步步高,V2055A,70.0,296.0,70.1,379.0,0.0,5989811.0,0.0,是,三星,-1.0,-1.0,-1.0,-1.0,-1
326,1.0,-1.0,-1.0,-1.0,-1.0,1.0,-1.0,-1.0,1.0,-1.0,-1.0,-1.0,-1.0,-1.0,6.0,3.0,0.0,否,5G,否,0.0,是,0.0,0.0,747.0,0.0,苹果,A2634,63.1,747.0,63.1,221.0,0.0,5244638.0,0.0,是,三星,-1.0,-1.0,-1.0,-1.0,-1
327,1.0,1.0,-1.0,-1.0,-1.0,1.0,1.0,-1.0,1.0,-1.0,1.0,1.0,-1.0,1.0,3.0,3.0,1.0,否,4G,否,0.0,是,0.0,0.0,155.0,0.0,苹果,iPhone 7Plus A1661,128.0,155.0,128.0,145.0,0.0,5684275.0,0.0,否,银卡,-1.0,-1.0,-1.0,-1.0,-1
328,1.0,1.0,-1.0,-1.0,-1.0,-1.0,-1.0,-1.0,-1.0,-1.0,-1.0,1.0,-1.0,1.0,3.0,107.0,1.0,否,4G,否,0.0,是,0.0,0.0,1003.0,0.0,小米科技,M1906G7T,91.1,1003.0,69.2,387.0,0.0,13341773.0,0.0,否,三星,-1.0,-1.0,-1.0,-1.0,-1
329,2.0,-1.0,-1.0,-1.0,-1.0,-1.0,-1.0,-1.0,-1.0,-1.0,-1.0,-1.0,-1.0,-1.0,1.0,8.0,1.0,否,5G,否,0.0,是,0.0,0.0,126.0,0.0,苹果,A2408,93.0,126.0,93.0,97.0,0.0,29092379.0,0.0,是,银卡,-1.0,-1.0,-1.0,-1.0,-1
330,1.0,1.0,-1.0,-1.0,-1.0,-1.0,-1.0,-1.0,1.0,-1.0,1.0,-1.0,-1.0,-1.0,21.0,16.0,8.0,否,5G,否,0.0,是,0.0,0.0,526.0,0.0,苹果,A2412,100.0,526.0,66.48,392.0,0.0,14768475.0,0.0,是,银卡,-1.0,-1.0,-1.0,-1.0,-1
331,1.0,1.0,-1.0,-1.0,-1.0,-1.0,-1.0,-1.0,-1.0,-1.0,1.0,-1.0,-1.0,-1.0,0.0,18.0,2.0,否,5G,否,0.0,是,0.0,0.0,359.0,0.0,苹果,A2404,479.0,359.0,599.0,394.0,0.0,24214834.0,0.0,是,钻石卡,-1.0,-1.0,-1.0,-1.0,-1
332,2.0,-1.0,-1.0,-1.0,-1.0,-1.0,-1.0,-1.0,-1.0,-1.0,-1.0,-1.0,-1.0,-1.0,0.0,15.0,0.0,否,5G,否,0.0,是,0.0,0.0,318.0,0.0,华为,JEF-AN00,80.0,318.0,80.0,378.0,0.0,19362003.0,0.0,是,三星,-1.0,-1.0,-1.0,-1.0,-1
333,2.0,-1.0,-1.0,-1.0,-1.0,-1.0,-1.0,-1.0,-1.0,-1.0,-1.0,-1.0,-1.0,-1.0,0.0,4.0,1.0,否,5G,否,0.0,是,0.0,0.0,308.0,0.0,苹果,A2400,128.0,308.0,128.0,142.0,0.0,1739612.0,0.0,是,银卡,-1.0,-1.0,-1.0,-1.0,-1
334,1.0,1.0,-1.0,-1.0,-1.0,-1.0,-1.0,-1.0,-1.0,1.0,-1.0,-1.0,-1.0,1.0,2.0,4.0,0.0,否,5G,否,0.0,是,0.0,0.0,410.0,0.0,欧珀,PDHM00,108.0,410.0,108.0,557.0,0.0,11452567.0,0.0,是,银卡,-1.0,-1.0,-1.0,-1.0,-1
335,1.0,1.0,-1.0,-1.0,-1.0,-1.0,-1.0,-1.0,-1.0,-1.0,1.0,1.0,-1.0,1.0,4.0,21.0,1.0,否,5G,否,0.0,是,0.0,0.0,843.0,0.0,华为,LIO-AL00,255.0,843.0,255.0,807.0,0.0,2248375.0,0.0,是,金卡,1.0,-1.0,-1.0,-1.0,-1
336,1.0,1.0,1.0,-1.0,1.0,-1.0,-1.0,-1.0,-1.0,-1.0,-1.0,1.0,-1.0,-1.0,11.0,2.0,1.0,否,5G,否,0.0,是,0.0,0.0,1042.0,0.0,小米科技,2109119BC,204.18,1042.0,203.5,634.0,0.0,71918120.0,0.0,是,银卡,-1.0,-1.0,-1.0,-1.0,-1
337,1.0,1.0,-1.0,-1.0,1.0,1.0,-1.0,-1.0,1.0,1.0,1.0,1.0,-1.0,1.0,26.0,25.0,7.0,否,5G,否,157.07,是,30.0,0.0,409.0,0.0,苹果,A2342,97.44,409.0,62.52,379.0,0.0,11168801.0,0.0,是,三星,-1.0,-1.0,-1.0,-1.0,-1
338,1.0,1.0,-1.0,-1.0,1.0,1.0,-1.0,1.0,1.0,-1.0,1.0,1.0,-1.0,1.0,15.0,36.0,2.0,否,5G,否,0.0,是,0.0,0.0,278.0,0.0,苹果,A2644,70.0,278.0,70.0,359.0,0.0,5598641.0,0.0,是,三星,-1.0,-1.0,-1.0,-1.0,-1
339,1.0,1.0,-1.0,-1.0,-1.0,1.0,-1.0,-1.0,1.0,1.0,-1.0,1.0,-1.0,-1.0,2.0,5.0,0.0,否,5G,否,0.0,是,0.0,0.0,155.0,0.0,华为,ELS-AN00,140.0,155.0,145.0,143.0,0.0,31237345.0,0.0,是,银卡,-1.0,-1.0,-1.0,-1.0,-1
340,1.0,1.0,-1.0,-1.0,-1.0,-1.0,-1.0,-1.0,1.0,-1.0,-1.0,1.0,-1.0,-1.0,49.0,8.0,10.0,否,5G,否,0.0,是,0.0,0.0,386.0,0.0,万普拉斯,KB2000,121.0,386.0,121.2,216.0,0.0,1672972.0,0.0,是,银卡,-1.0,-1.0,-1.0,-1.0,-1
341,1.0,1.0,-1.0,-1.0,-1.0,-1.0,-1.0,-1.0,-1.0,-1.0,-1.0,-1.0,-1.0,1.0,18.0,17.0,1.0,否,4G,否,0.0,是,0.0,0.0,241.0,0.0,华为,YAL-AL50,40.47,241.0,38.0,175.0,0.0,7138331.0,0.0,否,三星,-1.0,-1.0,-1.0,-1.0,-1
342,2.0,-1.0,-1.0,-1.0,-1.0,-1.0,-1.0,-1.0,-1.0,-1.0,-1.0,-1.0,-1.0,-1.0,25.0,15.0,0.0,否,4G,否,0.0,是,0.0,0.0,186.0,0.0,华为,NAM-AL00,34.76,186.0,34.0,130.0,0.0,3100916.0,0.0,否,三星,-1.0,-1.0,-1.0,-1.0,-1
343,2.0,-1.0,-1.0,-1.0,-1.0,-1.0,-1.0,-1.0,-1.0,-1.0,-1.0,-1.0,-1.0,-1.0,5.0,14.0,3.0,否,4G,否,0.0,是,0.0,0.0,356.0,0.0,苹果,iPhone 7Plus A1661,88.0,356.0,88.0,336.0,0.0,15230171.0,0.0,否,三星,-1.0,-1.0,-1.0,-1.0,-1
344,1.0,-1.0,-1.0,-1.0,-1.0,-1.0,1.0,-1.0,-1.0,-1.0,1.0,-1.0,-1.0,-1.0,8.0,23.0,81.0,否,4G,否,0.0,是,0.0,0.0,397.0,0.0,苹果,iPhone 6S PLUS A1699,58.0,397.0,58.0,432.0,0.00121127699570314,8729630.0,10574.0,否,三星,-1.0,-1.0,-1.0,-1.0,-1
345,2.0,-1.0,-1.0,-1.0,-1.0,-1.0,-1.0,-1.0,-1.0,-1.0,-1.0,-1.0,-1.0,-1.0,2.0,58.0,3.0,否,4G,否,0.0,是,0.0,0.0,3574.0,0.0,苹果,A2223,66.3,3574.0,66.1,1051.0,0.0,4029102.0,0.0,否,三星,-1.0,-1.0,-1.0,-1.0,-1
346,2.0,-1.0,-1.0,-1.0,-1.0,-1.0,-1.0,-1.0,-1.0,-1.0,-1.0,-1.0,-1.0,-1.0,18.0,30.0,0.0,否,4G,否,0.0,是,0.0,0.0,805.0,0.0,苹果,iPhone X A1865,99.1,805.0,99.0,366.0,0.0,4033133.0,0.0,否,三星,-1.0,-1.0,-1.0,-1.0,-1
347,2.0,-1.0,-1.0,-1.0,-1.0,-1.0,-1.0,-1.0,-1.0,-1.0,-1.0,-1.0,-1.0,-1.0,31.0,12.0,3.0,否,4G,否,0.0,是,0.0,0.0,165.0,0.0,苹果,A2104,54.0,165.0,54.0,38.0,0.0,1093281.0,0.0,否,三星,-1.0,-1.0,-1.0,-1.0,-1
348,1.0,-1.0,1.0,-1.0,1.0,-1.0,-1.0,1.0,1.0,-1.0,1.0,1.0,1.0,-1.0,23.0,15.0,12.0,否,5G,否,0.0,是,0.0,0.0,353.0,0.0,苹果,A2412,60.0,353.0,60.1,202.0,0.0,23498060.0,0.0,是,三星,-1.0,-1.0,-1.0,-1.0,-1
349,1.0,1.0,1.0,-1.0,-1.0,-1.0,-1.0,-1.0,-1.0,1.0,1.0,1.0,-1.0,-1.0,101.0,9.0,0.0,否,4G,否,0.0,是,0.0,0.0,274.0,0.0,小米科技,MCE16,140.0,274.0,140.0,179.0,0.0,38305139.0,0.0,否,银卡,-1.0,-1.0,-1.0,-1.0,-1
350,2.0,-1.0,-1.0,-1.0,-1.0,-1.0,-1.0,-1.0,-1.0,-1.0,-1.0,-1.0,-1.0,-1.0,2.0,5.0,0.0,否,4G,否,0.0,是,0.0,0.0,319.0,0.0,苹果,A2223,38.0,319.0,38.0,72.0,0.0,5217551.0,0.0,否,三星,-1.0,-1.0,-1.0,-1.0,-1
351,2.0,-1.0,-1.0,-1.0,-1.0,-1.0,-1.0,-1.0,-1.0,-1.0,-1.0,-1.0,-1.0,-1.0,2.0,28.0,1.0,否,4G,否,0.0,是,0.0,0.0,455.0,0.0,苹果,A2104,60.0,455.0,60.0,513.0,0.0,4116435.0,0.0,否,三星,-1.0,-1.0,-1.0,-1.0,-1
352,1.0,-1.0,-1.0,-1.0,-1.0,-1.0,-1.0,1.0,-1.0,1.0,-1.0,-1.0,1.0,-1.0,3.0,8.0,3.0,否,4G,否,0.0,是,0.0,0.0,1074.0,0.0,华为,HMA-AL00,218.0,1074.0,218.0,1003.0,0.0,86412657.0,0.0,否,金卡,-1.0,-1.0,-1.0,-1.0,-1
353,2.0,-1.0,-1.0,-1.0,-1.0,-1.0,-1.0,-1.0,-1.0,-1.0,-1.0,-1.0,-1.0,-1.0,36.0,11.0,1.0,否,4G,否,64.78,是,20.0,0.0,240.0,0.0,苹果,A2404,95.89,240.0,62.32,184.0,0.0,33394248.0,0.0,否,三星,-1.0,-1.0,-1.0,-1.0,-1
354,1.0,-1.0,1.0,-1.0,-1.0,-1.0,-1.0,-1.0,1.0,-1.0,-1.0,-1.0,-1.0,-1.0,28.0,41.0,5.0,否,4G,否,0.0,是,0.0,0.0,1046.0,0.0,华为,NOH-AL10,170.0,1046.0,170.0,746.0,0.0,7809207.0,0.0,否,银卡,-1.0,-1.0,-1.0,-1.0,-1
355,2.0,-1.0,-1.0,-1.0,-1.0,-1.0,-1.0,-1.0,-1.0,-1.0,-1.0,-1.0,-1.0,-1.0,22.0,3.0,0.0,否,5G,否,0.0,是,0.0,0.0,152.0,0.0,华为,HMA-AL00,21.0,152.0,21.0,71.0,0.0,25187328.0,0.0,是,一星,-1.0,-1.0,-1.0,-1.0,-1
356,2.0,-1.0,-1.0,-1.0,-1.0,-1.0,-1.0,-1.0,-1.0,-1.0,-1.0,-1.0,-1.0,-1.0,2.0,11.0,0.0,否,4G,否,0.0,是,0.0,0.0,170.0,0.0,苹果,iPhone 8 A1863,35.0,170.0,19.21,80.0,0.0,868895.0,0.0,否,三星,-1.0,-1.0,-1.0,-1.0,-1
357,2.0,-1.0,-1.0,-1.0,-1.0,-1.0,-1.0,-1.0,-1.0,-1.0,-1.0,-1.0,-1.0,-1.0,5.0,0.0,0.0,否,5G,否,0.0,是,0.0,0.0,392.0,0.0,苹果,A2404,122.1,392.0,122.1,450.0,0.0,68956919.0,0.0,是,银卡,-1.0,-1.0,-1.0,-1.0,-1
358,1.0,1.0,-1.0,-1.0,-1.0,-1.0,1.0,1.0,-1.0,-1.0,1.0,1.0,-1.0,1.0,4.0,47.0,4.0,否,5G,否,0.0,是,0.0,0.0,386.0,0.0,苹果,A2412,48.2,386.0,46.9,336.0,0.0,9821864.0,0.0,是,二星,-1.0,-1.0,-1.0,-1.0,-1
359,1.0,-1.0,1.0,-1.0,-1.0,-1.0,-1.0,-1.0,-1.0,-1.0,1.0,-1.0,-1.0,1.0,15.0,3.0,0.0,否,5G,否,0.0,是,0.0,0.0,476.0,0.0,华为,OXF-AN10,80.0,476.0,80.0,429.0,0.0,9251318.0,0.0,是,三星,-1.0,-1.0,-1.0,-1.0,-1
360,2.0,-1.0,-1.0,-1.0,-1.0,-1.0,-1.0,-1.0,-1.0,-1.0,-1.0,-1.0,-1.0,-1.0,3.0,18.0,1.0,否,4G,否,0.0,是,0.0,0.0084985835694051,353.0,3.0,苹果,iPhone 8 Plus A1864,72.0,353.0,72.0,134.0,0.0306247987708595,14221971.0,435545.0,否,三星,-1.0,-1.0,-1.0,-1.0,-1
361,1.0,-1.0,-1.0,-1.0,-1.0,1.0,-1.0,-1.0,-1.0,-1.0,-1.0,-1.0,-1.0,1.0,4.0,0.0,1.0,否,5G,否,0.0,是,0.0,0.0,452.0,0.0,华为,MXW-AN00,229.0,452.0,229.0,337.0,0.0,10049698.0,0.0,是,白金卡,-1.0,-1.0,-1.0,-1.0,-1
362,1.0,1.0,1.0,-1.0,-1.0,1.0,-1.0,-1.0,1.0,-1.0,-1.0,1.0,-1.0,1.0,23.0,16.0,0.0,否,4G,否,0.0,是,0.0,0.0,737.0,0.0,华为,VOG-AL00,205.0,737.0,200.3,478.0,0.0,33304059.0,0.0,否,银卡,-1.0,-1.0,-1.0,-1.0,-1
363,2.0,-1.0,-1.0,-1.0,-1.0,-1.0,-1.0,-1.0,-1.0,-1.0,-1.0,-1.0,-1.0,-1.0,5.0,9.0,3.0,否,5G,是,0.0,是,0.0,0.0,1340.0,0.0,小米科技,M2102K1AC,190.1,1340.0,190.0,1207.0,0.0,7023164.0,0.0,是,银卡,-1.0,-1.0,-1.0,-1.0,-1
364,1.0,-1.0,1.0,-1.0,-1.0,-1.0,-1.0,-1.0,-1.0,-1.0,1.0,1.0,-1.0,1.0,0.0,2.0,0.0,否,5G,否,0.0,是,0.0,0.0,146.0,0.0,欧珀,PDNM00,60.0,146.0,60.0,112.0,0.0,10632991.0,0.0,是,三星,-1.0,-1.0,-1.0,-1.0,-1
365,2.0,-1.0,-1.0,-1.0,-1.0,-1.0,-1.0,-1.0,-1.0,-1.0,-1.0,-1.0,-1.0,-1.0,2.0,27.0,7.0,否,4G,否,0.0,是,0.0,0.0,1627.0,0.0,苹果,A2223,149.8,1627.0,130.0,220.0,0.0,2640172.0,0.0,否,银卡,-1.0,-1.0,-1.0,-1.0,-1
366,1.0,-1.0,1.0,-1.0,-1.0,1.0,-1.0,1.0,1.0,1.0,1.0,1.0,-1.0,1.0,0.0,1.0,4.0,否,5G,否,0.0,是,0.0,0.0,950.0,0.0,小米科技,22041211AC,248.0,950.0,248.0,593.0,0.0,81601261.0,0.0,是,金卡,-1.0,-1.0,-1.0,-1.0,-1
367,2.0,-1.0,-1.0,-1.0,-1.0,-1.0,-1.0,-1.0,-1.0,-1.0,-1.0,-1.0,-1.0,-1.0,1.0,0.0,0.0,否,4G,否,0.0,是,0.0,0.0,154.0,0.0,欧珀,PBBM00,30.73,154.0,25.6,96.0,0.0,85828.0,0.0,否,三星,-1.0,-1.0,-1.0,-1.0,-1
368,1.0,1.0,1.0,1.0,-1.0,-1.0,-1.0,-1.0,1.0,1.0,-1.0,-1.0,-1.0,-1.0,0.0,5.0,0.0,否,5G,否,0.0,是,0.0,0.0,404.0,0.0,苹果,A2408,142.0,404.0,142.0,96.0,0.0,72585589.0,0.0,是,银卡,-1.0,-1.0,-1.0,-1.0,-1
369,1.0,-1.0,1.0,-1.0,1.0,-1.0,-1.0,1.0,1.0,-1.0,1.0,-1.0,-1.0,1.0,20.0,28.0,1.0,否,4G,否,117.18,是,30.0,0.0,308.0,0.0,华为,PPA-AL20,135.0,308.0,60.0,523.0,0.0,61136466.0,0.0,否,三星,-1.0,-1.0,-1.0,-1.0,1
370,2.0,-1.0,-1.0,-1.0,-1.0,-1.0,-1.0,-1.0,-1.0,-1.0,-1.0,-1.0,-1.0,-1.0,0.0,0.0,0.0,否,5G,否,0.0,是,0.0,0.0,212.0,0.0,华为,JEF-AN20,128.2,212.0,128.0,202.0,0.0,23149362.0,0.0,是,银卡,-1.0,-1.0,-1.0,-1.0,-1
371,2.0,-1.0,-1.0,-1.0,-1.0,-1.0,-1.0,-1.0,-1.0,-1.0,-1.0,-1.0,-1.0,-1.0,1.0,0.0,0.0,否,5G,否,0.0,是,0.0,0.0,212.0,0.0,华为,NOH-AN00,49.0,212.0,49.0,122.0,0.0,19293830.0,0.0,是,三星,-1.0,-1.0,-1.0,-1.0,-1
372,1.0,-1.0,-1.0,-1.0,-1.0,1.0,-1.0,1.0,-1.0,-1.0,1.0,1.0,-1.0,1.0,21.0,26.0,4.0,否,4G,否,0.0,是,0.0,0.0,1522.0,0.0,小米科技,M2001G7AE,38.0,1522.0,38.0,218.0,0.0,4452425.0,0.0,否,三星,-1.0,-1.0,-1.0,-1.0,-1
373,2.0,-1.0,-1.0,-1.0,-1.0,-1.0,-1.0,-1.0,-1.0,-1.0,-1.0,-1.0,-1.0,-1.0,10.0,7.0,2.0,否,4G,否,0.0,是,0.0,0.0,485.0,0.0,华为,ANA-AN00,111.2,485.0,151.1,248.0,0.0,18109999.0,0.0,否,银卡,-1.0,-1.0,-1.0,-1.0,-1
374,2.0,-1.0,-1.0,-1.0,-1.0,-1.0,-1.0,-1.0,-1.0,-1.0,-1.0,-1.0,-1.0,-1.0,27.0,35.0,1.0,否,4G,否,0.0,是,0.0,0.0,280.0,0.0,华为,DUB-TL00,56.7,280.0,57.0,300.0,0.0,24516919.0,0.0,否,三星,-1.0,-1.0,-1.0,-1.0,-1
375,1.0,-1.0,-1.0,-1.0,-1.0,-1.0,1.0,-1.0,-1.0,1.0,-1.0,-1.0,-1.0,-1.0,142.0,17.0,0.0,否,4G,否,0.0,是,0.0,0.0,347.0,0.0,华为,CHL-AL60,81.0,347.0,81.0,111.0,0.0,14061546.0,0.0,否,银卡,-1.0,-1.0,-1.0,-1.0,-1
376,2.0,-1.0,-1.0,-1.0,-1.0,-1.0,-1.0,-1.0,-1.0,-1.0,-1.0,-1.0,-1.0,-1.0,6.0,17.0,1.0,否,4G,否,0.0,是,0.0,0.0,376.0,0.0,华为,SPN-AL00,56.0,376.0,56.29,507.0,0.0,3273310.0,0.0,否,三星,-1.0,-1.0,-1.0,-1.0,-1
377,1.0,1.0,-1.0,-1.0,1.0,-1.0,-1.0,-1.0,-1.0,1.0,1.0,1.0,-1.0,1.0,12.0,0.0,2.0,否,5G,否,0.0,是,0.0,0.0,203.0,0.0,步步高,V1950A,49.1,203.0,51.2,598.0,0.0,3040279.0,0.0,是,三星,-1.0,-1.0,-1.0,-1.0,-1
378,1.0,1.0,-1.0,-1.0,1.0,-1.0,-1.0,-1.0,1.0,-1.0,-1.0,1.0,-1.0,-1.0,7.0,27.0,7.0,否,4G,否,0.0,是,0.0,0.0,223.0,0.0,苹果,A2223,75.0,223.0,70.0,146.0,0.0,11568692.0,0.0,否,二星,-1.0,-1.0,-1.0,-1.0,-1
379,2.0,-1.0,-1.0,-1.0,-1.0,-1.0,-1.0,-1.0,-1.0,-1.0,-1.0,-1.0,-1.0,-1.0,4.0,4.0,0.0,否,4G,否,0.0,是,0.0,0.0,262.0,0.0,苹果,A2104,58.2,262.0,58.1,241.0,0.0,8542635.0,0.0,否,三星,-1.0,-1.0,-1.0,-1.0,-1
380,2.0,-1.0,-1.0,-1.0,-1.0,-1.0,-1.0,-1.0,-1.0,-1.0,-1.0,-1.0,-1.0,-1.0,2.0,0.0,0.0,否,4G,否,1345.48,是,170.0,0.0,427.0,0.0,华为,ASK-AL00x,196.5,427.0,31.0,181.0,0.0,209725678.0,0.0,否,一星,-1.0,-1.0,-1.0,-1.0,-1
381,1.0,1.0,-1.0,-1.0,-1.0,1.0,-1.0,-1.0,1.0,1.0,1.0,1.0,-1.0,1.0,12.0,78.0,10.0,否,4G,是,0.0,是,0.0,0.0,709.0,0.0,苹果,iPhone 6S PLUS A1699,58.0,709.0,58.0,1085.0,0.0,9633708.0,0.0,否,三星,-1.0,-1.0,-1.0,-1.0,-1
382,1.0,1.0,1.0,-1.0,-1.0,-1.0,-1.0,-1.0,-1.0,-1.0,1.0,1.0,1.0,-1.0,0.0,3.0,0.0,否,4G,否,0.0,是,0.0,0.0,311.0,0.0,苹果,A2223,28.5,311.0,28.0,59.0,0.0,70.0,0.0,否,三星,-1.0,-1.0,-1.0,-1.0,-1
383,1.0,1.0,1.0,-1.0,-1.0,-1.0,-1.0,-1.0,-1.0,1.0,1.0,-1.0,-1.0,1.0,13.0,3.0,0.0,否,4G,否,0.0,是,0.0,0.0,187.0,0.0,苹果,A2223,6.36,187.0,5.87,98.0,0.0,141400.0,0.0,否,二星,-1.0,-1.0,-1.0,-1.0,-1
384,2.0,-1.0,-1.0,-1.0,-1.0,-1.0,-1.0,-1.0,-1.0,-1.0,-1.0,-1.0,-1.0,-1.0,0.0,0.0,0.0,否,5G,否,0.0,是,0.0,0.0,189.0,0.0,华为,CDY-AN90,108.1,189.0,108.0,76.0,0.0,20224338.0,0.0,是,三星,-1.0,-1.0,-1.0,-1.0,-1
385,2.0,-1.0,-1.0,-1.0,-1.0,-1.0,-1.0,-1.0,-1.0,-1.0,-1.0,-1.0,-1.0,-1.0,0.0,0.0,1.0,否,5G,否,310.24,是,10.0,0.0,160.0,0.0,步步高,V2080A,73.0,160.0,63.0,38.0,0.0,33550053.0,0.0,是,三星,-1.0,-1.0,-1.0,-1.0,-1
386,2.0,-1.0,-1.0,-1.0,-1.0,-1.0,-1.0,-1.0,-1.0,-1.0,-1.0,-1.0,-1.0,-1.0,4.0,0.0,0.0,否,5G,否,0.0,是,0.0,0.0,693.0,0.0,华为,NOH-AN00,271.0,693.0,185.0,531.0,0.0,104398218.0,0.0,是,银卡,-1.0,-1.0,-1.0,-1.0,-1
387,1.0,1.0,1.0,-1.0,-1.0,1.0,-1.0,-1.0,-1.0,-1.0,-1.0,1.0,-1.0,-1.0,86.0,4.0,13.0,否,5G,否,0.0,是,0.0,0.0,471.0,0.0,realme,RMX3115,10.0,471.0,10.0,646.0,0.0,4137171.0,0.0,是,一星,-1.0,-1.0,-1.0,-1.0,-1
388,2.0,-1.0,-1.0,-1.0,-1.0,-1.0,-1.0,-1.0,-1.0,-1.0,-1.0,-1.0,-1.0,-1.0,45.0,23.0,4.0,否,4G,否,0.0,是,0.0,0.0,797.0,0.0,苹果,A2104,28.0,797.0,28.0,370.0,0.0,7654867.0,0.0,否,三星,-1.0,-1.0,-1.0,-1.0,-1
389,2.0,-1.0,-1.0,-1.0,-1.0,-1.0,-1.0,-1.0,-1.0,-1.0,-1.0,-1.0,-1.0,-1.0,0.0,0.0,0.0,否,5G,是,0.0,是,0.0,0.0,399.0,0.0,华为,NOH-AN00,16.85,399.0,10.1,161.0,0.0,16699208.0,0.0,是,三星,-1.0,-1.0,-1.0,-1.0,-1
390,2.0,-1.0,-1.0,-1.0,-1.0,-1.0,-1.0,-1.0,-1.0,-1.0,-1.0,-1.0,-1.0,-1.0,12.0,14.0,0.0,否,4G,否,0.0,是,0.0,0.0,208.0,0.0,苹果,A2100,146.1,208.0,146.2,166.0,0.0,73748433.0,0.0,否,银卡,-1.0,-1.0,-1.0,-1.0,-1
391,1.0,-1.0,-1.0,-1.0,-1.0,1.0,-1.0,1.0,-1.0,-1.0,-1.0,1.0,-1.0,-1.0,14.0,26.0,0.0,否,5G,是,0.0,是,0.0,0.0,529.0,0.0,苹果,A2644,27.6,529.0,20.0,431.0,0.0,7496868.0,0.0,是,三星,-1.0,-1.0,-1.0,-1.0,-1
392,1.0,1.0,1.0,-1.0,-1.0,-1.0,-1.0,-1.0,1.0,1.0,-1.0,-1.0,-1.0,-1.0,46.0,17.0,0.0,否,5G,否,0.0,是,0.0,0.0,209.0,0.0,苹果,A2404,10.0,209.0,10.0,134.0,3.66186737750836e-07,21846777.0,8.0,是,一星,-1.0,-1.0,-1.0,-1.0,-1
393,2.0,-1.0,-1.0,-1.0,-1.0,-1.0,-1.0,-1.0,-1.0,-1.0,-1.0,-1.0,-1.0,-1.0,10.0,30.0,2.0,否,4G,否,0.0,是,0.0,0.0,600.0,0.0,华为,JAD-AL50,210.0,600.0,210.0,342.0,0.0,20447233.0,0.0,否,银卡,-1.0,-1.0,-1.0,-1.0,-1
394,2.0,-1.0,-1.0,-1.0,-1.0,-1.0,-1.0,-1.0,-1.0,-1.0,-1.0,-1.0,-1.0,-1.0,7.0,63.0,2.0,否,4G,否,0.0,是,0.0,0.0,549.0,0.0,苹果,A2404,79.0,549.0,97.2,504.0,0.0,7520768.0,0.0,否,三星,-1.0,-1.0,-1.0,-1.0,-1
395,1.0,1.0,1.0,-1.0,-1.0,-1.0,-1.0,-1.0,-1.0,-1.0,1.0,-1.0,-1.0,-1.0,2.0,12.0,4.0,否,4G,否,0.0,是,0.0,0.0,361.0,0.0,苹果,A2160,101.33,361.0,98.0,151.0,0.0,7433506.0,0.0,否,三星,-1.0,-1.0,-1.0,-1.0,-1
396,2.0,-1.0,-1.0,-1.0,-1.0,-1.0,-1.0,-1.0,-1.0,-1.0,-1.0,-1.0,-1.0,-1.0,114.0,27.0,11.0,否,4G,否,0.0,是,0.0,0.0,646.0,0.0,苹果,A2220,227.3,646.0,242.0,858.0,0.0,22680081.0,0.0,否,银卡,-1.0,-1.0,-1.0,-1.0,-1
397,1.0,-1.0,-1.0,-1.0,-1.0,-1.0,-1.0,1.0,-1.0,-1.0,1.0,-1.0,-1.0,-1.0,10.0,2.0,4.0,否,5G,是,0.0,是,0.0,0.0,306.0,0.0,华为,HJC-AN90,68.0,306.0,68.0,338.0,0.0,8222127.0,0.0,是,三星,-1.0,-1.0,-1.0,-1.0,-1
398,1.0,-1.0,1.0,-1.0,-1.0,1.0,-1.0,-1.0,-1.0,-1.0,1.0,1.0,1.0,1.0,27.0,9.0,3.0,否,4G,否,0.0,是,0.0,0.0,658.0,0.0,苹果,iPhone 8 Plus A1864,150.0,658.0,30.0,545.0,0.0,3518068.0,0.0,否,三星,-1.0,-1.0,-1.0,-1.0,-1
399,1.0,-1.0,-1.0,-1.0,-1.0,-1.0,-1.0,-1.0,-1.0,-1.0,-1.0,-1.0,-1.0,1.0,19.0,9.0,4.0,否,4G,否,0.0,是,0.0,0.0,416.0,0.0,华为,EML-AL00,90.49,416.0,90.0,293.0,0.0,6331207.0,0.0,否,银卡,1.0,-1.0,-1.0,-1.0,-1
400,2.0,-1.0,-1.0,-1.0,-1.0,-1.0,-1.0,-1.0,-1.0,-1.0,-1.0,-1.0,-1.0,-1.0,46.0,16.0,5.0,否,4G,否,0.0,是,0.0,0.0,295.0,0.0,步步高,vivo X9,24.1,295.0,24.0,99.0,0.0,5572287.0,0.0,否,三星,-1.0,-1.0,-1.0,-1.0,-1
401,2.0,-1.0,-1.0,-1.0,-1.0,-1.0,-1.0,-1.0,-1.0,-1.0,-1.0,-1.0,-1.0,-1.0,3.0,33.0,3.0,否,4G,是,0.0,是,0.0,0.0,585.0,0.0,步步高,V1914A,111.0,585.0,111.6,751.0,0.0,32216914.0,0.0,否,银卡,-1.0,-1.0,-1.0,-1.0,-1
402,1.0,1.0,-1.0,-1.0,-1.0,-1.0,-1.0,-1.0,-1.0,-1.0,1.0,1.0,-1.0,-1.0,1.0,3.0,0.0,否,4G,否,0.0,是,0.0,0.0,234.0,0.0,苹果,iPhone 8 A1863,10.0,234.0,11.0,160.0,0.0,4788350.0,0.0,否,二星,-1.0,-1.0,-1.0,-1.0,-1
403,1.0,1.0,-1.0,-1.0,-1.0,-1.0,-1.0,-1.0,-1.0,-1.0,-1.0,1.0,-1.0,-1.0,0.0,9.0,0.0,否,5G,否,0.0,是,0.0,0.0,164.0,0.0,苹果,A2412,40.38,164.0,36.26,148.0,0.0,1317100.0,0.0,是,三星,-1.0,-1.0,-1.0,-1.0,-1
404,2.0,-1.0,-1.0,-1.0,-1.0,-1.0,-1.0,-1.0,-1.0,-1.0,-1.0,-1.0,-1.0,-1.0,1.0,0.0,0.0,否,5G,否,0.0,是,0.0,0.0,121.0,0.0,华为,NOH-AN00,130.0,121.0,47.0,35.0,0.0,4335095.0,0.0,是,三星,-1.0,-1.0,-1.0,-1.0,-1
405,1.0,1.0,1.0,-1.0,-1.0,1.0,-1.0,-1.0,-1.0,-1.0,1.0,1.0,-1.0,1.0,10.0,14.0,2.0,否,4G,否,0.0,是,0.0,0.0,375.0,0.0,华为,TAS-AL00,205.0,375.0,205.0,316.0,0.0,62798704.0,0.0,否,三星,-1.0,-1.0,-1.0,-1.0,-1
406,1.0,1.0,-1.0,-1.0,-1.0,-1.0,-1.0,-1.0,-1.0,-1.0,1.0,1.0,1.0,-1.0,4.0,7.0,0.0,否,4G,否,0.0,是,0.0,0.0,336.0,0.0,欧珀,PDVM00,12.0,336.0,28.0,103.0,0.0,17776564.0,0.0,否,三星,-1.0,-1.0,-1.0,-1.0,-1
407,2.0,-1.0,-1.0,-1.0,-1.0,-1.0,-1.0,-1.0,-1.0,-1.0,-1.0,-1.0,-1.0,-1.0,7.0,14.0,0.0,否,4G,否,0.0,是,0.0,0.0,316.0,0.0,华为,COL-AL10,19.35,316.0,18.3,160.0,0.0,28121125.0,0.0,否,二星,-1.0,-1.0,-1.0,-1.0,-1
408,1.0,-1.0,-1.0,-1.0,-1.0,-1.0,1.0,-1.0,-1.0,-1.0,-1.0,-1.0,-1.0,1.0,0.0,0.0,1.0,否,5G,否,0.0,是,0.0,0.0,1428.0,0.0,华为,LIO-AN00m,49.9,1428.0,49.9,361.0,0.0,38418482.0,0.0,是,三星,-1.0,-1.0,-1.0,-1.0,-1
409,1.0,1.0,-1.0,-1.0,-1.0,-1.0,1.0,-1.0,1.0,1.0,-1.0,1.0,-1.0,-1.0,43.0,22.0,0.0,否,4G,否,36.79,是,8.34,0.0,292.0,0.0,中邮通信,Hera-BD00,50.1,292.0,30.0,174.0,0.0,14403672.0,0.0,否,三星,-1.0,-1.0,-1.0,-1.0,-1
410,2.0,-1.0,-1.0,-1.0,-1.0,-1.0,-1.0,-1.0,-1.0,-1.0,-1.0,-1.0,-1.0,-1.0,3.0,1.0,0.0,否,5G,否,0.0,是,0.0,0.0,430.0,0.0,华为,NOH-AN00,68.0,430.0,68.0,272.0,0.0,13226129.0,0.0,是,三星,-1.0,-1.0,-1.0,-1.0,-1
411,1.0,-1.0,1.0,-1.0,-1.0,-1.0,-1.0,-1.0,-1.0,-1.0,1.0,1.0,-1.0,-1.0,34.0,127.0,2.0,否,5G,否,0.0,是,0.0,0.0,1930.0,0.0,苹果,A2412,254.35,1930.0,78.0,387.0,0.0,32899109.0,0.0,是,三星,-1.0,-1.0,-1.0,-1.0,-1
412,2.0,-1.0,-1.0,-1.0,-1.0,-1.0,-1.0,-1.0,-1.0,-1.0,-1.0,-1.0,-1.0,-1.0,21.0,19.0,5.0,否,4G,否,0.0,是,0.0,0.0,248.0,0.0,苹果,A2104,42.8,248.0,42.0,241.0,0.0,34051671.0,0.0,否,三星,-1.0,-1.0,-1.0,-1.0,-1
413,1.0,1.0,1.0,-1.0,-1.0,-1.0,-1.0,-1.0,1.0,-1.0,1.0,1.0,-1.0,1.0,2.0,29.0,1.0,否,4G,否,0.0,是,0.0,0.0,330.0,0.0,苹果,iPhone 7 A1660,70.0,330.0,70.0,147.0,0.0,1582755.0,0.0,否,三星,-1.0,-1.0,-1.0,-1.0,-1
414,1.0,1.0,1.0,-1.0,-1.0,-1.0,1.0,-1.0,1.0,-1.0,-1.0,1.0,-1.0,-1.0,5.0,31.0,4.0,否,4G,否,0.0,是,0.0,0.0,1094.0,0.0,苹果,iPhone 8 A1863,125.0,1094.0,125.0,438.0,0.0,6420037.0,0.0,否,银卡,-1.0,-1.0,-1.0,-1.0,-1
415,2.0,-1.0,-1.0,-1.0,-1.0,-1.0,-1.0,-1.0,-1.0,-1.0,-1.0,-1.0,-1.0,-1.0,37.0,11.0,1.0,否,4G,是,0.0,是,0.0,0.0,182.0,0.0,小米科技,MDE40,29.0,182.0,31.32,189.0,0.0,21860236.0,0.0,否,三星,-1.0,-1.0,-1.0,-1.0,-1
416,2.0,-1.0,-1.0,-1.0,-1.0,-1.0,-1.0,-1.0,-1.0,-1.0,-1.0,-1.0,-1.0,-1.0,0.0,5.0,1.0,否,4G,否,0.0,是,0.0,0.0,216.0,0.0,苹果,iPhone 8 A1863,92.8,216.0,89.38,229.0,0.0,19346101.0,0.0,否,三星,-1.0,-1.0,-1.0,-1.0,-1
417,1.0,1.0,-1.0,-1.0,-1.0,-1.0,-1.0,-1.0,-1.0,-1.0,-1.0,1.0,-1.0,-1.0,6.0,22.0,0.0,否,4G,否,0.0,是,0.0,0.0,311.0,0.0,华为,BMH-AN10,55.2,311.0,56.9,325.0,0.0,18763062.0,0.0,否,三星,-1.0,-1.0,-1.0,-1.0,-1
418,2.0,-1.0,-1.0,-1.0,-1.0,-1.0,-1.0,-1.0,-1.0,-1.0,-1.0,-1.0,-1.0,-1.0,37.0,91.0,11.0,否,5G,否,0.0,是,0.0,0.0,3335.0,0.0,苹果,A2634,216.9,3335.0,248.16,711.0,0.0,44494609.0,0.0,是,银卡,-1.0,-1.0,-1.0,-1.0,-1
419,2.0,-1.0,-1.0,-1.0,-1.0,-1.0,-1.0,-1.0,-1.0,-1.0,-1.0,-1.0,-1.0,-1.0,4.0,9.0,1.0,否,4G,否,0.0,是,0.0,0.0,198.0,0.0,苹果,A2108,45.0,198.0,46.8,75.0,0.0,18848530.0,0.0,否,三星,-1.0,-1.0,-1.0,-1.0,-1
420,1.0,1.0,1.0,-1.0,-1.0,-1.0,-1.0,-1.0,-1.0,-1.0,1.0,1.0,1.0,-1.0,4.0,6.0,4.0,否,5G,否,0.0,是,0.0,0.0,958.0,0.0,苹果,A2404,78.0,958.0,78.0,867.0,0.0,12598862.0,0.0,是,三星,-1.0,-1.0,-1.0,-1.0,-1
421,2.0,-1.0,-1.0,-1.0,-1.0,-1.0,-1.0,-1.0,-1.0,-1.0,-1.0,-1.0,-1.0,-1.0,9.0,6.0,0.0,否,4G,否,0.0,是,0.0,0.0,184.0,0.0,华为,TAS-AN00,9.0,184.0,12.2,173.0,0.0,82344.0,0.0,否,三星,-1.0,-1.0,-1.0,-1.0,-1
422,1.0,1.0,1.0,-1.0,-1.0,1.0,1.0,1.0,1.0,-1.0,1.0,-1.0,-1.0,-1.0,17.0,7.0,2.0,否,4G,否,0.0,是,0.0,0.0,355.0,0.0,苹果,A2298,41.35,355.0,43.75,160.0,0.0,2642499.0,0.0,否,一星,-1.0,-1.0,-1.0,-1.0,-1
423,1.0,1.0,1.0,-1.0,-1.0,-1.0,1.0,-1.0,-1.0,-1.0,-1.0,1.0,-1.0,-1.0,1.0,15.0,0.0,否,5G,否,0.0,是,0.0,0.0,160.0,0.0,华为,TAS-AN00,10.0,160.0,20.0,108.0,0.0,63040.0,0.0,是,三星,-1.0,-1.0,-1.0,-1.0,-1
424,2.0,-1.0,-1.0,-1.0,-1.0,-1.0,-1.0,-1.0,-1.0,-1.0,-1.0,-1.0,-1.0,-1.0,3.0,66.0,4.0,否,5G,否,0.0,是,0.0,0.0,504.0,0.0,苹果,A2412,152.4,504.0,133.1,270.0,0.0,34226431.0,0.0,是,银卡,-1.0,-1.0,-1.0,-1.0,-1
425,2.0,-1.0,-1.0,-1.0,-1.0,-1.0,-1.0,-1.0,-1.0,-1.0,-1.0,-1.0,-1.0,-1.0,28.0,13.0,2.0,否,4G,否,0.0,是,0.0,0.0,232.0,0.0,小米科技,M2003J15SC,60.0,232.0,60.0,186.0,4.58861876444795e-07,54482626.0,25.0,否,三星,-1.0,-1.0,-1.0,-1.0,-1
426,1.0,1.0,-1.0,-1.0,-1.0,-1.0,1.0,-1.0,1.0,1.0,1.0,1.0,1.0,1.0,15.0,356.0,45.0,否,5G,否,32.52,是,10.0,0.0,1108.0,0.0,苹果,A2639,111.12,1108.0,116.6,565.0,0.0,16714723.0,0.0,是,三星,-1.0,-1.0,-1.0,-1.0,-1
427,1.0,-1.0,-1.0,-1.0,-1.0,-1.0,1.0,-1.0,1.0,-1.0,-1.0,-1.0,-1.0,-1.0,2.0,48.0,3.0,否,4G,否,0.0,是,0.0,0.0,699.0,0.0,华为,TAS-AN00,74.0,699.0,74.0,277.0,0.0,217292.0,0.0,否,三星,-1.0,-1.0,-1.0,-1.0,-1
428,1.0,1.0,-1.0,-1.0,-1.0,-1.0,-1.0,-1.0,1.0,-1.0,-1.0,-1.0,-1.0,-1.0,6.0,23.0,1.0,否,5G,否,0.0,是,0.0,0.0,269.0,0.0,小米科技,M2012K11AC,58.0,269.0,58.0,258.0,0.0,5983893.0,0.0,是,三星,-1.0,-1.0,-1.0,-1.0,-1
429,2.0,-1.0,-1.0,-1.0,-1.0,-1.0,-1.0,-1.0,-1.0,-1.0,-1.0,-1.0,-1.0,-1.0,3.0,26.0,2.0,否,4G,否,0.0,是,0.0,0.0,1681.0,0.0,华为,BKL-AL20,235.0,1681.0,232.61,622.0,0.0,41337516.0,0.0,否,银卡,-1.0,-1.0,-1.0,-1.0,-1
430,1.0,1.0,-1.0,-1.0,-1.0,-1.0,-1.0,-1.0,-1.0,-1.0,1.0,1.0,-1.0,-1.0,0.0,1.0,1.0,否,5G,否,0.0,是,0.0,0.0,332.0,0.0,步步高,V2072A,38.0,332.0,38.0,68.0,0.0,661418.0,0.0,是,三星,-1.0,-1.0,-1.0,-1.0,-1
431,2.0,-1.0,-1.0,-1.0,-1.0,-1.0,-1.0,-1.0,-1.0,-1.0,-1.0,-1.0,-1.0,-1.0,18.0,4.0,0.0,否,4G,否,0.0,是,0.0,0.0,124.0,0.0,小米科技,M2010J19SC,49.0,124.0,49.0,87.0,0.0,40489516.0,0.0,否,三星,-1.0,-1.0,-1.0,-1.0,-1
432,1.0,-1.0,-1.0,-1.0,-1.0,1.0,-1.0,-1.0,1.0,-1.0,-1.0,-1.0,-1.0,-1.0,60.0,5.0,1.0,否,5G,否,0.0,是,0.0,0.0,489.0,0.0,步步高,V1962A,145.2,489.0,116.1,155.0,0.0,20632225.0,0.0,是,银卡,-1.0,-1.0,-1.0,-1.0,-1
433,2.0,-1.0,-1.0,-1.0,-1.0,-1.0,-1.0,-1.0,-1.0,-1.0,-1.0,-1.0,-1.0,-1.0,18.0,0.0,0.0,否,4G,否,0.0,是,0.0,0.0,418.0,0.0,华为,HMA-AL00,96.68,418.0,84.23,260.0,1.12755278923511e-05,7715825.0,87.0,否,一星,-1.0,-1.0,-1.0,-1.0,-1
434,1.0,-1.0,-1.0,-1.0,-1.0,-1.0,1.0,-1.0,1.0,-1.0,-1.0,-1.0,-1.0,-1.0,0.0,0.0,0.0,否,4G,否,18.69,是,5.51,0.0,278.0,0.0,小米科技,M2006C3LC,14.27,278.0,20.12,327.0,0.0,21489.0,0.0,否,三星,-1.0,-1.0,-1.0,-1.0,-1
435,1.0,-1.0,-1.0,-1.0,-1.0,1.0,1.0,1.0,1.0,-1.0,-1.0,-1.0,-1.0,-1.0,4.0,26.0,0.0,否,5G,否,0.0,是,0.0,0.0,426.0,0.0,苹果,A2400,33.0,426.0,33.0,307.0,0.0,3698185.0,0.0,是,三星,-1.0,-1.0,-1.0,-1.0,-1
436,1.0,-1.0,-1.0,-1.0,-1.0,1.0,-1.0,-1.0,1.0,1.0,-1.0,1.0,-1.0,-1.0,4.0,22.0,1.0,否,4G,否,0.0,是,0.0,0.0,256.0,0.0,苹果,A2217,21.1,256.0,21.1,450.0,0.0,5580994.0,0.0,否,二星,-1.0,-1.0,-1.0,-1.0,-1
437,2.0,-1.0,-1.0,-1.0,-1.0,-1.0,-1.0,-1.0,-1.0,-1.0,-1.0,-1.0,-1.0,-1.0,13.0,35.0,1.0,否,4G,否,0.0,是,0.0,0.0,443.0,0.0,华为,POT-AL00a,72.9,443.0,70.0,610.0,0.0,25002534.0,0.0,否,二星,-1.0,-1.0,-1.0,-1.0,-1
438,1.0,1.0,-1.0,-1.0,-1.0,-1.0,-1.0,-1.0,-1.0,-1.0,-1.0,-1.0,-1.0,1.0,3.0,0.0,0.0,否,4G,否,0.0,是,0.0,0.0,307.0,0.0,华为,TAS-AN00,110.0,307.0,110.0,365.0,0.0,6965512.0,0.0,否,银卡,-1.0,-1.0,-1.0,-1.0,-1
439,1.0,1.0,-1.0,-1.0,-1.0,-1.0,-1.0,-1.0,1.0,-1.0,-1.0,-1.0,-1.0,-1.0,50.0,0.0,0.0,否,4G,否,0.0,是,0.0,0.0,275.0,0.0,华为,SEA-AL10,119.9,275.0,100.0,161.0,0.0,80409775.0,0.0,否,二星,-1.0,-1.0,-1.0,-1.0,-1
440,1.0,1.0,-1.0,-1.0,-1.0,-1.0,-1.0,-1.0,-1.0,-1.0,1.0,-1.0,-1.0,-1.0,1.0,6.0,1.0,否,5G,否,0.0,是,0.0,0.0,276.0,0.0,苹果,A2404,53.8,276.0,72.89,361.0,0.0,2808870.0,0.0,是,三星,-1.0,-1.0,-1.0,-1.0,-1
441,2.0,-1.0,-1.0,-1.0,-1.0,-1.0,-1.0,-1.0,-1.0,-1.0,-1.0,-1.0,-1.0,-1.0,14.0,41.0,2.0,否,4G,否,0.0,是,0.0,0.0,843.0,0.0,苹果,iPhone X A1865,93.3,843.0,90.0,278.0,0.0,7615067.0,0.0,否,银卡,-1.0,-1.0,-1.0,-1.0,-1
442,2.0,-1.0,-1.0,-1.0,-1.0,-1.0,-1.0,-1.0,-1.0,-1.0,-1.0,-1.0,-1.0,-1.0,3.0,1.0,0.0,否,4G,否,0.0,是,0.0,0.0,162.0,0.0,华为,PAR-AL00,26.7,162.0,27.35,230.0,0.0,5538257.0,0.0,否,三星,-1.0,-1.0,-1.0,-1.0,-1
443,2.0,-1.0,-1.0,-1.0,-1.0,-1.0,-1.0,-1.0,-1.0,-1.0,-1.0,-1.0,-1.0,-1.0,0.0,12.0,0.0,否,4G,是,0.0,是,0.0,0.0,149.0,0.0,小米科技,HMNote8M1908C3JE,5.94,149.0,5.76,134.0,0.0,7029800.0,0.0,否,二星,-1.0,-1.0,-1.0,-1.0,-1
444,2.0,-1.0,-1.0,-1.0,-1.0,-1.0,-1.0,-1.0,-1.0,-1.0,-1.0,-1.0,-1.0,-1.0,2.0,0.0,0.0,否,4G,否,0.0,是,0.0,0.0,337.0,0.0,华为,TEL_AN10,8.5,337.0,8.0,254.0,0.0,1860562.0,0.0,否,三星,-1.0,-1.0,-1.0,-1.0,-1
445,2.0,-1.0,-1.0,-1.0,-1.0,-1.0,-1.0,-1.0,-1.0,-1.0,-1.0,-1.0,-1.0,-1.0,0.0,27.0,8.0,否,4G,否,0.0,是,0.0,0.0,824.0,0.0,小米科技,HMK20ProM1903F11A,134.04,824.0,68.64,392.0,0.0,7146258.0,0.0,否,三星,-1.0,-1.0,-1.0,-1.0,-1
446,2.0,-1.0,-1.0,-1.0,-1.0,-1.0,-1.0,-1.0,-1.0,-1.0,-1.0,-1.0,-1.0,-1.0,13.0,18.0,1.0,否,4G,否,0.0,是,0.0,0.0,279.0,0.0,华为,BLN-AL10,48.0,279.0,48.0,69.0,0.0,15304936.0,0.0,否,三星,-1.0,-1.0,-1.0,-1.0,-1
447,1.0,1.0,1.0,-1.0,-1.0,-1.0,-1.0,-1.0,-1.0,1.0,-1.0,1.0,-1.0,-1.0,0.0,0.0,1.0,否,5G,否,0.0,是,0.0,0.0,208.0,0.0,华为,ELS-AN00,130.0,208.0,130.0,133.0,0.0,11494219.0,0.0,是,银卡,-1.0,-1.0,-1.0,-1.0,-1
448,1.0,-1.0,-1.0,-1.0,1.0,-1.0,-1.0,-1.0,-1.0,-1.0,-1.0,-1.0,-1.0,1.0,8.0,9.0,0.0,否,4G,否,0.0,是,0.0,0.0,217.0,0.0,欧珀,PDBM00,23.0,217.0,23.0,265.0,0.0,3582997.0,0.0,否,三星,-1.0,-1.0,-1.0,-1.0,-1
449,2.0,-1.0,-1.0,-1.0,-1.0,-1.0,-1.0,-1.0,-1.0,-1.0,-1.0,-1.0,-1.0,-1.0,2.0,0.0,0.0,否,4G,否,0.0,是,0.0,0.0,314.0,0.0,苹果,iPhone XS MAX (A1921),29.98,314.0,32.33,408.0,0.0,253053.0,0.0,否,三星,-1.0,-1.0,-1.0,-1.0,-1
450,1.0,-1.0,-1.0,-1.0,1.0,-1.0,-1.0,-1.0,-1.0,-1.0,-1.0,1.0,-1.0,-1.0,1.0,7.0,0.0,否,4G,否,0.0,是,0.0,0.0,399.0,0.0,苹果,A2220,56.6,399.0,56.3,319.0,0.0,28831565.0,0.0,否,三星,-1.0,-1.0,-1.0,-1.0,-1
451,2.0,-1.0,-1.0,-1.0,-1.0,-1.0,-1.0,-1.0,-1.0,-1.0,-1.0,-1.0,-1.0,-1.0,5.0,28.0,4.0,否,4G,否,0.0,是,0.0,0.0,598.0,0.0,华为,EVR-AL00,138.1,598.0,128.1,342.0,0.0,22546468.0,0.0,否,银卡,-1.0,-1.0,-1.0,-1.0,-1
452,1.0,1.0,1.0,-1.0,-1.0,1.0,-1.0,-1.0,-1.0,-1.0,-1.0,1.0,-1.0,1.0,5.0,14.0,0.0,否,4G,否,0.0,是,0.0,0.0,319.0,0.0,华为,VTR-AL00,114.61,319.0,111.2,97.0,0.0,38151727.0,0.0,否,银卡,-1.0,1.0,-1.0,-1.0,-1
453,1.0,1.0,-1.0,-1.0,-1.0,-1.0,-1.0,-1.0,-1.0,-1.0,-1.0,-1.0,-1.0,1.0,13.0,17.0,0.0,否,4G,否,340.76,是,10.0,0.0,649.0,0.0,苹果,iPhone X A1865,141.0,649.0,111.8,413.0,0.0,49191750.0,0.0,否,银卡,-1.0,-1.0,-1.0,-1.0,-1
454,1.0,1.0,1.0,-1.0,-1.0,1.0,1.0,-1.0,1.0,1.0,1.0,-1.0,-1.0,1.0,1.0,17.0,2.0,否,4G,否,0.0,是,0.0,0.0,334.0,0.0,苹果,iPhone X A1865,79.92,334.0,64.53,223.0,0.0,14706155.0,0.0,否,三星,-1.0,-1.0,-1.0,-1.0,-1
455,2.0,-1.0,-1.0,-1.0,-1.0,-1.0,-1.0,-1.0,-1.0,-1.0,-1.0,-1.0,-1.0,-1.0,2.0,2.0,1.0,否,5G,否,9971.24,是,132.0,0.0,206.0,0.0,华为,CDY-AN00,251.0,206.0,143.0,270.0,0.000173917614122524,83177314.0,14466.0,是,银卡,-1.0,-1.0,-1.0,-1.0,-1
456,1.0,-1.0,-1.0,-1.0,-1.0,-1.0,-1.0,-1.0,-1.0,-1.0,-1.0,1.0,-1.0,1.0,0.0,23.0,0.0,否,5G,是,0.0,是,0.0,0.0,408.0,0.0,小米科技,M2102J2SC,160.0,408.0,160.0,457.0,0.0,9253281.0,0.0,是,银卡,1.0,-1.0,-1.0,-1.0,-1
457,1.0,-1.0,1.0,-1.0,-1.0,-1.0,-1.0,-1.0,1.0,-1.0,1.0,-1.0,-1.0,-1.0,2.0,2.0,1.0,否,4G,否,0.0,是,0.0,0.0,229.0,0.0,苹果,iPhone 8 Plus A1864,19.0,229.0,19.0,139.0,0.0,6574617.0,0.0,否,三星,-1.0,-1.0,-1.0,-1.0,-1
458,2.0,-1.0,-1.0,-1.0,-1.0,-1.0,-1.0,-1.0,-1.0,-1.0,-1.0,-1.0,-1.0,-1.0,0.0,1.0,1.0,否,5G,否,0.0,是,0.0,0.0,205.0,0.0,中邮通信,Hera-BD00,227.0,205.0,227.3,421.0,0.0,3330095.0,0.0,是,金卡,-1.0,-1.0,-1.0,-1.0,-1
459,1.0,-1.0,1.0,-1.0,-1.0,-1.0,-1.0,-1.0,1.0,-1.0,-1.0,1.0,-1.0,1.0,1.0,16.0,0.0,否,4G,否,8.34,是,2.32,0.0,295.0,0.0,苹果,A2634,145.72,295.0,120.0,206.0,0.0,22028806.0,0.0,否,银卡,-1.0,-1.0,-1.0,-1.0,-1
460,1.0,1.0,-1.0,-1.0,-1.0,-1.0,-1.0,-1.0,1.0,-1.0,-1.0,-1.0,-1.0,1.0,2.0,10.0,1.0,否,4G,否,0.0,是,0.0,0.0,132.0,0.0,步步高,V1818CA,40.0,132.0,40.0,142.0,0.0,20644788.0,0.0,否,三星,-1.0,-1.0,-1.0,-1.0,-1
461,2.0,-1.0,-1.0,-1.0,-1.0,-1.0,-1.0,-1.0,-1.0,-1.0,-1.0,-1.0,-1.0,-1.0,32.0,26.0,2.0,否,5G,否,0.0,是,0.0,0.0,416.0,0.0,苹果,A2412,54.3,416.0,49.0,307.0,0.0,10906273.0,0.0,是,三星,-1.0,-1.0,-1.0,-1.0,-1
462,2.0,-1.0,-1.0,-1.0,-1.0,-1.0,-1.0,-1.0,-1.0,-1.0,-1.0,-1.0,-1.0,-1.0,1.0,18.0,4.0,否,4G,否,0.0,是,0.0,0.0,212.0,0.0,华为,JSN-AL00,65.0,212.0,70.0,157.0,0.0,2364772.0,0.0,否,三星,-1.0,-1.0,-1.0,-1.0,-1
463,1.0,1.0,1.0,-1.0,-1.0,1.0,-1.0,-1.0,-1.0,1.0,1.0,1.0,-1.0,1.0,3.0,0.0,0.0,否,4G,否,0.0,是,0.0,0.0,290.0,0.0,苹果,A2223,58.0,290.0,58.0,355.0,0.0,19466192.0,0.0,否,三星,-1.0,-1.0,-1.0,-1.0,-1
464,1.0,1.0,1.0,-1.0,-1.0,-1.0,-1.0,1.0,1.0,1.0,-1.0,1.0,-1.0,-1.0,51.0,48.0,1.0,否,5G,否,0.0,是,0.0,0.0,1395.0,0.0,苹果,A2412,261.0,1395.0,261.1,566.0,0.0,33586768.0,0.0,是,金卡,-1.0,-1.0,-1.0,-1.0,-1
465,1.0,-1.0,1.0,-1.0,-1.0,-1.0,-1.0,-1.0,-1.0,1.0,-1.0,-1.0,-1.0,-1.0,32.0,24.0,0.0,否,5G,否,0.0,是,0.0,0.0,256.0,0.0,万普拉斯,IN2020,45.0,256.0,51.0,61.0,0.0,17794843.0,0.0,是,二星,-1.0,-1.0,-1.0,-1.0,-1
466,2.0,-1.0,-1.0,-1.0,-1.0,-1.0,-1.0,-1.0,-1.0,-1.0,-1.0,-1.0,-1.0,-1.0,2.0,0.0,0.0,否,5G,否,0.0,是,0.0,0.0,234.0,0.0,华为,NOH-AN00,145.0,234.0,53.0,210.0,2.28476780454981e-05,13086669.0,299.0,是,三星,-1.0,-1.0,-1.0,-1.0,-1
467,1.0,1.0,-1.0,-1.0,-1.0,-1.0,-1.0,-1.0,1.0,-1.0,-1.0,1.0,-1.0,1.0,1.0,20.0,2.0,否,4G,否,0.0,是,0.0,0.0,595.0,0.0,苹果,A2223,33.6,595.0,20.47,433.0,0.0,16575985.0,0.0,否,三星,-1.0,-1.0,-1.0,-1.0,-1
468,2.0,-1.0,-1.0,-1.0,-1.0,-1.0,-1.0,-1.0,-1.0,-1.0,-1.0,-1.0,-1.0,-1.0,26.0,0.0,0.0,否,5G,否,0.0,是,0.0,0.0,137.0,0.0,华为,ALA-AN70,83.1,137.0,67.21,122.0,0.0,707832.0,0.0,是,三星,-1.0,-1.0,-1.0,-1.0,-1
469,1.0,-1.0,1.0,-1.0,-1.0,1.0,-1.0,-1.0,1.0,-1.0,-1.0,1.0,-1.0,-1.0,3.0,6.0,1.0,否,5G,否,0.0,是,0.0,0.0,560.0,0.0,华为,CDY-AN20,56.2,560.0,60.0,397.0,0.0,40475768.0,0.0,是,三星,-1.0,-1.0,-1.0,-1.0,-1
470,1.0,-1.0,-1.0,-1.0,-1.0,1.0,-1.0,-1.0,-1.0,1.0,1.0,1.0,-1.0,1.0,2.0,1.0,10.0,否,5G,否,0.0,是,0.0,0.0,469.0,0.0,三星,SM-F7110,115.0,469.0,115.0,712.0,0.0,11872547.0,0.0,是,银卡,-1.0,-1.0,-1.0,-1.0,-1
471,1.0,-1.0,1.0,-1.0,-1.0,1.0,-1.0,-1.0,1.0,-1.0,-1.0,1.0,-1.0,-1.0,0.0,16.0,1.0,否,4G,否,0.0,是,0.0,0.0,177.0,0.0,苹果,iPhone 8 Plus A1864,18.64,177.0,11.75,89.0,0.0,71039.0,0.0,否,三星,-1.0,-1.0,-1.0,-1.0,-1
472,1.0,1.0,-1.0,-1.0,1.0,1.0,-1.0,-1.0,1.0,1.0,1.0,-1.0,-1.0,1.0,10.0,77.0,0.0,否,5G,否,0.0,是,0.0,0.0,1022.0,0.0,苹果,A2412,62.0,1022.0,63.0,207.0,0.0,5707430.0,0.0,是,三星,-1.0,-1.0,-1.0,-1.0,-1
473,2.0,-1.0,-1.0,-1.0,-1.0,-1.0,-1.0,-1.0,-1.0,-1.0,-1.0,-1.0,-1.0,-1.0,5.0,4.0,1.0,否,5G,否,0.0,是,0.0,0.0,853.0,0.0,步步高,V1986A,162.0,853.0,167.0,657.0,0.00110213082632715,18304542.0,20174.0,是,银卡,-1.0,-1.0,-1.0,-1.0,-1
474,1.0,-1.0,-1.0,-1.0,-1.0,-1.0,1.0,-1.0,-1.0,-1.0,-1.0,1.0,-1.0,1.0,2.0,3.0,0.0,否,5G,否,0.0,是,0.0,0.0,237.0,0.0,苹果,A2404,36.2,237.0,37.1,159.0,0.0,20227177.0,0.0,是,三星,-1.0,-1.0,-1.0,-1.0,-1
475,1.0,1.0,-1.0,-1.0,-1.0,-1.0,-1.0,1.0,-1.0,-1.0,-1.0,1.0,-1.0,1.0,2.0,15.0,0.0,否,5G,否,0.0,是,0.0,0.0,263.0,0.0,小米科技,M2102K1C,26.39,263.0,11.0,94.0,0.0,29088771.0,0.0,是,三星,-1.0,-1.0,-1.0,-1.0,-1
476,2.0,-1.0,-1.0,-1.0,-1.0,-1.0,-1.0,-1.0,-1.0,-1.0,-1.0,-1.0,-1.0,-1.0,6.0,0.0,3.0,否,5G,是,0.0,是,0.0,0.0,248.0,0.0,华为,JEF-AN20,140.0,248.0,140.0,124.0,0.0,56627659.0,0.0,是,银卡,-1.0,-1.0,-1.0,-1.0,-1
477,1.0,1.0,1.0,-1.0,-1.0,1.0,-1.0,-1.0,1.0,-1.0,1.0,1.0,-1.0,1.0,12.0,22.0,1.0,否,4G,否,0.0,是,0.0,0.0,345.0,0.0,苹果,iPhone 6S Plus A1687,60.1,345.0,60.1,131.0,0.0,2620711.0,0.0,否,三星,-1.0,-1.0,-1.0,-1.0,-1
478,2.0,-1.0,-1.0,-1.0,-1.0,-1.0,-1.0,-1.0,-1.0,-1.0,-1.0,-1.0,-1.0,-1.0,138.0,15.0,0.0,否,4G,否,0.0,是,0.0,0.0,280.0,0.0,步步高,V1829A,69.0,280.0,69.0,247.0,0.0,3761956.0,0.0,否,三星,-1.0,-1.0,-1.0,-1.0,-1
479,2.0,-1.0,-1.0,-1.0,-1.0,-1.0,-1.0,-1.0,-1.0,-1.0,-1.0,-1.0,-1.0,-1.0,20.0,19.0,0.0,否,4G,否,0.0,是,0.0,0.0,191.0,0.0,华为,ALP-AL00,35.0,191.0,45.0,263.0,0.0,11158572.0,0.0,否,三星,-1.0,-1.0,-1.0,-1.0,-1
480,2.0,-1.0,-1.0,-1.0,-1.0,-1.0,-1.0,-1.0,-1.0,-1.0,-1.0,-1.0,-1.0,-1.0,161.0,10.0,1.0,否,4G,否,0.0,是,0.0,0.0,162.0,0.0,欧珀,PCAM00,1.32,162.0,0.36,163.0,0.0,2902391.0,0.0,否,三星,-1.0,-1.0,-1.0,-1.0,-1
481,1.0,1.0,1.0,-1.0,-1.0,1.0,-1.0,-1.0,-1.0,1.0,1.0,-1.0,-1.0,1.0,25.0,27.0,13.0,否,4G,否,0.0,是,0.0,0.0,1221.0,0.0,realme,RMX1851,70.0,1221.0,70.0,630.0,0.0,1922065.0,0.0,否,三星,-1.0,-1.0,-1.0,-1.0,-1
482,2.0,-1.0,-1.0,-1.0,-1.0,-1.0,-1.0,-1.0,-1.0,-1.0,-1.0,-1.0,-1.0,-1.0,1.0,2.0,0.0,否,5G,否,0.0,是,0.0,0.0,242.0,0.0,苹果,A2644,53.1,242.0,48.4,203.0,0.0,10333575.0,0.0,是,三星,-1.0,-1.0,-1.0,-1.0,-1
483,2.0,-1.0,-1.0,-1.0,-1.0,-1.0,-1.0,-1.0,-1.0,-1.0,-1.0,-1.0,-1.0,-1.0,0.0,6.0,0.0,否,4G,否,0.0,是,0.0,0.0,492.0,0.0,华为,JAD-AL00,20.15,492.0,20.0,189.0,0.0,1588200.0,0.0,否,二星,-1.0,-1.0,-1.0,-1.0,-1
484,2.0,-1.0,-1.0,-1.0,-1.0,-1.0,-1.0,-1.0,-1.0,-1.0,-1.0,-1.0,-1.0,-1.0,5.0,37.0,1.0,否,4G,否,0.0,是,0.0,0.0,407.0,0.0,苹果,A2408,90.0,407.0,90.0,283.0,0.0,13402384.0,0.0,否,三星,-1.0,-1.0,-1.0,-1.0,-1
485,1.0,1.0,-1.0,-1.0,-1.0,-1.0,-1.0,-1.0,-1.0,-1.0,-1.0,-1.0,-1.0,1.0,22.0,19.0,1.0,否,4G,否,0.0,是,0.0,0.0,192.0,0.0,华为,FRD-AL10,59.0,192.0,88.0,48.0,0.0,771617.0,0.0,否,三星,-1.0,-1.0,-1.0,-1.0,-1
486,2.0,-1.0,-1.0,-1.0,-1.0,-1.0,-1.0,-1.0,-1.0,-1.0,-1.0,-1.0,-1.0,-1.0,7.0,0.0,2.0,否,5G,否,0.0,是,0.0,0.0217391304347826,184.0,4.0,小米科技,M2001J2C,70.0,184.0,70.0,194.0,0.0724335945859429,5616786.0,406844.0,是,三星,-1.0,-1.0,-1.0,-1.0,-1
487,1.0,-1.0,1.0,-1.0,-1.0,1.0,-1.0,1.0,1.0,-1.0,1.0,1.0,-1.0,-1.0,6.0,5.0,2.0,否,5G,否,0.0,是,0.0,0.0,218.0,0.0,苹果,iPhone 7Plus A1661,110.0,218.0,110.0,108.0,0.0,15539300.0,0.0,是,三星,-1.0,-1.0,-1.0,-1.0,-1
488,1.0,1.0,-1.0,-1.0,-1.0,-1.0,-1.0,-1.0,1.0,-1.0,-1.0,1.0,-1.0,1.0,5.0,0.0,0.0,否,4G,否,0.0,是,0.0,0.0,138.0,0.0,华为,EVR-AL00,29.0,138.0,55.0,121.0,0.0,22970118.0,0.0,否,三星,-1.0,-1.0,-1.0,-1.0,-1
489,1.0,1.0,-1.0,-1.0,-1.0,1.0,-1.0,-1.0,-1.0,-1.0,1.0,1.0,-1.0,1.0,4.0,8.0,0.0,否,5G,否,0.0,是,0.0,0.0,174.0,0.0,华为,EVR-AN00,49.0,174.0,49.0,116.0,0.0,4260044.0,0.0,是,三星,-1.0,-1.0,-1.0,-1.0,-1
490,2.0,-1.0,-1.0,-1.0,-1.0,-1.0,-1.0,-1.0,-1.0,-1.0,-1.0,-1.0,-1.0,-1.0,50.0,0.0,0.0,否,4G,否,0.0,是,0.0,0.0,221.0,0.0,华为,CLT-AL01,51.28,221.0,49.0,107.0,0.0,7076615.0,0.0,否,三星,-1.0,-1.0,-1.0,-1.0,-1
491,2.0,-1.0,-1.0,-1.0,-1.0,-1.0,-1.0,-1.0,-1.0,-1.0,-1.0,-1.0,-1.0,-1.0,2.0,0.0,0.0,否,4G,否,0.0,是,0.0,0.0,183.0,0.0,华为,HLK-AL00,59.0,183.0,69.0,79.0,0.0,3262419.0,0.0,否,三星,-1.0,-1.0,-1.0,-1.0,-1
492,1.0,1.0,-1.0,-1.0,-1.0,-1.0,-1.0,1.0,-1.0,1.0,-1.0,1.0,-1.0,-1.0,0.0,19.0,2.0,否,5G,否,0.0,是,0.0,0.0,1813.0,0.0,苹果,iPhone X A1865,100.0,1813.0,100.0,413.0,0.0,30989205.0,0.0,是,三星,-1.0,-1.0,-1.0,-1.0,-1
493,1.0,-1.0,-1.0,-1.0,-1.0,-1.0,-1.0,-1.0,-1.0,-1.0,-1.0,1.0,-1.0,1.0,13.0,11.0,0.0,否,4G,否,38.26,是,10.0,0.0,273.0,0.0,步步高,V2162A,23.57,273.0,9.16,184.0,0.0,12799446.0,0.0,否,三星,1.0,-1.0,-1.0,-1.0,-1
494,1.0,-1.0,-1.0,1.0,-1.0,-1.0,-1.0,-1.0,-1.0,-1.0,1.0,1.0,-1.0,1.0,13.0,4.0,2.0,否,4G,是,0.0,是,0.0,0.0,132.0,0.0,苹果,iPhone 7 A1660,21.0,132.0,21.0,129.0,0.0,15790754.0,0.0,否,二星,-1.0,-1.0,-1.0,-1.0,-1
495,1.0,1.0,1.0,1.0,1.0,1.0,1.0,1.0,1.0,1.0,1.0,1.0,1.0,1.0,39.0,18.0,11.0,否,5G,否,0.0,是,0.0,0.0,247.0,0.0,苹果,A2644,79.15,247.0,61.15,204.0,0.0,20746464.0,0.0,是,三星,-1.0,-1.0,-1.0,-1.0,-1
496,1.0,-1.0,1.0,-1.0,-1.0,1.0,-1.0,-1.0,-1.0,-1.0,1.0,1.0,-1.0,-1.0,46.0,8.0,1.0,否,5G,否,0.0,是,0.0,0.0,284.0,0.0,苹果,A2408,109.0,284.0,68.0,160.0,0.0,5345480.0,0.0,是,三星,-1.0,-1.0,-1.0,-1.0,-1
497,1.0,-1.0,-1.0,-1.0,-1.0,1.0,-1.0,1.0,1.0,1.0,1.0,1.0,-1.0,1.0,7.0,16.0,0.0,否,5G,否,0.0,是,0.0,0.0,195.0,0.0,小米科技,M2101K9C,39.0,195.0,38.0,99.0,0.0,41384941.0,0.0,是,三星,-1.0,-1.0,-1.0,-1.0,-1
498,1.0,1.0,1.0,-1.0,-1.0,1.0,-1.0,1.0,-1.0,-1.0,1.0,1.0,1.0,-1.0,30.0,13.0,0.0,否,4G,否,0.0,是,0.0,0.0,1040.0,0.0,华为,VOG-AL00,104.26,1040.0,77.08,724.0,0.0,14800738.0,0.0,否,三星,-1.0,-1.0,-1.0,-1.0,-1
499,2.0,-1.0,-1.0,-1.0,-1.0,-1.0,-1.0,-1.0,-1.0,-1.0,-1.0,-1.0,-1.0,-1.0,1.0,0.0,4.0,否,5G,否,0.0,是,0.0,0.0,158.0,0.0,小米科技,M2104K10AC,50.28,158.0,54.46,298.0,0.0,3998346.0,0.0,是,三星,-1.0,-1.0,-1.0,-1.0,-1
500,1.0,1.0,1.0,-1.0,-1.0,-1.0,-1.0,-1.0,-1.0,-1.0,-1.0,1.0,-1.0,-1.0,1.0,6.0,0.0,否,5G,否,0.0,是,0.0,0.0,282.0,0.0,苹果,A2412,159.0,282.0,112.0,143.0,0.0,4303617.0,0.0,是,银卡,-1.0,-1.0,-1.0,-1.0,-1
501,2.0,-1.0,-1.0,-1.0,-1.0,-1.0,-1.0,-1.0,-1.0,-1.0,-1.0,-1.0,-1.0,-1.0,2.0,0.0,0.0,否,4G,是,0.0,是,0.0,0.0,181.0,0.0,小米科技,M1804E4A,26.1,181.0,28.99,397.0,0.0,12245905.0,0.0,否,三星,-1.0,-1.0,-1.0,-1.0,-1
502,2.0,-1.0,-1.0,-1.0,-1.0,-1.0,-1.0,-1.0,-1.0,-1.0,-1.0,-1.0,-1.0,-1.0,17.0,22.0,0.0,否,4G,否,80.54,是,18.41,0.0,552.0,0.0,华为,YAL-AL50,83.81,552.0,18.0,222.0,0.0,21442041.0,0.0,否,三星,-1.0,-1.0,-1.0,-1.0,-1
503,2.0,-1.0,-1.0,-1.0,-1.0,-1.0,-1.0,-1.0,-1.0,-1.0,-1.0,-1.0,-1.0,-1.0,5.0,13.0,0.0,否,5G,否,0.0,是,0.0,0.0,175.0,0.0,苹果,A2404,70.0,175.0,73.48,122.0,0.0,13152786.0,0.0,是,三星,-1.0,-1.0,-1.0,-1.0,-1
504,2.0,-1.0,-1.0,-1.0,-1.0,-1.0,-1.0,-1.0,-1.0,-1.0,-1.0,-1.0,-1.0,-1.0,31.0,27.0,2.0,否,4G,否,0.0,是,0.0,0.0,407.0,0.0,苹果,A2634,25.0,407.0,25.0,166.0,0.0,9649793.0,0.0,否,二星,-1.0,-1.0,-1.0,-1.0,-1
505,2.0,-1.0,-1.0,-1.0,-1.0,-1.0,-1.0,-1.0,-1.0,-1.0,-1.0,-1.0,-1.0,-1.0,18.0,14.0,11.0,否,5G,否,0.0,是,0.0,0.0,629.0,0.0,苹果,A2412,250.0,629.0,250.0,1135.0,0.0,11943333.0,0.0,是,白金卡,-1.0,-1.0,-1.0,-1.0,-1
506,1.0,1.0,-1.0,-1.0,-1.0,-1.0,-1.0,-1.0,-1.0,-1.0,-1.0,-1.0,-1.0,1.0,3.0,3.0,6.0,否,5G,否,0.0,是,0.0,0.0,1377.0,0.0,华为,JEF-AN00,261.0,1377.0,261.0,634.0,0.0,42373624.0,0.0,是,金卡,-1.0,-1.0,-1.0,-1.0,-1
507,1.0,1.0,-1.0,-1.0,-1.0,1.0,-1.0,-1.0,-1.0,-1.0,1.0,1.0,-1.0,-1.0,12.0,0.0,0.0,否,5G,否,0.0,是,0.0,0.0,157.0,0.0,华为,TAS-AN00,89.0,157.0,89.0,74.0,0.0,5694501.0,0.0,是,三星,-1.0,-1.0,-1.0,-1.0,-1
508,2.0,-1.0,-1.0,-1.0,-1.0,-1.0,-1.0,-1.0,-1.0,-1.0,-1.0,-1.0,-1.0,-1.0,31.0,25.0,3.0,否,4G,否,0.0,是,0.0,0.0,1414.0,0.0,华为,TAS-AL00,74.0,1414.0,74.0,688.0,0.0,21963559.0,0.0,否,三星,-1.0,-1.0,-1.0,-1.0,-1
509,1.0,1.0,-1.0,-1.0,-1.0,1.0,-1.0,-1.0,1.0,-1.0,-1.0,1.0,-1.0,1.0,4.0,8.0,0.0,否,4G,否,0.0,是,0.0,0.0,199.0,0.0,步步高,V1801A0,129.0,199.0,239.8,214.0,0.0,26670764.0,0.0,否,银卡,-1.0,-1.0,-1.0,-1.0,-1
510,1.0,1.0,-1.0,-1.0,-1.0,-1.0,-1.0,-1.0,-1.0,-1.0,1.0,-1.0,-1.0,-1.0,2.0,37.0,0.0,否,4G,否,0.0,是,0.0,0.0,685.0,0.0,小米科技,M2012K11C,12.04,685.0,8.0,95.0,0.0,225542.0,0.0,否,三星,-1.0,-1.0,-1.0,-1.0,-1
511,2.0,-1.0,-1.0,-1.0,-1.0,-1.0,-1.0,-1.0,-1.0,-1.0,-1.0,-1.0,-1.0,-1.0,37.0,12.0,1.0,否,4G,是,0.0,是,0.0,0.0,305.0,0.0,步步高,V1921A,111.0,305.0,111.0,257.0,0.0,36673830.0,0.0,否,银卡,-1.0,-1.0,-1.0,-1.0,-1
512,2.0,-1.0,-1.0,-1.0,-1.0,-1.0,-1.0,-1.0,-1.0,-1.0,-1.0,-1.0,-1.0,-1.0,3.0,14.0,1.0,否,4G,否,0.0,是,0.0,0.0,669.0,0.0,小米科技,M1912G7BE,38.98,669.0,47.07,652.0,0.0,1941891.0,0.0,否,三星,-1.0,-1.0,-1.0,-1.0,-1
513,2.0,-1.0,-1.0,-1.0,-1.0,-1.0,-1.0,-1.0,-1.0,-1.0,-1.0,-1.0,-1.0,-1.0,2.0,12.0,2.0,否,4G,否,0.0,是,0.0,0.0,416.0,0.0,苹果,A2108,75.0,416.0,75.0,345.0,0.0,15978477.0,0.0,否,三星,-1.0,-1.0,-1.0,-1.0,-1
514,1.0,1.0,-1.0,-1.0,-1.0,-1.0,-1.0,-1.0,1.0,-1.0,-1.0,-1.0,-1.0,-1.0,6.0,4.0,4.0,否,5G,否,0.0,是,0.0,0.0,843.0,0.0,华为,TAS-AN00,148.0,843.0,148.29,697.0,0.0,8235624.0,0.0,是,银卡,-1.0,-1.0,-1.0,-1.0,-1
515,2.0,-1.0,-1.0,-1.0,-1.0,-1.0,-1.0,-1.0,-1.0,-1.0,-1.0,-1.0,-1.0,-1.0,16.0,29.0,1.0,否,5G,否,0.0,是,0.0,0.0,296.0,0.0,苹果,A2644,58.0,296.0,58.0,142.0,0.0,15081644.0,0.0,是,三星,-1.0,-1.0,-1.0,-1.0,-1
516,2.0,-1.0,-1.0,-1.0,-1.0,-1.0,-1.0,-1.0,-1.0,-1.0,-1.0,-1.0,-1.0,-1.0,6.0,19.0,0.0,否,4G,否,0.0,是,0.0,0.0,253.0,0.0,华为,HMA-AL00,10.0,253.0,10.0,157.0,0.0,2011621.0,0.0,否,三星,-1.0,-1.0,-1.0,-1.0,-1
517,1.0,1.0,-1.0,-1.0,-1.0,-1.0,-1.0,-1.0,-1.0,-1.0,1.0,1.0,-1.0,1.0,7.0,13.0,0.0,否,4G,是,0.0,是,0.0,0.0,165.0,0.0,步步高,vivo X9L,70.0,165.0,70.0,13.0,0.0,14572620.0,0.0,否,三星,-1.0,-1.0,-1.0,-1.0,-1
518,2.0,-1.0,-1.0,-1.0,-1.0,-1.0,-1.0,-1.0,-1.0,-1.0,-1.0,-1.0,-1.0,-1.0,2.0,29.0,0.0,否,4G,否,0.0,是,0.0,0.0,464.0,0.0,苹果,A2404,69.0,464.0,63.0,95.0,0.0,3426351.0,0.0,否,白金卡,-1.0,-1.0,-1.0,-1.0,-1
519,1.0,1.0,-1.0,-1.0,-1.0,1.0,-1.0,1.0,1.0,1.0,1.0,1.0,-1.0,1.0,18.0,28.0,6.0,否,4G,否,0.0,是,0.0,0.0,618.0,0.0,苹果,A2223,75.0,618.0,75.0,514.0,0.0,7284801.0,0.0,否,三星,-1.0,-1.0,-1.0,-1.0,-1
520,1.0,-1.0,-1.0,-1.0,1.0,-1.0,-1.0,-1.0,-1.0,-1.0,1.0,1.0,-1.0,1.0,18.0,9.0,0.0,否,4G,否,0.0,是,0.0,0.0,160.0,0.0,苹果,A2217,50.0,160.0,49.0,167.0,0.0,9458448.0,0.0,否,三星,-1.0,-1.0,-1.0,-1.0,-1
521,2.0,-1.0,-1.0,-1.0,-1.0,-1.0,-1.0,-1.0,-1.0,-1.0,-1.0,-1.0,-1.0,-1.0,10.0,3.0,14.0,否,5G,否,0.0,是,0.0,0.0,405.0,0.0,华为,ELS-AN00,78.0,405.0,78.0,335.0,2.35279170499756e-05,19126215.0,450.0,是,三星,-1.0,-1.0,-1.0,-1.0,-1
522,1.0,-1.0,1.0,-1.0,-1.0,1.0,-1.0,-1.0,-1.0,-1.0,1.0,1.0,-1.0,-1.0,8.0,42.0,5.0,否,4G,否,0.0,是,0.0,0.0,3010.0,0.0,苹果,A2223,58.0,3010.0,65.0,773.0,0.0,19095353.0,0.0,否,三星,-1.0,-1.0,-1.0,-1.0,-1
523,1.0,1.0,-1.0,-1.0,-1.0,-1.0,-1.0,-1.0,-1.0,1.0,-1.0,-1.0,-1.0,-1.0,1.0,7.0,1.0,否,5G,否,0.0,是,0.0,0.0,410.0,0.0,小米科技,M2001J11C,15.0,410.0,15.0,323.0,0.0,3077220.0,0.0,是,三星,-1.0,-1.0,-1.0,-1.0,-1
524,1.0,-1.0,-1.0,-1.0,-1.0,1.0,-1.0,1.0,-1.0,-1.0,-1.0,1.0,-1.0,1.0,4.0,18.0,1.0,否,4G,否,0.0,是,0.0,0.0,215.0,0.0,欧珀,PBBM00,58.0,215.0,58.0,141.0,0.0,34443482.0,0.0,否,三星,-1.0,-1.0,-1.0,-1.0,-1
525,1.0,1.0,1.0,-1.0,-1.0,-1.0,-1.0,-1.0,-1.0,-1.0,-1.0,-1.0,-1.0,1.0,6.0,34.0,4.0,否,5G,否,0.0,是,0.0,0.0,1680.0,0.0,华为,NOH-AN00,240.0,1680.0,240.0,839.0,0.0,30892565.0,0.0,是,白金卡,-1.0,-1.0,-1.0,-1.0,-1
526,1.0,1.0,-1.0,-1.0,-1.0,-1.0,-1.0,-1.0,-1.0,-1.0,-1.0,-1.0,-1.0,1.0,31.0,20.0,0.0,否,4G,否,2.0,是,1.0,0.0,221.0,0.0,华为,COL-AL10,52.0,221.0,59.0,293.0,0.0,11896721.0,0.0,否,银卡,-1.0,-1.0,-1.0,-1.0,-1
527,1.0,1.0,-1.0,-1.0,-1.0,1.0,-1.0,1.0,-1.0,1.0,-1.0,1.0,-1.0,-1.0,2.0,25.0,2.0,否,4G,否,0.0,是,0.0,0.0,280.0,0.0,小米科技,M1912G7BE,18.0,280.0,18.0,175.0,0.0,999000.0,0.0,否,三星,-1.0,-1.0,-1.0,-1.0,-1
528,2.0,-1.0,-1.0,-1.0,-1.0,-1.0,-1.0,-1.0,-1.0,-1.0,-1.0,-1.0,-1.0,-1.0,41.0,19.0,0.0,否,4G,否,0.0,是,0.0,0.0,237.0,0.0,华为,TAS-AL00,181.9,237.0,178.6,202.0,0.0,27790064.0,0.0,否,银卡,-1.0,-1.0,-1.0,-1.0,-1
529,1.0,-1.0,-1.0,-1.0,-1.0,1.0,1.0,-1.0,1.0,1.0,1.0,-1.0,-1.0,-1.0,16.0,12.0,0.0,否,4G,否,0.0,是,0.0,0.0,212.0,0.0,苹果,A2223,87.0,212.0,87.0,123.0,0.0,11547305.0,0.0,否,三星,1.0,-1.0,-1.0,-1.0,-1
530,2.0,-1.0,-1.0,-1.0,-1.0,-1.0,-1.0,-1.0,-1.0,-1.0,-1.0,-1.0,-1.0,-1.0,7.0,1.0,6.0,否,5G,否,0.0,是,0.0,0.0,444.0,0.0,华为,DVC-AN20,124.95,444.0,120.0,336.0,0.0,7011598.0,0.0,是,银卡,-1.0,-1.0,-1.0,-1.0,-1
531,2.0,-1.0,-1.0,-1.0,-1.0,-1.0,-1.0,-1.0,-1.0,-1.0,-1.0,-1.0,-1.0,-1.0,16.0,40.0,4.0,否,4G,否,274.3,是,60.0,0.0,1471.0,0.0,苹果,iPhone X A1865,213.0,1471.0,183.0,865.0,0.0,15901054.0,0.0,否,银卡,-1.0,-1.0,-1.0,-1.0,-1
532,2.0,-1.0,-1.0,-1.0,-1.0,-1.0,-1.0,-1.0,-1.0,-1.0,-1.0,-1.0,-1.0,-1.0,35.0,15.0,0.0,否,4G,否,0.0,是,0.0,0.0,240.0,0.0,华为,ALP-AL00,168.3,240.0,168.8,199.0,0.0,4270694.0,0.0,否,银卡,-1.0,-1.0,-1.0,-1.0,-1
533,1.0,1.0,-1.0,-1.0,-1.0,-1.0,-1.0,-1.0,1.0,1.0,1.0,1.0,1.0,1.0,2.0,0.0,0.0,否,5G,否,0.0,是,0.0,0.0,226.0,0.0,小米科技,M2007J22C,73.77,226.0,48.1,102.0,0.0,42969511.0,0.0,是,二星,1.0,-1.0,-1.0,-1.0,-1
534,2.0,-1.0,-1.0,-1.0,-1.0,-1.0,-1.0,-1.0,-1.0,-1.0,-1.0,-1.0,-1.0,-1.0,35.0,2.0,0.0,否,5G,否,0.0,是,0.0,0.0,196.0,0.0,步步高,V1930A,59.0,196.0,59.0,74.0,0.0,14330498.0,0.0,是,三星,-1.0,-1.0,-1.0,-1.0,-1
535,2.0,-1.0,-1.0,-1.0,-1.0,-1.0,-1.0,-1.0,-1.0,-1.0,-1.0,-1.0,-1.0,-1.0,0.0,28.0,2.0,否,4G,否,0.0,是,0.0,0.0,382.0,0.0,苹果,iPhone X A1865,115.0,382.0,115.0,223.0,0.0,8478188.0,0.0,否,银卡,-1.0,-1.0,-1.0,-1.0,-1
536,2.0,-1.0,-1.0,-1.0,-1.0,-1.0,-1.0,-1.0,-1.0,-1.0,-1.0,-1.0,-1.0,-1.0,0.0,5.0,1.0,否,5G,否,0.0,是,0.0,0.0,135.0,0.0,苹果,A2634,25.6,135.0,25.0,31.0,0.0,2538159.0,0.0,是,三星,-1.0,-1.0,-1.0,-1.0,-1
537,1.0,-1.0,-1.0,-1.0,-1.0,1.0,-1.0,1.0,-1.0,-1.0,-1.0,1.0,-1.0,-1.0,2.0,3.0,0.0,否,5G,否,0.0,是,0.0,0.0,116.0,0.0,华为,LIO-AN00,38.0,116.0,38.45,125.0,0.0,9064210.0,0.0,是,三星,-1.0,-1.0,-1.0,-1.0,-1
538,1.0,1.0,1.0,-1.0,-1.0,-1.0,-1.0,-1.0,-1.0,-1.0,-1.0,1.0,-1.0,-1.0,16.0,13.0,1.0,否,4G,否,0.0,是,0.0,0.0,681.0,0.0,苹果,A2223,108.1,681.0,108.0,185.0,0.0,39636293.0,0.0,否,三星,-1.0,-1.0,-1.0,-1.0,-1
539,1.0,1.0,-1.0,-1.0,-1.0,-1.0,-1.0,-1.0,1.0,1.0,-1.0,1.0,-1.0,-1.0,3.0,19.0,2.0,否,5G,否,0.0,是,0.0,0.0,250.0,0.0,苹果,A2639,36.83,250.0,27.13,132.0,0.0,9126062.0,0.0,是,三星,-1.0,-1.0,-1.0,-1.0,-1
540,1.0,1.0,-1.0,-1.0,-1.0,-1.0,-1.0,-1.0,-1.0,-1.0,-1.0,-1.0,-1.0,1.0,12.0,17.0,0.0,否,4G,否,0.0,是,0.0,0.0,346.0,0.0,苹果,A2100,110.0,346.0,110.0,312.0,0.0,6891091.0,0.0,否,银卡,-1.0,-1.0,-1.0,-1.0,-1
541,1.0,-1.0,-1.0,-1.0,-1.0,1.0,1.0,1.0,-1.0,1.0,-1.0,-1.0,-1.0,-1.0,0.0,0.0,0.0,否,2G,否,0.0,否,0.0,0.0,531.0,0.0,欧珀,PEAM00,8.0,531.0,41.0,775.0,0.0,0.0,0.0,否,三星,-1.0,-1.0,-1.0,-1.0,-1
542,1.0,1.0,-1.0,-1.0,-1.0,-1.0,-1.0,-1.0,-1.0,-1.0,-1.0,1.0,-1.0,-1.0,83.0,5.0,0.0,否,4G,否,0.0,是,0.0,0.0,270.0,0.0,苹果,iPhone 6S PLUS A1699,130.0,270.0,130.0,447.0,0.0,16030263.0,0.0,否,银卡,-1.0,-1.0,-1.0,-1.0,-1
543,1.0,1.0,-1.0,-1.0,-1.0,-1.0,1.0,-1.0,-1.0,1.0,-1.0,1.0,-1.0,1.0,2.0,0.0,0.0,否,5G,否,85.07,是,24.0,0.0,220.0,0.0,步步高,V2048A,79.87,220.0,50.44,125.0,0.0,60873914.0,0.0,是,一星,-1.0,-1.0,-1.0,-1.0,-1
544,2.0,-1.0,-1.0,-1.0,-1.0,-1.0,-1.0,-1.0,-1.0,-1.0,-1.0,-1.0,-1.0,-1.0,25.0,10.0,2.0,否,4G,否,0.0,是,0.0,0.0066815144766147,449.0,3.0,华为,ELE-AL00,125.0,449.0,120.0,420.0,0.014690367051138,13266789.0,194894.0,否,银卡,-1.0,-1.0,-1.0,-1.0,-1
545,1.0,1.0,-1.0,-1.0,-1.0,-1.0,-1.0,1.0,1.0,-1.0,1.0,1.0,-1.0,1.0,6.0,5.0,0.0,否,4G,否,0.0,是,0.0,0.0,155.0,0.0,华为,JNY-AL10,80.0,155.0,59.0,96.0,0.0,12436433.0,0.0,否,三星,-1.0,-1.0,-1.0,-1.0,-1
546,1.0,1.0,1.0,-1.0,-1.0,-1.0,-1.0,-1.0,-1.0,-1.0,1.0,1.0,-1.0,1.0,1.0,23.0,1.0,否,4G,否,0.0,是,0.0,0.0,339.0,0.0,苹果,iPhone X A1865,122.0,339.0,112.1,423.0,0.0,4921442.0,0.0,否,三星,-1.0,-1.0,-1.0,-1.0,-1
547,2.0,-1.0,-1.0,-1.0,-1.0,-1.0,-1.0,-1.0,-1.0,-1.0,-1.0,-1.0,-1.0,-1.0,8.0,1.0,0.0,否,4G,否,42.36,是,10.0,0.0,144.0,0.0,苹果,iPhone 6 Plus A1593,18.0,144.0,13.8,41.0,0.0,7548867.0,0.0,否,二星,-1.0,-1.0,-1.0,-1.0,-1
548,2.0,-1.0,-1.0,-1.0,-1.0,-1.0,-1.0,-1.0,-1.0,-1.0,-1.0,-1.0,-1.0,-1.0,13.0,9.0,1.0,否,4G,否,0.0,是,0.0,0.0,214.0,0.0,华为,HWI-AL00,45.0,214.0,40.15,92.0,0.0,8016389.0,0.0,否,三星,-1.0,-1.0,-1.0,-1.0,-1
549,2.0,-1.0,-1.0,-1.0,-1.0,-1.0,-1.0,-1.0,-1.0,-1.0,-1.0,-1.0,-1.0,-1.0,0.0,14.0,3.0,否,4G,否,0.0,是,0.0,0.0,676.0,0.0,华为,DVC-AN20,104.65,676.0,98.0,73.0,0.0,21223760.0,0.0,否,三星,-1.0,-1.0,-1.0,-1.0,-1
550,1.0,1.0,-1.0,-1.0,-1.0,-1.0,-1.0,-1.0,1.0,-1.0,-1.0,-1.0,-1.0,-1.0,2.0,0.0,2.0,否,5G,否,0.0,是,0.0,0.0,269.0,0.0,华为,JEF-AN00,31.0,269.0,40.0,339.0,0.0,22428661.0,0.0,是,三星,-1.0,-1.0,-1.0,-1.0,-1
551,2.0,-1.0,-1.0,-1.0,-1.0,-1.0,-1.0,-1.0,-1.0,-1.0,-1.0,-1.0,-1.0,-1.0,1.0,0.0,14.0,否,5G,否,0.0,是,0.0,0.0,241.0,0.0,步步高,V2001A,90.0,241.0,90.0,156.0,0.0,6164560.0,0.0,是,三星,-1.0,-1.0,-1.0,-1.0,-1
552,2.0,-1.0,-1.0,-1.0,-1.0,-1.0,-1.0,-1.0,-1.0,-1.0,-1.0,-1.0,-1.0,-1.0,19.0,22.0,1.0,否,4G,否,0.0,是,0.0,0.0,275.0,0.0,欧珀,PBAM00,71.0,275.0,62.3,307.0,0.0,858630.0,0.0,否,三星,-1.0,-1.0,-1.0,-1.0,-1
553,2.0,-1.0,-1.0,-1.0,-1.0,-1.0,-1.0,-1.0,-1.0,-1.0,-1.0,-1.0,-1.0,-1.0,17.0,13.0,0.0,否,4G,否,0.0,是,0.0,0.0,150.0,0.0,华为,STK-AL00,58.1,150.0,58.0,161.0,0.0,9097697.0,0.0,否,三星,-1.0,-1.0,-1.0,-1.0,-1
554,1.0,1.0,1.0,-1.0,-1.0,-1.0,-1.0,-1.0,-1.0,-1.0,1.0,1.0,-1.0,1.0,7.0,0.0,0.0,否,4G,否,0.0,是,0.0,0.0,528.0,0.0,苹果,A2108,21.0,528.0,21.0,250.0,0.0,19381833.0,0.0,否,一星,-1.0,-1.0,-1.0,-1.0,-1
555,2.0,-1.0,-1.0,-1.0,-1.0,-1.0,-1.0,-1.0,-1.0,-1.0,-1.0,-1.0,-1.0,-1.0,12.0,9.0,0.0,否,4G,否,10.27,是,17.0,0.0,149.0,0.0,小米科技,M2011K2C,45.0,149.0,45.0,27.0,0.0,32845561.0,0.0,否,三星,-1.0,-1.0,-1.0,-1.0,-1
556,2.0,-1.0,-1.0,-1.0,-1.0,-1.0,-1.0,-1.0,-1.0,-1.0,-1.0,-1.0,-1.0,-1.0,0.0,11.0,1.0,否,4G,否,0.0,是,0.0,0.0,467.0,0.0,华为,OCE-AL50,26.0,467.0,29.27,368.0,0.0,2434247.0,0.0,否,三星,-1.0,-1.0,-1.0,-1.0,-1
557,1.0,1.0,-1.0,-1.0,-1.0,-1.0,-1.0,-1.0,-1.0,-1.0,1.0,1.0,-1.0,1.0,118.0,17.0,0.0,否,4G,否,0.0,是,0.0,0.0,468.0,0.0,步步高,vivo X9,38.16,468.0,17.28,53.0,0.0,3446353.0,0.0,否,二星,-1.0,-1.0,-1.0,-1.0,-1
558,1.0,1.0,-1.0,-1.0,1.0,-1.0,-1.0,-1.0,-1.0,-1.0,1.0,1.0,-1.0,-1.0,4.0,1.0,2.0,否,5G,否,92.28,是,3.0,0.0,3195.0,0.0,华为,NOH-AN00,40.0,3195.0,40.0,2769.0,0.0,23710561.0,0.0,是,三星,-1.0,-1.0,-1.0,-1.0,-1
559,2.0,-1.0,-1.0,-1.0,-1.0,-1.0,-1.0,-1.0,-1.0,-1.0,-1.0,-1.0,-1.0,-1.0,16.0,1.0,0.0,否,5G,否,0.0,是,0.0,0.0,143.0,0.0,万普拉斯,MT2110,34.0,143.0,34.1,126.0,0.0,20446041.0,0.0,是,三星,-1.0,-1.0,-1.0,-1.0,-1
560,1.0,1.0,1.0,-1.0,-1.0,-1.0,-1.0,-1.0,-1.0,1.0,1.0,1.0,-1.0,1.0,30.0,0.0,0.0,否,5G,否,0.0,是,0.0,0.0,248.0,0.0,华为,OCE-AN10,58.0,248.0,58.3,343.0,0.0,8442280.0,0.0,是,二星,1.0,-1.0,-1.0,-1.0,-1
561,1.0,1.0,-1.0,-1.0,-1.0,-1.0,-1.0,-1.0,-1.0,-1.0,-1.0,-1.0,-1.0,1.0,2.0,75.0,9.0,否,4G,否,0.0,是,0.0,0.0,1236.0,0.0,华为,PCT-AL10,19.0,1236.0,18.0,1583.0,0.0,3335380.0,0.0,否,二星,-1.0,-1.0,-1.0,-1.0,-1
562,2.0,-1.0,-1.0,-1.0,-1.0,-1.0,-1.0,-1.0,-1.0,-1.0,-1.0,-1.0,-1.0,-1.0,2.0,0.0,1.0,否,5G,否,0.0,是,0.0,0.0,214.0,0.0,华为,EBG-AN10,130.0,214.0,130.0,238.0,0.0,5099770.0,0.0,是,银卡,-1.0,-1.0,-1.0,-1.0,-1
563,2.0,-1.0,-1.0,-1.0,-1.0,-1.0,-1.0,-1.0,-1.0,-1.0,-1.0,-1.0,-1.0,-1.0,9.0,19.0,1.0,否,4G,否,0.0,是,0.0,0.0,410.0,0.0,小米科技,M2001J1C,95.0,410.0,95.0,223.0,0.0,21455747.0,0.0,否,三星,-1.0,-1.0,-1.0,-1.0,-1
564,1.0,1.0,1.0,-1.0,1.0,1.0,-1.0,1.0,1.0,-1.0,-1.0,1.0,-1.0,-1.0,8.0,9.0,19.0,否,5G,否,218.91,是,5.0,0.0,1701.0,0.0,苹果,A2404,353.0,1701.0,338.0,1490.0,0.0,115672025.0,0.0,是,白金卡,-1.0,-1.0,-1.0,-1.0,-1
565,2.0,-1.0,-1.0,-1.0,-1.0,-1.0,-1.0,-1.0,-1.0,-1.0,-1.0,-1.0,-1.0,-1.0,171.0,3.0,3.0,否,5G,否,0.0,是,0.0,0.0,343.0,0.0,欧珀,PECM30,168.0,343.0,145.0,338.0,0.0,13821265.0,0.0,是,金卡,-1.0,-1.0,-1.0,-1.0,-1
566,1.0,-1.0,1.0,-1.0,-1.0,-1.0,-1.0,-1.0,-1.0,1.0,-1.0,-1.0,-1.0,-1.0,0.0,14.0,0.0,否,4G,否,0.0,是,0.0,0.0,390.0,0.0,小米科技,M2011K2C,18.1,390.0,18.0,142.0,0.0,118130.0,0.0,否,三星,-1.0,-1.0,-1.0,-1.0,-1
567,2.0,-1.0,-1.0,-1.0,-1.0,-1.0,-1.0,-1.0,-1.0,-1.0,-1.0,-1.0,-1.0,-1.0,16.0,22.0,0.0,否,4G,否,0.0,是,0.0,0.0,362.0,0.0,小米科技,M2007J17C,53.06,362.0,57.15,453.0,0.0,13513486.0,0.0,否,三星,-1.0,-1.0,-1.0,-1.0,-1
568,1.0,-1.0,1.0,-1.0,-1.0,1.0,-1.0,-1.0,1.0,1.0,-1.0,1.0,1.0,1.0,43.0,22.0,1.0,否,5G,否,0.0,是,0.0,0.0,1064.0,0.0,苹果,A2634,109.2,1064.0,109.0,173.0,0.0,9556287.0,0.0,是,三星,-1.0,-1.0,-1.0,-1.0,-1
569,2.0,-1.0,-1.0,-1.0,-1.0,-1.0,-1.0,-1.0,-1.0,-1.0,-1.0,-1.0,-1.0,-1.0,18.0,17.0,8.0,否,5G,否,0.0,是,0.0,0.0,444.0,0.0,小米科技,M2102J2SC,107.0,444.0,107.0,296.0,0.0,3151146.0,0.0,是,银卡,-1.0,-1.0,-1.0,-1.0,-1
570,1.0,1.0,1.0,1.0,-1.0,-1.0,-1.0,-1.0,-1.0,-1.0,-1.0,1.0,-1.0,-1.0,8.0,8.0,0.0,否,4G,否,130.42,是,37.12,0.0,565.0,0.0,苹果,A2223,61.64,565.0,15.0,136.0,0.0,4954522.0,0.0,否,三星,-1.0,-1.0,-1.0,-1.0,-1
571,1.0,-1.0,-1.0,-1.0,-1.0,-1.0,1.0,-1.0,-1.0,-1.0,-1.0,1.0,-1.0,-1.0,8.0,0.0,1.0,否,5G,否,0.0,是,0.0,0.0,198.0,0.0,华为,NOH-AN00,56.0,198.0,56.0,99.0,3.58876866513861e-05,20118321.0,722.0,是,三星,-1.0,-1.0,-1.0,-1.0,-1
572,2.0,-1.0,-1.0,-1.0,-1.0,-1.0,-1.0,-1.0,-1.0,-1.0,-1.0,-1.0,-1.0,-1.0,37.0,29.0,0.0,否,5G,否,0.0,是,0.0,0.0,288.0,0.0,华为,ELS-AN00,92.82,288.0,78.0,64.0,0.000153141831653262,20791184.0,3184.0,是,钻石卡,-1.0,-1.0,-1.0,-1.0,-1
573,1.0,1.0,-1.0,-1.0,-1.0,-1.0,-1.0,-1.0,-1.0,-1.0,-1.0,-1.0,-1.0,-1.0,5.0,7.0,0.0,否,5G,否,0.0,是,0.0,0.0,354.0,0.0,欧珀,PEGM00,99.27,354.0,73.0,179.0,0.0,4688363.0,0.0,是,三星,-1.0,-1.0,-1.0,-1.0,1
574,1.0,-1.0,1.0,-1.0,-1.0,1.0,-1.0,1.0,-1.0,-1.0,1.0,1.0,-1.0,1.0,69.0,7.0,11.0,否,5G,否,0.0,是,0.0,0.0,1610.0,0.0,小米科技,2106118C,298.0,1610.0,288.0,874.0,0.0,28904867.0,0.0,是,白金卡,-1.0,-1.0,-1.0,-1.0,-1
575,2.0,-1.0,-1.0,-1.0,-1.0,-1.0,-1.0,-1.0,-1.0,-1.0,-1.0,-1.0,-1.0,-1.0,0.0,0.0,0.0,否,4G,否,10.79,是,13.0,0.0,135.0,0.0,小米科技,M1804C3CE,54.94,135.0,26.0,0.0,0.0,63410.0,0.0,否,二星,-1.0,-1.0,-1.0,-1.0,-1
576,2.0,-1.0,-1.0,-1.0,-1.0,-1.0,-1.0,-1.0,-1.0,-1.0,-1.0,-1.0,-1.0,-1.0,21.0,3.0,1.0,否,4G,否,0.0,是,0.0,0.0,146.0,0.0,小米科技,M2001J1C,19.0,146.0,19.0,81.0,0.0,899002.0,0.0,否,三星,-1.0,-1.0,-1.0,-1.0,-1
577,2.0,-1.0,-1.0,-1.0,-1.0,-1.0,-1.0,-1.0,-1.0,-1.0,-1.0,-1.0,-1.0,-1.0,4.0,52.0,2.0,否,4G,否,0.0,是,0.0,0.0,414.0,0.0,苹果,A2412,62.2,414.0,62.0,334.0,0.0,11092606.0,0.0,否,三星,-1.0,-1.0,-1.0,-1.0,-1
578,1.0,1.0,-1.0,-1.0,-1.0,-1.0,-1.0,-1.0,1.0,-1.0,-1.0,-1.0,-1.0,-1.0,7.0,1.0,0.0,否,4G,否,167.97,是,30.0,0.0,124.0,0.0,苹果,iPhone 7Plus A1661,72.9,124.0,38.0,92.0,0.0,46349558.0,0.0,否,三星,-1.0,-1.0,-1.0,-1.0,-1
579,2.0,-1.0,-1.0,-1.0,-1.0,-1.0,-1.0,-1.0,-1.0,-1.0,-1.0,-1.0,-1.0,-1.0,110.0,0.0,3.0,否,5G,否,0.0,是,0.0,0.0,602.0,0.0,华为,NOH-AN00,138.0,602.0,141.45,530.0,0.0,20194867.0,0.0,是,银卡,-1.0,-1.0,-1.0,-1.0,-1
580,1.0,1.0,-1.0,-1.0,1.0,-1.0,1.0,-1.0,1.0,1.0,-1.0,-1.0,-1.0,-1.0,0.0,12.0,1.0,否,4G,否,0.0,是,0.0,0.0,225.0,0.0,华为,HLK-AL00,41.4,225.0,38.29,177.0,0.0,26086162.0,0.0,否,三星,-1.0,-1.0,-1.0,-1.0,-1
581,2.0,-1.0,-1.0,-1.0,-1.0,-1.0,-1.0,-1.0,-1.0,-1.0,-1.0,-1.0,-1.0,-1.0,0.0,1.0,0.0,否,5G,否,0.0,是,0.0,0.0,487.0,0.0,华为,NOP-AN00,53.0,487.0,53.0,248.0,0.0,10162022.0,0.0,是,三星,-1.0,-1.0,-1.0,-1.0,-1
582,2.0,-1.0,-1.0,-1.0,-1.0,-1.0,-1.0,-1.0,-1.0,-1.0,-1.0,-1.0,-1.0,-1.0,30.0,18.0,0.0,否,4G,否,0.0,是,0.0,0.0,506.0,0.0,华为,TAS-AL00,60.0,506.0,60.0,248.0,0.0,15831658.0,0.0,否,三星,-1.0,-1.0,-1.0,-1.0,-1
583,2.0,-1.0,-1.0,-1.0,-1.0,-1.0,-1.0,-1.0,-1.0,-1.0,-1.0,-1.0,-1.0,-1.0,5.0,3.0,0.0,否,4G,否,0.0,是,0.0,0.0,379.0,0.0,步步高,vivo X21,85.0,379.0,80.0,204.0,0.0,72972310.0,0.0,否,三星,-1.0,-1.0,-1.0,-1.0,-1
584,1.0,-1.0,-1.0,-1.0,-1.0,1.0,-1.0,-1.0,-1.0,-1.0,1.0,-1.0,-1.0,-1.0,5.0,10.0,1.0,否,4G,否,0.0,是,0.0,0.0,205.0,0.0,苹果,A2412,15.3,205.0,15.25,181.0,0.0,52654.0,0.0,否,三星,-1.0,-1.0,-1.0,-1.0,-1
585,2.0,-1.0,-1.0,-1.0,-1.0,-1.0,-1.0,-1.0,-1.0,-1.0,-1.0,-1.0,-1.0,-1.0,5.0,0.0,2.0,否,5G,否,0.0,是,0.0,0.0,212.0,0.0,华为,NOH-AN01,29.1,212.0,17.08,183.0,0.0,19231838.0,0.0,是,三星,-1.0,-1.0,-1.0,-1.0,-1
586,2.0,-1.0,-1.0,-1.0,-1.0,-1.0,-1.0,-1.0,-1.0,-1.0,-1.0,-1.0,-1.0,-1.0,75.0,51.0,5.0,否,4G,否,0.0,是,0.0,0.0,1268.0,0.0,华为,BRQ-AL00,120.0,1268.0,120.0,732.0,0.0,46088380.0,0.0,否,银卡,-1.0,-1.0,-1.0,-1.0,-1
587,2.0,-1.0,-1.0,-1.0,-1.0,-1.0,-1.0,-1.0,-1.0,-1.0,-1.0,-1.0,-1.0,-1.0,12.0,16.0,1.0,否,4G,否,0.0,是,0.0,0.0,266.0,0.0,苹果,iPhone 8 A1863,50.0,266.0,50.0,78.0,0.0,14308510.0,0.0,否,三星,-1.0,-1.0,-1.0,-1.0,-1
588,1.0,-1.0,1.0,-1.0,-1.0,-1.0,-1.0,-1.0,1.0,1.0,-1.0,-1.0,-1.0,-1.0,1.0,20.0,0.0,否,5G,否,0.0,是,0.0,0.0,451.0,0.0,华为,NOH-AN00,78.0,451.0,19.0,270.0,0.0,4492114.0,0.0,是,三星,-1.0,-1.0,-1.0,-1.0,-1
589,1.0,1.0,-1.0,-1.0,-1.0,1.0,-1.0,-1.0,1.0,-1.0,-1.0,1.0,-1.0,1.0,9.0,11.0,1.0,否,4G,否,0.0,是,0.0,0.0,141.0,0.0,华为,YAL-AL00,39.0,141.0,38.7,70.0,3.68617118136626e-07,5425684.0,2.0,否,三星,-1.0,-1.0,-1.0,-1.0,-1
590,2.0,-1.0,-1.0,-1.0,-1.0,-1.0,-1.0,-1.0,-1.0,-1.0,-1.0,-1.0,-1.0,-1.0,26.0,4.0,0.0,否,4G,否,0.0,是,0.0,0.0,156.0,0.0,华为,STK-AL00,75.0,156.0,75.0,119.0,0.0,25703627.0,0.0,否,三星,-1.0,-1.0,-1.0,-1.0,-1
591,1.0,1.0,1.0,-1.0,-1.0,-1.0,-1.0,-1.0,-1.0,1.0,-1.0,-1.0,-1.0,1.0,4.0,22.0,1.0,否,4G,否,0.0,是,0.0,0.0,220.0,0.0,华为,JKM-AL00,58.1,220.0,58.0,167.0,0.0,4277767.0,0.0,否,三星,-1.0,-1.0,-1.0,-1.0,-1
592,1.0,1.0,-1.0,-1.0,-1.0,1.0,-1.0,-1.0,-1.0,-1.0,1.0,1.0,-1.0,-1.0,2.0,9.0,1.0,否,4G,否,0.0,是,0.0,0.0,583.0,0.0,华为,HMA-AL00,122.0,583.0,125.4,485.0,0.0,1146092.0,0.0,否,银卡,-1.0,-1.0,-1.0,-1.0,-1
593,1.0,-1.0,1.0,-1.0,-1.0,1.0,1.0,1.0,-1.0,1.0,1.0,1.0,-1.0,1.0,3.0,0.0,3.0,否,5G,否,0.0,是,0.0,0.0,267.0,0.0,欧珀,PEEM00,104.0,267.0,104.0,50.0,0.0,23018490.0,0.0,是,三星,-1.0,-1.0,-1.0,-1.0,-1
594,1.0,1.0,1.0,1.0,1.0,-1.0,1.0,1.0,1.0,1.0,-1.0,1.0,-1.0,1.0,0.0,1.0,0.0,否,4G,否,0.0,是,0.0,0.0,190.0,0.0,苹果,A2223,68.0,190.0,68.0,104.0,0.0,661837.0,0.0,否,三星,-1.0,-1.0,-1.0,-1.0,-1
595,1.0,-1.0,1.0,-1.0,-1.0,-1.0,-1.0,-1.0,1.0,-1.0,-1.0,1.0,-1.0,-1.0,37.0,4.0,1.0,否,4G,否,0.0,是,0.0,0.0,185.0,0.0,苹果,A2100,58.95,185.0,64.27,65.0,0.0,5004837.0,0.0,否,三星,-1.0,-1.0,-1.0,-1.0,-1
596,1.0,1.0,-1.0,-1.0,-1.0,-1.0,1.0,1.0,-1.0,-1.0,1.0,1.0,-1.0,1.0,9.0,0.0,1.0,否,5G,否,0.0,是,0.0,0.0,1457.0,0.0,华为,TAS-AN00,148.0,1457.0,148.0,784.0,0.0,1923188.0,0.0,是,银卡,-1.0,-1.0,-1.0,-1.0,-1
597,1.0,1.0,1.0,1.0,-1.0,-1.0,-1.0,-1.0,-1.0,1.0,-1.0,-1.0,-1.0,-1.0,26.0,22.0,10.0,否,4G,否,0.0,是,0.0,0.0,387.0,0.0,华为,ELE-AL00,21.0,387.0,21.0,469.0,0.0,18915084.0,0.0,否,一星,-1.0,-1.0,-1.0,-1.0,-1
598,1.0,1.0,-1.0,-1.0,-1.0,-1.0,-1.0,-1.0,-1.0,-1.0,-1.0,1.0,-1.0,1.0,1.0,1.0,0.0,否,4G,是,0.0,是,0.0,0.0,174.0,0.0,三星,SM-N9600,17.25,174.0,9.74,78.0,0.0,2735037.0,0.0,否,二星,1.0,-1.0,-1.0,-1.0,-1
599,2.0,-1.0,-1.0,-1.0,-1.0,-1.0,-1.0,-1.0,-1.0,-1.0,-1.0,-1.0,-1.0,-1.0,9.0,43.0,8.0,否,4G,否,0.0,是,0.0,0.0,1498.0,0.0,华为,COR-AL10,128.0,1498.0,128.0,1097.0,0.0,48750790.0,0.0,否,金卡,-1.0,-1.0,-1.0,-1.0,-1
600,1.0,1.0,-1.0,-1.0,-1.0,-1.0,1.0,-1.0,1.0,-1.0,-1.0,1.0,-1.0,1.0,6.0,10.0,1.0,否,4G,否,0.0,是,0.0,0.0,140.0,0.0,欧珀,PBBM30,10.0,140.0,10.0,316.0,0.0,797704.0,0.0,否,三星,-1.0,-1.0,-1.0,-1.0,-1
601,2.0,-1.0,-1.0,-1.0,-1.0,-1.0,-1.0,-1.0,-1.0,-1.0,-1.0,-1.0,-1.0,-1.0,33.0,19.0,0.0,否,4G,否,0.0,是,0.0,0.0,970.0,0.0,步步高,vivo X21i A,173.0,970.0,173.0,773.0,0.0,10934209.0,0.0,否,白金卡,-1.0,-1.0,-1.0,-1.0,-1
602,1.0,-1.0,1.0,-1.0,-1.0,-1.0,-1.0,-1.0,-1.0,-1.0,-1.0,1.0,-1.0,-1.0,2.0,21.0,2.0,否,4G,否,0.0,是,0.0,0.0,212.0,0.0,苹果,iPhone X A1865,24.6,212.0,28.6,196.0,0.0,3500026.0,0.0,否,三星,-1.0,-1.0,-1.0,-1.0,-1
603,1.0,-1.0,1.0,-1.0,-1.0,-1.0,-1.0,-1.0,-1.0,-1.0,1.0,-1.0,-1.0,-1.0,0.0,0.0,0.0,否,2G,否,0.0,否,0.0,0.0,198.0,0.0,华为,HMA-AL00,8.0,198.0,8.0,88.0,0.0,762.0,0.0,否,三星,-1.0,-1.0,-1.0,-1.0,-1
604,1.0,1.0,-1.0,-1.0,-1.0,-1.0,-1.0,-1.0,-1.0,-1.0,-1.0,1.0,-1.0,-1.0,4.0,87.0,8.0,否,4G,否,0.0,是,0.0,0.0,2232.0,0.0,苹果,A2404,115.85,2232.0,66.0,712.0,0.0,10014517.0,0.0,否,三星,-1.0,-1.0,-1.0,-1.0,-1
605,2.0,-1.0,-1.0,-1.0,-1.0,-1.0,-1.0,-1.0,-1.0,-1.0,-1.0,-1.0,-1.0,-1.0,36.0,41.0,3.0,否,4G,否,0.0,是,0.0,0.0,1403.0,0.0,华为,LYA-AL00,213.1,1403.0,212.0,860.0,0.0,52675239.0,0.0,否,银卡,-1.0,-1.0,-1.0,-1.0,-1
606,1.0,-1.0,1.0,-1.0,-1.0,-1.0,-1.0,-1.0,1.0,-1.0,-1.0,1.0,-1.0,1.0,7.0,21.0,1.0,否,5G,否,0.0,是,0.0,0.0,956.0,0.0,华为,ELS-AN00,145.0,956.0,145.0,272.0,0.0,28883121.0,0.0,是,银卡,-1.0,-1.0,-1.0,-1.0,-1
607,2.0,-1.0,-1.0,-1.0,-1.0,-1.0,-1.0,-1.0,-1.0,-1.0,-1.0,-1.0,-1.0,-1.0,33.0,30.0,4.0,否,5G,否,0.0,是,0.0,0.0,947.0,0.0,欧珀,PDYM20,155.0,947.0,139.0,594.0,0.0,42735086.0,0.0,是,银卡,-1.0,-1.0,-1.0,-1.0,-1
608,1.0,-1.0,1.0,-1.0,-1.0,1.0,-1.0,-1.0,1.0,-1.0,-1.0,-1.0,-1.0,-1.0,38.0,6.0,5.0,否,5G,否,0.0,是,0.0,0.0,849.0,0.0,万普拉斯,PGKM10,393.59,849.0,64.82,186.0,0.0,5737512.0,0.0,是,三星,-1.0,-1.0,-1.0,-1.0,-1
609,1.0,1.0,-1.0,-1.0,-1.0,-1.0,-1.0,1.0,1.0,1.0,1.0,1.0,-1.0,1.0,19.0,17.0,1.0,否,4G,否,0.0,是,0.0,0.0,462.0,0.0,小米科技,M2102K1C,27.0,462.0,27.0,227.0,0.0,5841653.0,0.0,否,三星,-1.0,-1.0,-1.0,-1.0,-1
610,1.0,-1.0,-1.0,-1.0,-1.0,1.0,-1.0,1.0,1.0,-1.0,-1.0,-1.0,-1.0,-1.0,1.0,16.0,0.0,否,4G,否,0.0,是,0.0,0.0,443.0,0.0,苹果,A2104,97.1,443.0,97.1,131.0,0.0,4242426.0,0.0,否,三星,-1.0,-1.0,-1.0,-1.0,-1
611,1.0,-1.0,-1.0,-1.0,-1.0,1.0,-1.0,1.0,1.0,-1.0,-1.0,1.0,-1.0,1.0,1.0,6.0,0.0,否,4G,否,139.45,是,30.0,0.0,337.0,0.0,苹果,A2104,125.0,337.0,114.85,238.0,0.0,25398138.0,0.0,否,三星,-1.0,-1.0,-1.0,-1.0,-1
612,2.0,-1.0,-1.0,-1.0,-1.0,-1.0,-1.0,-1.0,-1.0,-1.0,-1.0,-1.0,-1.0,-1.0,8.0,3.0,0.0,否,4G,否,0.0,是,0.0,0.0,462.0,0.0,华为,MAR-AL00,39.2,462.0,45.0,264.0,0.0,849177.0,0.0,否,二星,-1.0,-1.0,-1.0,-1.0,-1
613,2.0,-1.0,-1.0,-1.0,-1.0,-1.0,-1.0,-1.0,-1.0,-1.0,-1.0,-1.0,-1.0,-1.0,11.0,22.0,3.0,否,4G,否,0.0,是,0.0,0.0,2498.0,0.0,华为,TAS-AN00,42.0,2498.0,45.0,515.0,0.0,34092839.0,0.0,否,三星,-1.0,-1.0,-1.0,-1.0,-1
614,2.0,-1.0,-1.0,-1.0,-1.0,-1.0,-1.0,-1.0,-1.0,-1.0,-1.0,-1.0,-1.0,-1.0,0.0,1.0,0.0,否,5G,否,0.0,是,0.0,0.0,445.0,0.0,华为,NOH-AN00,266.1,445.0,205.9,382.0,0.0,13923799.0,0.0,是,金卡,-1.0,-1.0,-1.0,-1.0,-1
615,2.0,-1.0,-1.0,-1.0,-1.0,-1.0,-1.0,-1.0,-1.0,-1.0,-1.0,-1.0,-1.0,-1.0,58.0,2.0,9.0,否,4G,否,0.0,是,0.0,0.0,116.0,0.0,华为,STK-AL00,36.0,116.0,41.1,266.0,0.0,15112612.0,0.0,否,二星,-1.0,-1.0,-1.0,-1.0,-1
616,2.0,-1.0,-1.0,-1.0,-1.0,-1.0,-1.0,-1.0,-1.0,-1.0,-1.0,-1.0,-1.0,-1.0,32.0,16.0,2.0,否,4G,否,0.0,是,0.0,0.0,349.0,0.0,realme,RMX1931,120.0,349.0,120.5,186.0,0.0,4518798.0,0.0,否,银卡,-1.0,-1.0,-1.0,-1.0,-1
617,1.0,-1.0,-1.0,-1.0,1.0,-1.0,-1.0,1.0,1.0,-1.0,-1.0,1.0,-1.0,1.0,0.0,16.0,0.0,否,4G,否,0.0,是,0.0,0.0,224.0,0.0,华为,VOG-AL10,0.0,224.0,1.0,116.0,0.0,1042649.0,0.0,否,三星,-1.0,-1.0,-1.0,-1.0,-1
618,1.0,-1.0,-1.0,-1.0,-1.0,1.0,1.0,1.0,1.0,-1.0,-1.0,-1.0,-1.0,-1.0,1.0,20.0,1.0,否,4G,否,0.0,是,0.0,0.0,307.0,0.0,苹果,A2404,135.5,307.0,105.9,328.0,0.0,21665534.0,0.0,否,银卡,1.0,-1.0,-1.0,-1.0,-1
619,2.0,-1.0,-1.0,-1.0,-1.0,-1.0,-1.0,-1.0,-1.0,-1.0,-1.0,-1.0,-1.0,-1.0,1.0,23.0,3.0,否,4G,否,0.0,是,0.0,0.0,2121.0,0.0,苹果,A2220,100.0,2121.0,94.0,1644.0,0.0,29188956.0,0.0,否,三星,-1.0,-1.0,-1.0,-1.0,-1
620,1.0,-1.0,-1.0,-1.0,-1.0,1.0,-1.0,-1.0,-1.0,-1.0,-1.0,1.0,-1.0,-1.0,0.0,2.0,0.0,否,5G,否,0.0,是,0.0,0.0,299.0,0.0,华为,DVC-AN20,39.0,299.0,39.0,154.0,0.0,24473784.0,0.0,是,二星,-1.0,-1.0,-1.0,-1.0,-1
621,2.0,-1.0,-1.0,-1.0,-1.0,-1.0,-1.0,-1.0,-1.0,-1.0,-1.0,-1.0,-1.0,-1.0,4.0,2.0,1.0,否,4G,否,0.0,是,0.0,0.0,142.0,0.0,苹果,iPhone 6S A1700,10.4,142.0,10.0,0.0,0.0,381275.0,0.0,否,准星,-1.0,-1.0,-1.0,-1.0,-1
622,1.0,1.0,1.0,1.0,-1.0,-1.0,-1.0,-1.0,1.0,-1.0,1.0,1.0,-1.0,1.0,2.0,1.0,0.0,否,5G,否,0.0,是,0.0,0.0,164.0,0.0,小米科技,2201123C,22.4,164.0,21.0,79.0,0.0,54845189.0,0.0,是,二星,-1.0,-1.0,-1.0,-1.0,-1
623,1.0,1.0,-1.0,-1.0,-1.0,-1.0,-1.0,-1.0,-1.0,1.0,1.0,-1.0,-1.0,-1.0,5.0,0.0,0.0,否,4G,否,0.0,是,0.0,0.0,437.0,0.0,华为,ALP-AL00,25.0,437.0,25.0,76.0,0.0,1191730.0,0.0,否,三星,-1.0,-1.0,-1.0,-1.0,-1
624,2.0,-1.0,-1.0,-1.0,-1.0,-1.0,-1.0,-1.0,-1.0,-1.0,-1.0,-1.0,-1.0,-1.0,10.0,4.0,0.0,否,4G,否,0.0,是,0.0,0.0,454.0,0.0,华为,ALP-AL00,208.2,454.0,189.8,312.0,0.0,28559155.0,0.0,否,银卡,-1.0,-1.0,-1.0,-1.0,-1
625,2.0,-1.0,-1.0,-1.0,-1.0,-1.0,-1.0,-1.0,-1.0,-1.0,-1.0,-1.0,-1.0,-1.0,39.0,4.0,2.0,否,5G,否,0.0,是,0.0,0.0,187.0,0.0,苹果,A2634,33.0,187.0,100.98,107.0,0.0,3893801.0,0.0,是,三星,-1.0,-1.0,-1.0,-1.0,-1
626,1.0,1.0,-1.0,-1.0,-1.0,1.0,-1.0,-1.0,-1.0,-1.0,1.0,1.0,-1.0,-1.0,6.0,5.0,0.0,否,4G,否,0.0,是,0.0,0.0,881.0,0.0,三星,SM-G9500,40.0,881.0,18.3,673.0,0.0,3124563.0,0.0,否,三星,-1.0,-1.0,-1.0,-1.0,-1
627,1.0,1.0,-1.0,-1.0,-1.0,-1.0,1.0,-1.0,-1.0,-1.0,1.0,1.0,-1.0,1.0,86.0,0.0,0.0,否,4G,否,0.0,是,0.0,0.0,1799.0,0.0,华为,HMA-AL00,100.19,1799.0,100.0,109.0,0.0,1917233.0,0.0,否,银卡,-1.0,-1.0,-1.0,-1.0,-1
628,1.0,-1.0,1.0,-1.0,-1.0,-1.0,-1.0,-1.0,1.0,-1.0,-1.0,-1.0,-1.0,-1.0,36.0,19.0,0.0,否,5G,否,0.0,是,0.0,0.0,403.0,0.0,苹果,A2634,128.0,403.0,128.0,200.0,0.0,49452275.0,0.0,是,银卡,-1.0,-1.0,-1.0,-1.0,-1
629,1.0,1.0,-1.0,-1.0,-1.0,-1.0,-1.0,-1.0,-1.0,-1.0,1.0,-1.0,-1.0,-1.0,56.0,6.0,4.0,否,5G,否,7126.84,是,82.0,0.0,260.0,0.0,苹果,A2404,109.3,260.0,80.0,222.0,0.0,113398160.0,0.0,是,三星,-1.0,-1.0,-1.0,-1.0,-1
630,2.0,-1.0,-1.0,-1.0,-1.0,-1.0,-1.0,-1.0,-1.0,-1.0,-1.0,-1.0,-1.0,-1.0,6.0,6.0,1.0,否,5G,否,0.0,是,0.0,0.0,163.0,0.0,欧珀,PFEM10,50.0,163.0,50.0,15.0,0.0,2922852.0,0.0,是,三星,-1.0,-1.0,-1.0,-1.0,-1
631,1.0,1.0,1.0,-1.0,-1.0,1.0,-1.0,-1.0,1.0,1.0,1.0,1.0,-1.0,1.0,17.0,15.0,2.0,否,4G,否,0.0,是,0.0,0.0,201.0,0.0,苹果,iPhone 8 Plus A1864,15.5,201.0,60.0,88.0,0.0,9394316.0,0.0,否,二星,-1.0,-1.0,-1.0,-1.0,-1
632,1.0,-1.0,1.0,-1.0,-1.0,1.0,-1.0,1.0,1.0,1.0,1.0,1.0,1.0,-1.0,24.0,23.0,5.0,否,4G,否,191.5,是,47.83,0.0,820.0,0.0,华为,JSN-AL00a,122.77,820.0,128.4,443.0,0.0,5399833.0,0.0,否,三星,-1.0,-1.0,-1.0,-1.0,-1
633,2.0,-1.0,-1.0,-1.0,-1.0,-1.0,-1.0,-1.0,-1.0,-1.0,-1.0,-1.0,-1.0,-1.0,28.0,2.0,3.0,否,5G,否,0.0,是,0.0,0.0,212.0,0.0,华为,YOK-AN10,94.2,212.0,94.2,146.0,0.0,11951240.0,0.0,是,银卡,-1.0,-1.0,-1.0,-1.0,-1
634,2.0,-1.0,-1.0,-1.0,-1.0,-1.0,-1.0,-1.0,-1.0,-1.0,-1.0,-1.0,-1.0,-1.0,12.0,14.0,2.0,否,4G,否,0.0,是,0.0,0.0,421.0,0.0,苹果,A2223,138.0,421.0,138.1,485.0,0.0,19138030.0,0.0,否,银卡,-1.0,-1.0,-1.0,-1.0,-1
635,2.0,-1.0,-1.0,-1.0,-1.0,-1.0,-1.0,-1.0,-1.0,-1.0,-1.0,-1.0,-1.0,-1.0,2.0,8.0,1.0,否,4G,否,0.0,是,0.0,0.0,187.0,0.0,海信,HLTE730T,60.0,187.0,60.0,352.0,0.0,40485580.0,0.0,否,三星,-1.0,-1.0,-1.0,-1.0,-1
636,1.0,-1.0,-1.0,-1.0,-1.0,1.0,-1.0,-1.0,-1.0,-1.0,-1.0,1.0,-1.0,-1.0,6.0,23.0,4.0,否,4G,否,7.05,是,0.58,0.0,305.0,0.0,苹果,iPhone 7Plus A1661,48.58,305.0,48.0,193.0,0.0,23292466.0,0.0,否,三星,-1.0,-1.0,-1.0,-1.0,-1
637,2.0,-1.0,-1.0,-1.0,-1.0,-1.0,-1.0,-1.0,-1.0,-1.0,-1.0,-1.0,-1.0,-1.0,0.0,5.0,0.0,否,4G,否,0.0,是,0.0,0.0,119.0,0.0,华为,YAL-AL10,21.0,119.0,21.0,98.0,0.0,30549762.0,0.0,否,二星,-1.0,-1.0,-1.0,-1.0,-1
638,1.0,-1.0,-1.0,-1.0,-1.0,-1.0,-1.0,-1.0,-1.0,1.0,1.0,1.0,-1.0,-1.0,63.0,81.0,14.0,否,5G,否,0.0,是,0.0,0.0,3281.0,0.0,苹果,A2404,10.0,3281.0,10.0,1110.0,0.0,35209962.0,0.0,是,一星,1.0,-1.0,-1.0,-1.0,-1
639,1.0,1.0,1.0,-1.0,-1.0,-1.0,1.0,-1.0,-1.0,1.0,1.0,-1.0,-1.0,1.0,12.0,23.0,1.0,否,4G,否,0.0,是,0.0,0.0,260.0,0.0,苹果,iPhone 6S Plus A1634,101.89,260.0,101.89,195.0,0.0,45081757.0,0.0,否,三星,-1.0,-1.0,-1.0,-1.0,-1
640,1.0,-1.0,1.0,-1.0,-1.0,-1.0,-1.0,-1.0,-1.0,1.0,-1.0,-1.0,-1.0,1.0,6.0,8.0,5.0,否,5G,否,0.0,是,0.0,0.0,795.0,0.0,华为,ELS-AN00,38.0,795.0,38.0,265.0,0.0,11515212.0,0.0,是,三星,-1.0,-1.0,-1.0,1.0,-1
641,1.0,-1.0,-1.0,-1.0,-1.0,1.0,-1.0,-1.0,-1.0,-1.0,-1.0,1.0,-1.0,-1.0,35.0,0.0,0.0,否,4G,否,0.0,是,0.0,0.0,286.0,0.0,苹果,iPhone X A1865,89.0,286.0,89.0,410.0,0.0,27618173.0,0.0,否,三星,-1.0,-1.0,-1.0,-1.0,-1
642,2.0,-1.0,-1.0,-1.0,-1.0,-1.0,-1.0,-1.0,-1.0,-1.0,-1.0,-1.0,-1.0,-1.0,107.0,7.0,1.0,否,5G,否,0.0,是,0.0,0.0,294.0,0.0,小米科技,M2007J17C,53.1,294.0,48.15,223.0,0.0,13082007.0,0.0,是,三星,-1.0,-1.0,-1.0,-1.0,-1
643,2.0,-1.0,-1.0,-1.0,-1.0,-1.0,-1.0,-1.0,-1.0,-1.0,-1.0,-1.0,-1.0,-1.0,2.0,17.0,0.0,否,4G,否,36.78,是,10.0,0.0,2289.0,0.0,华为,SEA-AL00,100.0,2289.0,100.0,1575.0,0.0,24478952.0,0.0,否,三星,-1.0,-1.0,-1.0,-1.0,-1
644,2.0,-1.0,-1.0,-1.0,-1.0,-1.0,-1.0,-1.0,-1.0,-1.0,-1.0,-1.0,-1.0,-1.0,4.0,14.0,0.0,否,4G,否,0.0,是,0.0,0.0,414.0,0.0,小米科技,M2001J11C,11.24,414.0,11.36,144.0,0.0,132112.0,0.0,否,二星,-1.0,-1.0,-1.0,-1.0,-1
645,2.0,-1.0,-1.0,-1.0,-1.0,-1.0,-1.0,-1.0,-1.0,-1.0,-1.0,-1.0,-1.0,-1.0,72.0,26.0,4.0,否,4G,是,0.0,是,0.0,0.0,827.0,0.0,华为,NOH-AN00,100.0,827.0,100.0,1108.0,0.0,2509515.0,0.0,否,银卡,-1.0,-1.0,-1.0,-1.0,-1
646,2.0,-1.0,-1.0,-1.0,-1.0,-1.0,-1.0,-1.0,-1.0,-1.0,-1.0,-1.0,-1.0,-1.0,1.0,20.0,2.0,否,4G,是,45.0,是,10.0,0.0,252.0,0.0,小米科技,MCE3B,27.32,252.0,27.2,850.0,0.0,4638605.0,0.0,否,三星,-1.0,-1.0,-1.0,-1.0,-1
647,2.0,-1.0,-1.0,-1.0,-1.0,-1.0,-1.0,-1.0,-1.0,-1.0,-1.0,-1.0,-1.0,-1.0,15.0,43.0,14.0,否,5G,否,0.0,是,0.0,0.0,1371.0,0.0,苹果,A2644,234.25,1371.0,138.4,981.0,0.0,11556167.0,0.0,是,银卡,-1.0,-1.0,-1.0,-1.0,-1
648,2.0,-1.0,-1.0,-1.0,-1.0,-1.0,-1.0,-1.0,-1.0,-1.0,-1.0,-1.0,-1.0,-1.0,13.0,29.0,1.0,否,4G,否,0.0,是,0.0,0.0,521.0,0.0,步步高,vivo X20A,131.0,521.0,169.4,279.0,0.0,18726320.0,0.0,否,银卡,-1.0,-1.0,-1.0,-1.0,-1
649,2.0,-1.0,-1.0,-1.0,-1.0,-1.0,-1.0,-1.0,-1.0,-1.0,-1.0,-1.0,-1.0,-1.0,37.0,5.0,0.0,否,4G,否,0.0,是,0.0,0.0,228.0,0.0,苹果,iPhone 6S PLUS A1699,58.0,228.0,58.0,246.0,0.0,39100945.0,0.0,否,三星,-1.0,-1.0,-1.0,-1.0,-1
650,2.0,-1.0,-1.0,-1.0,-1.0,-1.0,-1.0,-1.0,-1.0,-1.0,-1.0,-1.0,-1.0,-1.0,47.0,18.0,2.0,否,4G,否,0.0,是,0.0,0.0,170.0,0.0,小米科技,M1910F4E,41.9,170.0,38.6,148.0,0.0,500995.0,0.0,否,三星,-1.0,-1.0,-1.0,-1.0,-1
651,2.0,-1.0,-1.0,-1.0,-1.0,-1.0,-1.0,-1.0,-1.0,-1.0,-1.0,-1.0,-1.0,-1.0,6.0,3.0,0.0,否,4G,是,0.0,是,0.0,0.0,251.0,0.0,苹果,A2223,70.0,251.0,70.0,354.0,0.0,6103805.0,0.0,否,三星,-1.0,-1.0,-1.0,-1.0,-1
652,1.0,1.0,-1.0,-1.0,1.0,1.0,1.0,-1.0,-1.0,1.0,1.0,1.0,-1.0,1.0,2.0,4.0,0.0,否,4G,否,0.0,是,0.0,0.0,157.0,0.0,小米科技,M2010J19SC,29.0,157.0,45.1,145.0,0.0,20045093.0,0.0,否,三星,-1.0,-1.0,-1.0,-1.0,-1
653,2.0,-1.0,-1.0,-1.0,-1.0,-1.0,-1.0,-1.0,-1.0,-1.0,-1.0,-1.0,-1.0,-1.0,21.0,12.0,8.0,否,4G,否,0.0,是,0.0,0.0,359.0,0.0,华为,ELS-AN00,61.2,359.0,65.0,143.0,0.0,15969990.0,0.0,否,三星,-1.0,-1.0,-1.0,-1.0,-1
654,1.0,-1.0,-1.0,-1.0,-1.0,1.0,1.0,-1.0,-1.0,-1.0,-1.0,1.0,-1.0,-1.0,15.0,5.0,0.0,否,5G,否,0.0,是,0.0,0.0,114.0,0.0,华为,BMH-TN10,69.0,114.0,69.0,145.0,0.0,34608338.0,0.0,是,二星,-1.0,-1.0,-1.0,-1.0,-1
655,2.0,-1.0,-1.0,-1.0,-1.0,-1.0,-1.0,-1.0,-1.0,-1.0,-1.0,-1.0,-1.0,-1.0,45.0,13.0,0.0,否,4G,否,0.0,是,0.0,0.0,127.0,0.0,苹果,iPhone 7Plus A1661,45.0,127.0,39.0,102.0,0.0,9243005.0,0.0,否,三星,-1.0,-1.0,-1.0,-1.0,-1
656,1.0,-1.0,-1.0,-1.0,-1.0,-1.0,1.0,-1.0,1.0,-1.0,-1.0,-1.0,-1.0,-1.0,9.0,40.0,4.0,否,4G,否,0.0,是,0.0,0.0,726.0,0.0,苹果,A2223,66.08,726.0,60.0,227.0,0.0,28364531.0,0.0,否,三星,-1.0,-1.0,-1.0,-1.0,-1
657,2.0,-1.0,-1.0,-1.0,-1.0,-1.0,-1.0,-1.0,-1.0,-1.0,-1.0,-1.0,-1.0,-1.0,26.0,12.0,0.0,否,4G,否,0.0,是,0.0,0.0,257.0,0.0,华为,WKG-TN00,89.0,257.0,89.2,417.0,0.0,6993814.0,0.0,否,三星,-1.0,-1.0,-1.0,-1.0,-1
658,2.0,-1.0,-1.0,-1.0,-1.0,-1.0,-1.0,-1.0,-1.0,-1.0,-1.0,-1.0,-1.0,-1.0,16.0,3.0,0.0,否,4G,否,0.0,是,0.0,0.0,222.0,0.0,步步高,V1730DA,10.0,222.0,6.9,115.0,0.0,1312139.0,0.0,否,三星,-1.0,-1.0,-1.0,-1.0,-1
659,2.0,-1.0,-1.0,-1.0,-1.0,-1.0,-1.0,-1.0,-1.0,-1.0,-1.0,-1.0,-1.0,-1.0,5.0,0.0,0.0,否,4G,否,0.0,是,0.0,0.0,179.0,0.0,华为,TAS-AN00,34.0,179.0,34.0,108.0,0.0,1986185.0,0.0,否,三星,-1.0,-1.0,-1.0,-1.0,-1
660,1.0,-1.0,-1.0,-1.0,-1.0,1.0,-1.0,-1.0,-1.0,1.0,-1.0,1.0,-1.0,-1.0,9.0,30.0,1.0,否,4G,否,0.0,是,0.0,0.0,313.0,0.0,步步高,V2065A,67.38,313.0,36.2,132.0,0.0,27980728.0,0.0,否,三星,-1.0,-1.0,-1.0,-1.0,-1
661,1.0,1.0,-1.0,-1.0,-1.0,1.0,-1.0,-1.0,-1.0,1.0,1.0,-1.0,-1.0,-1.0,0.0,0.0,1.0,否,5G,否,0.0,是,0.0,0.0,408.0,0.0,苹果,A2644,313.0,408.0,313.0,302.0,0.0,13372445.0,0.0,是,金卡,-1.0,-1.0,-1.0,-1.0,-1
662,2.0,-1.0,-1.0,-1.0,-1.0,-1.0,-1.0,-1.0,-1.0,-1.0,-1.0,-1.0,-1.0,-1.0,1.0,0.0,0.0,否,5G,否,0.0,是,0.0,0.0,263.0,0.0,华为,LIO-AN00,21.0,263.0,21.0,68.0,0.0,168548.0,0.0,是,三星,-1.0,-1.0,-1.0,-1.0,-1
663,2.0,-1.0,-1.0,-1.0,-1.0,-1.0,-1.0,-1.0,-1.0,-1.0,-1.0,-1.0,-1.0,-1.0,1.0,19.0,0.0,否,5G,否,5333.78,是,60.0,0.0,344.0,0.0,苹果,A2404,224.0,344.0,194.4,462.0,0.0,27695325.0,0.0,是,银卡,-1.0,-1.0,-1.0,-1.0,-1
664,2.0,-1.0,-1.0,-1.0,-1.0,-1.0,-1.0,-1.0,-1.0,-1.0,-1.0,-1.0,-1.0,-1.0,0.0,0.0,0.0,否,4G,否,0.0,是,0.0,0.0,135.0,0.0,华为,PCT-AL10,26.0,135.0,26.0,53.0,0.0,187828.0,0.0,否,三星,-1.0,-1.0,-1.0,-1.0,-1
665,1.0,1.0,1.0,-1.0,1.0,1.0,1.0,1.0,1.0,1.0,-1.0,1.0,1.0,1.0,53.0,61.0,5.0,否,4G,否,0.0,是,0.0,0.0,1066.0,0.0,苹果,A2223,85.0,1066.0,85.0,455.0,0.0,10230587.0,0.0,否,三星,-1.0,-1.0,-1.0,-1.0,-1
666,1.0,1.0,1.0,-1.0,-1.0,1.0,-1.0,1.0,1.0,1.0,1.0,1.0,-1.0,-1.0,0.0,113.0,7.0,否,4G,是,0.0,是,0.0,0.0,1130.0,0.0,华为,NOH-AN00,118.0,1130.0,110.8,980.0,0.0,15564930.0,0.0,否,银卡,-1.0,-1.0,-1.0,-1.0,-1
667,2.0,-1.0,-1.0,-1.0,-1.0,-1.0,-1.0,-1.0,-1.0,-1.0,-1.0,-1.0,-1.0,-1.0,1.0,0.0,0.0,否,4G,否,0.0,是,0.0,0.0,163.0,0.0,苹果,iPhone 8 Plus A1864,21.0,163.0,21.0,51.0,0.0,14444674.0,0.0,否,一星,-1.0,-1.0,-1.0,-1.0,-1
668,2.0,-1.0,-1.0,-1.0,-1.0,-1.0,-1.0,-1.0,-1.0,-1.0,-1.0,-1.0,-1.0,-1.0,1.0,1.0,0.0,否,5G,否,0.0,是,0.0,0.0,425.0,0.0,华为,TAS-AN00,128.0,425.0,128.0,253.0,0.0,21790368.0,0.0,是,金卡,-1.0,-1.0,-1.0,-1.0,-1
669,2.0,-1.0,-1.0,-1.0,-1.0,-1.0,-1.0,-1.0,-1.0,-1.0,-1.0,-1.0,-1.0,-1.0,31.0,44.0,7.0,否,4G,否,0.0,是,0.0,0.0,895.0,0.0,苹果,iPhone X A1865,94.0,895.0,94.0,572.0,3.4563639466406e-05,55405045.0,1915.0,否,银卡,-1.0,-1.0,-1.0,-1.0,-1
670,1.0,1.0,1.0,-1.0,-1.0,1.0,1.0,1.0,1.0,1.0,1.0,-1.0,-1.0,1.0,0.0,0.0,0.0,否,5G,否,0.0,是,0.0,0.0,194.0,0.0,华为,LIO-AN00,8.0,194.0,23.0,144.0,0.0,4338983.0,0.0,是,三星,-1.0,-1.0,-1.0,-1.0,-1
671,1.0,-1.0,-1.0,-1.0,-1.0,1.0,-1.0,1.0,-1.0,1.0,-1.0,-1.0,-1.0,-1.0,1.0,15.0,1.0,否,4G,否,0.0,是,0.0,0.0,352.0,0.0,华为,TAS-AN00,198.0,352.0,158.33,302.0,0.0,17876256.0,0.0,否,银卡,-1.0,-1.0,-1.0,-1.0,-1
672,2.0,-1.0,-1.0,-1.0,-1.0,-1.0,-1.0,-1.0,-1.0,-1.0,-1.0,-1.0,-1.0,-1.0,1.0,10.0,0.0,否,4G,是,0.0,是,0.0,0.0,212.0,0.0,华为,RVL-AL09,126.0,212.0,99.0,70.0,0.0,2532102.0,0.0,否,银卡,-1.0,-1.0,-1.0,-1.0,-1
673,1.0,1.0,-1.0,-1.0,-1.0,-1.0,-1.0,-1.0,-1.0,1.0,-1.0,-1.0,-1.0,1.0,1.0,3.0,0.0,否,4G,否,0.0,是,0.0,0.0,148.0,0.0,苹果,iPhone 6 Plus A1524,149.6,148.0,149.6,217.0,0.0,2773028.0,0.0,否,银卡,-1.0,-1.0,-1.0,-1.0,-1
674,2.0,-1.0,-1.0,-1.0,-1.0,-1.0,-1.0,-1.0,-1.0,-1.0,-1.0,-1.0,-1.0,-1.0,12.0,3.0,10.0,否,5G,否,0.0,是,0.0,0.0,4908.0,0.0,小米科技,M2007J17C,85.0,4908.0,85.0,2822.0,0.0,2454460.0,0.0,是,三星,-1.0,-1.0,-1.0,-1.0,-1
675,2.0,-1.0,-1.0,-1.0,-1.0,-1.0,-1.0,-1.0,-1.0,-1.0,-1.0,-1.0,-1.0,-1.0,8.0,35.0,7.0,否,4G,否,0.0,是,0.0,0.0,590.0,0.0,华为,ALP-AL00,70.0,590.0,70.0,296.0,0.0,1932916.0,0.0,否,三星,-1.0,-1.0,-1.0,-1.0,-1
676,2.0,-1.0,-1.0,-1.0,-1.0,-1.0,-1.0,-1.0,-1.0,-1.0,-1.0,-1.0,-1.0,-1.0,3.0,14.0,3.0,否,4G,否,0.0,是,0.0,0.0,698.0,0.0,华为,DUK-AL20,211.1,698.0,211.0,106.0,0.0,1085656.0,0.0,否,银卡,-1.0,-1.0,-1.0,-1.0,-1
677,2.0,-1.0,-1.0,-1.0,-1.0,-1.0,-1.0,-1.0,-1.0,-1.0,-1.0,-1.0,-1.0,-1.0,82.0,30.0,0.0,否,4G,否,0.0,是,0.0,0.0,221.0,0.0,华为,AQM-AL00,53.0,221.0,53.0,233.0,0.0,9080796.0,0.0,否,三星,-1.0,-1.0,-1.0,-1.0,-1
678,1.0,1.0,-1.0,-1.0,1.0,-1.0,-1.0,-1.0,-1.0,1.0,1.0,-1.0,-1.0,1.0,7.0,15.0,5.0,否,4G,否,0.0,是,0.0,0.0,376.0,0.0,小米科技,MCE16,51.3,376.0,50.0,38.0,0.0,9354604.0,0.0,否,二星,-1.0,-1.0,-1.0,-1.0,-1
679,2.0,-1.0,-1.0,-1.0,-1.0,-1.0,-1.0,-1.0,-1.0,-1.0,-1.0,-1.0,-1.0,-1.0,2.0,9.0,1.0,否,4G,否,0.0,是,0.0,0.0,406.0,0.0,欧珀,PENM00,69.0,406.0,68.0,178.0,4.64024028919984e-06,7973725.0,37.0,否,三星,-1.0,-1.0,-1.0,-1.0,-1
680,1.0,1.0,-1.0,-1.0,1.0,1.0,-1.0,-1.0,1.0,1.0,-1.0,1.0,-1.0,-1.0,41.0,8.0,1.0,否,4G,否,0.0,是,0.0,0.0,281.0,0.0,苹果,A2223,121.0,281.0,105.0,173.0,0.0,18351822.0,0.0,否,银卡,-1.0,-1.0,-1.0,-1.0,-1
681,1.0,-1.0,-1.0,-1.0,1.0,-1.0,-1.0,-1.0,-1.0,-1.0,-1.0,1.0,-1.0,-1.0,5.0,5.0,0.0,否,4G,否,0.0,是,0.0,0.0,163.0,0.0,华为,ALP-AL00,33.0,163.0,33.0,123.0,0.0,5111670.0,0.0,否,三星,1.0,-1.0,-1.0,-1.0,-1
682,1.0,-1.0,1.0,-1.0,1.0,-1.0,1.0,-1.0,1.0,-1.0,1.0,-1.0,1.0,-1.0,36.0,9.0,0.0,否,4G,否,0.0,是,0.0,0.0,260.0,0.0,华为,PCT-AL10,21.0,260.0,21.0,286.0,0.0,24153578.0,0.0,否,一星,-1.0,-1.0,-1.0,-1.0,-1
683,1.0,1.0,-1.0,-1.0,-1.0,1.0,-1.0,1.0,1.0,-1.0,1.0,1.0,-1.0,-1.0,0.0,5.0,1.0,否,4G,否,0.0,是,0.0,0.217517401392111,1724.0,375.0,苹果,A2223,79.3,1724.0,79.3,936.0,0.20393939716856,73853381.0,15061614.0,否,银卡,-1.0,-1.0,-1.0,-1.0,-1
684,1.0,1.0,1.0,-1.0,1.0,1.0,-1.0,-1.0,-1.0,-1.0,1.0,-1.0,-1.0,-1.0,6.0,24.0,1.0,否,4G,是,0.0,是,0.0,0.0,208.0,0.0,华为,ELE-AL00,10.0,208.0,10.0,564.0,0.0,1810813.0,0.0,否,准星,-1.0,-1.0,-1.0,-1.0,-1
685,1.0,1.0,-1.0,-1.0,-1.0,1.0,-1.0,1.0,-1.0,-1.0,-1.0,1.0,-1.0,-1.0,0.0,26.0,2.0,否,4G,否,0.0,是,0.0,0.0,861.0,0.0,苹果,A2404,68.0,861.0,78.0,469.0,0.0,18489669.0,0.0,否,三星,-1.0,-1.0,-1.0,-1.0,-1
686,1.0,1.0,-1.0,-1.0,-1.0,-1.0,-1.0,-1.0,-1.0,-1.0,-1.0,-1.0,-1.0,1.0,6.0,0.0,0.0,否,4G,否,37.5,是,10.0,0.0,220.0,0.0,华为,JEF-AN20,70.3,220.0,55.0,201.0,0.0,15157526.0,0.0,否,二星,-1.0,-1.0,-1.0,-1.0,-1
687,2.0,-1.0,-1.0,-1.0,-1.0,-1.0,-1.0,-1.0,-1.0,-1.0,-1.0,-1.0,-1.0,-1.0,0.0,4.0,0.0,否,4G,否,0.0,是,0.0,0.0,185.0,0.0,步步高,V2118A,56.0,185.0,56.2,258.0,0.0,28335473.0,0.0,否,二星,-1.0,-1.0,-1.0,-1.0,-1
688,1.0,-1.0,1.0,-1.0,-1.0,-1.0,-1.0,-1.0,-1.0,-1.0,-1.0,-1.0,-1.0,1.0,39.0,11.0,1.0,否,4G,否,0.0,是,0.0,0.0,305.0,0.0,小米科技,HMNote8ProM1906G7E,59.3,305.0,59.0,168.0,0.0,8936117.0,0.0,否,三星,-1.0,-1.0,-1.0,-1.0,-1
689,1.0,1.0,-1.0,-1.0,-1.0,1.0,1.0,1.0,-1.0,-1.0,-1.0,1.0,-1.0,-1.0,5.0,20.0,3.0,否,4G,否,0.0,是,0.0,0.0,636.0,0.0,华为,TAS-AL00,131.37,636.0,128.5,312.0,0.0,18276184.0,0.0,否,银卡,-1.0,-1.0,-1.0,-1.0,-1
690,1.0,1.0,-1.0,-1.0,-1.0,1.0,-1.0,-1.0,-1.0,-1.0,1.0,1.0,-1.0,1.0,2.0,9.0,2.0,否,4G,是,0.0,是,0.0,0.0,323.0,0.0,华为,JAD-AL50,72.1,323.0,102.55,527.0,0.0,46501277.0,0.0,否,三星,-1.0,-1.0,-1.0,-1.0,-1
691,2.0,-1.0,-1.0,-1.0,-1.0,-1.0,-1.0,-1.0,-1.0,-1.0,-1.0,-1.0,-1.0,-1.0,0.0,12.0,0.0,否,4G,否,0.0,是,0.0,0.0,346.0,0.0,华为,CHL-AL00,19.29,346.0,8.05,91.0,0.0,137125.0,0.0,否,三星,-1.0,-1.0,-1.0,-1.0,-1
692,2.0,-1.0,-1.0,-1.0,-1.0,-1.0,-1.0,-1.0,-1.0,-1.0,-1.0,-1.0,-1.0,-1.0,33.0,7.0,0.0,否,5G,否,916.54,是,120.0,0.0,191.0,0.0,苹果,A2408,138.0,191.0,18.1,142.0,0.0,10099194.0,0.0,是,三星,-1.0,-1.0,-1.0,-1.0,-1
693,1.0,1.0,-1.0,-1.0,-1.0,-1.0,-1.0,-1.0,-1.0,1.0,-1.0,-1.0,-1.0,-1.0,38.0,18.0,22.0,否,5G,否,0.0,是,0.0,0.0,1323.0,0.0,步步高,V2118A,372.0,1323.0,251.0,465.0,0.0,58029057.0,0.0,是,白金卡,-1.0,-1.0,-1.0,-1.0,-1
694,1.0,-1.0,1.0,-1.0,-1.0,-1.0,-1.0,-1.0,1.0,1.0,1.0,-1.0,-1.0,-1.0,0.0,12.0,0.0,否,5G,是,41.59,是,10.0,0.0,178.0,0.0,华为,LIO-AN00,99.56,178.0,29.0,4.0,0.0,50553912.0,0.0,是,三星,-1.0,-1.0,-1.0,-1.0,-1
695,2.0,-1.0,-1.0,-1.0,-1.0,-1.0,-1.0,-1.0,-1.0,-1.0,-1.0,-1.0,-1.0,-1.0,5.0,2.0,0.0,否,5G,否,0.0,是,0.0,0.0,320.0,0.0,苹果,A2108,58.2,320.0,58.0,242.0,0.0,16703151.0,0.0,是,三星,-1.0,-1.0,-1.0,-1.0,-1
696,1.0,1.0,-1.0,-1.0,-1.0,-1.0,-1.0,-1.0,-1.0,1.0,-1.0,-1.0,-1.0,-1.0,26.0,0.0,0.0,否,5G,否,0.0,是,0.0,0.0,403.0,0.0,华为,JER-AN20,95.0,403.0,95.0,385.0,0.0,12050022.0,0.0,是,银卡,-1.0,-1.0,-1.0,-1.0,-1
697,1.0,-1.0,1.0,-1.0,-1.0,1.0,-1.0,1.0,-1.0,-1.0,-1.0,1.0,-1.0,1.0,6.0,9.0,0.0,否,5G,否,0.0,是,0.0,0.0,150.0,0.0,苹果,A2644,80.1,150.0,80.1,399.0,0.00541848703873837,10040072.0,54402.0,是,三星,-1.0,-1.0,-1.0,-1.0,-1
698,1.0,1.0,1.0,-1.0,1.0,-1.0,-1.0,1.0,1.0,1.0,1.0,1.0,1.0,1.0,47.0,12.0,4.0,否,5G,否,0.0,是,0.0,0.0,1049.0,0.0,苹果,A2408,175.05,1049.0,168.0,422.0,0.0,40433802.0,0.0,是,金卡,-1.0,-1.0,-1.0,-1.0,-1
699,1.0,1.0,-1.0,-1.0,-1.0,-1.0,-1.0,-1.0,-1.0,-1.0,1.0,1.0,-1.0,-1.0,0.0,0.0,0.0,否,5G,否,0.0,是,0.0,0.0,204.0,0.0,华为,BRQ-AN00,9.0,204.0,25.0,36.0,0.0,6117734.0,0.0,是,三星,-1.0,-1.0,-1.0,-1.0,-1
700,1.0,1.0,1.0,-1.0,-1.0,-1.0,-1.0,-1.0,-1.0,-1.0,1.0,1.0,-1.0,-1.0,14.0,92.0,3.0,否,5G,否,0.0,是,0.0,0.0,838.0,0.0,苹果,A2639,170.0,838.0,170.0,766.0,0.0,73146342.0,0.0,是,金卡,-1.0,-1.0,-1.0,-1.0,-1
701,2.0,-1.0,-1.0,-1.0,-1.0,-1.0,-1.0,-1.0,-1.0,-1.0,-1.0,-1.0,-1.0,-1.0,1.0,16.0,1.0,否,4G,是,0.0,是,0.0,0.0,456.0,0.0,华为,LYA-AL00,21.0,456.0,21.0,176.0,0.0,75514668.0,0.0,否,一星,-1.0,-1.0,-1.0,-1.0,-1
702,1.0,1.0,1.0,-1.0,-1.0,1.0,1.0,-1.0,1.0,1.0,1.0,1.0,-1.0,1.0,2.0,5.0,15.0,否,5G,否,0.0,是,0.0,0.0,298.0,0.0,步步高,V2001A,32.0,298.0,22.0,441.0,0.0,26231711.0,0.0,是,一星,-1.0,-1.0,-1.0,-1.0,-1
703,2.0,-1.0,-1.0,-1.0,-1.0,-1.0,-1.0,-1.0,-1.0,-1.0,-1.0,-1.0,-1.0,-1.0,1.0,4.0,1.0,否,4G,是,0.0,是,0.0,0.215568862275449,334.0,72.0,苹果,iPhone X A1865,59.0,334.0,59.0,66.0,0.449586872405796,5501206.0,2473270.0,否,三星,-1.0,-1.0,-1.0,-1.0,-1
704,2.0,-1.0,-1.0,-1.0,-1.0,-1.0,-1.0,-1.0,-1.0,-1.0,-1.0,-1.0,-1.0,-1.0,3.0,2.0,1.0,否,5G,否,0.0,是,0.0,0.0,348.0,0.0,华为,NOH-AN00,80.0,348.0,80.0,163.0,0.0,15762211.0,0.0,是,三星,-1.0,-1.0,-1.0,-1.0,-1
705,2.0,-1.0,-1.0,-1.0,-1.0,-1.0,-1.0,-1.0,-1.0,-1.0,-1.0,-1.0,-1.0,-1.0,14.0,57.0,1.0,否,4G,否,0.0,是,0.0,0.0,292.0,0.0,小米科技,M2011K2C,57.8,292.0,40.0,210.0,0.0,955468.0,0.0,否,三星,-1.0,-1.0,-1.0,-1.0,-1
706,1.0,1.0,1.0,1.0,1.0,1.0,1.0,-1.0,1.0,1.0,1.0,1.0,-1.0,1.0,11.0,80.0,3.0,否,4G,否,0.0,是,0.0,0.0,804.0,0.0,苹果,A2412,201.0,804.0,201.0,326.0,0.0,12669800.0,0.0,否,银卡,-1.0,-1.0,-1.0,-1.0,-1
707,2.0,-1.0,-1.0,-1.0,-1.0,-1.0,-1.0,-1.0,-1.0,-1.0,-1.0,-1.0,-1.0,-1.0,0.0,6.0,0.0,否,4G,否,0.0,是,0.0,0.0,240.0,0.0,小米科技,M1902F1A,150.85,240.0,135.0,95.0,0.0,13535945.0,0.0,否,银卡,-1.0,-1.0,-1.0,-1.0,-1
708,1.0,1.0,-1.0,-1.0,1.0,1.0,-1.0,-1.0,1.0,-1.0,-1.0,-1.0,-1.0,-1.0,16.0,12.0,1.0,否,4G,否,0.0,是,0.0,0.0,233.0,0.0,苹果,A2108,38.0,233.0,38.0,95.0,0.0,20887341.0,0.0,否,三星,-1.0,-1.0,-1.0,-1.0,-1
709,2.0,-1.0,-1.0,-1.0,-1.0,-1.0,-1.0,-1.0,-1.0,-1.0,-1.0,-1.0,-1.0,-1.0,121.0,7.0,0.0,否,4G,否,0.0,是,0.0,0.0,184.0,0.0,小米科技,MCE8,48.92,184.0,41.72,107.0,0.0,1574990.0,0.0,否,三星,-1.0,-1.0,-1.0,-1.0,-1
710,2.0,-1.0,-1.0,-1.0,-1.0,-1.0,-1.0,-1.0,-1.0,-1.0,-1.0,-1.0,-1.0,-1.0,70.0,7.0,2.0,否,5G,否,0.0,是,0.0,0.0,947.0,0.0,华为,LIO-AN00,308.0,947.0,308.0,786.0,0.0,77564970.0,0.0,是,白金卡,-1.0,-1.0,-1.0,-1.0,-1
711,1.0,1.0,-1.0,-1.0,-1.0,1.0,-1.0,-1.0,1.0,-1.0,-1.0,1.0,-1.0,1.0,0.0,24.0,3.0,否,4G,否,0.0,是,0.0,0.0,687.0,0.0,华为,ANA-AN00,8.0,687.0,8.0,45.0,0.0,241317.0,0.0,否,三星,-1.0,-1.0,-1.0,-1.0,-1
712,2.0,-1.0,-1.0,-1.0,-1.0,-1.0,-1.0,-1.0,-1.0,-1.0,-1.0,-1.0,-1.0,-1.0,2.0,19.0,0.0,否,4G,否,0.0,是,0.0,0.0,241.0,0.0,欧珀,OPPO R9s,30.0,241.0,30.0,213.0,0.0,9586443.0,0.0,否,三星,-1.0,-1.0,-1.0,-1.0,-1
713,2.0,-1.0,-1.0,-1.0,-1.0,-1.0,-1.0,-1.0,-1.0,-1.0,-1.0,-1.0,-1.0,-1.0,25.0,0.0,0.0,否,4G,否,0.0,是,0.0,0.0,1457.0,0.0,华为,TAS-AL00,205.9,1457.0,205.0,656.0,0.0,29024958.0,0.0,否,三星,-1.0,-1.0,-1.0,-1.0,-1
714,1.0,-1.0,-1.0,-1.0,-1.0,1.0,-1.0,-1.0,-1.0,-1.0,1.0,1.0,-1.0,-1.0,4.0,0.0,0.0,否,5G,否,0.0,是,0.0,0.0,302.0,0.0,华为,WLZ-AN00,79.0,302.0,79.0,142.0,0.0,5233959.0,0.0,是,三星,-1.0,-1.0,-1.0,-1.0,-1
715,2.0,-1.0,-1.0,-1.0,-1.0,-1.0,-1.0,-1.0,-1.0,-1.0,-1.0,-1.0,-1.0,-1.0,1.0,14.0,1.0,否,4G,否,36.54,是,10.0,0.0,902.0,0.0,华为,ANA-AL00,30.65,902.0,28.0,397.0,0.0,2906191.0,0.0,否,三星,-1.0,-1.0,-1.0,-1.0,-1
716,1.0,1.0,-1.0,-1.0,-1.0,1.0,-1.0,-1.0,1.0,-1.0,1.0,1.0,1.0,1.0,10.0,9.0,0.0,否,4G,否,0.0,是,0.0,0.0,277.0,0.0,苹果,iPhone X A1865,40.0,277.0,35.0,140.0,0.0,15545073.0,0.0,否,三星,-1.0,-1.0,-1.0,-1.0,-1
717,2.0,-1.0,-1.0,-1.0,-1.0,-1.0,-1.0,-1.0,-1.0,-1.0,-1.0,-1.0,-1.0,-1.0,18.0,6.0,1.0,否,5G,否,0.0,是,0.0,0.0,207.0,0.0,苹果,A2404,100.0,207.0,100.0,203.0,0.0,7636266.0,0.0,是,三星,-1.0,-1.0,-1.0,-1.0,-1
718,1.0,-1.0,1.0,-1.0,-1.0,1.0,-1.0,-1.0,-1.0,-1.0,1.0,-1.0,-1.0,1.0,0.0,0.0,0.0,否,2G,否,0.0,否,0.0,0.0,130.0,0.0,华为,EML-AL00,21.65,130.0,80.15,104.0,0.0,0.0,0.0,否,三星,-1.0,-1.0,-1.0,-1.0,-1
719,1.0,1.0,-1.0,-1.0,-1.0,-1.0,-1.0,-1.0,-1.0,1.0,-1.0,-1.0,-1.0,-1.0,1.0,2.0,3.0,否,5G,否,0.0,是,0.0,0.0,414.0,0.0,苹果,A2634,69.0,414.0,69.0,255.0,0.0,13980878.0,0.0,是,二星,-1.0,-1.0,-1.0,-1.0,-1
720,2.0,-1.0,-1.0,-1.0,-1.0,-1.0,-1.0,-1.0,-1.0,-1.0,-1.0,-1.0,-1.0,-1.0,76.0,13.0,0.0,否,4G,是,0.0,是,0.0,0.0,302.0,0.0,苹果,A2220,75.08,302.0,179.7,162.0,0.0,6798069.0,0.0,否,三星,-1.0,-1.0,-1.0,-1.0,-1
721,1.0,-1.0,1.0,-1.0,-1.0,1.0,-1.0,1.0,-1.0,-1.0,1.0,1.0,-1.0,1.0,4.0,14.0,2.0,否,4G,否,0.0,是,0.0,0.0,858.0,0.0,华为,SEA-AL10,94.1,858.0,89.0,435.0,0.0,24545097.0,0.0,否,银卡,-1.0,-1.0,-1.0,-1.0,-1
722,1.0,1.0,-1.0,-1.0,-1.0,-1.0,1.0,-1.0,-1.0,-1.0,1.0,-1.0,-1.0,1.0,4.0,2.0,1.0,否,5G,否,0.0,是,0.0,0.0,217.0,0.0,步步高,V2057A,198.0,217.0,215.0,243.0,1.93499947538161e-05,17984501.0,348.0,是,银卡,1.0,-1.0,-1.0,-1.0,-1
723,1.0,1.0,-1.0,-1.0,-1.0,-1.0,-1.0,-1.0,-1.0,-1.0,1.0,-1.0,-1.0,1.0,80.0,13.0,0.0,否,4G,否,0.0,是,0.0,0.0,134.0,0.0,步步高,V2065A,90.0,134.0,90.1,165.0,1.03272937015329e-05,23433051.0,242.0,否,银卡,-1.0,-1.0,-1.0,-1.0,-1
724,1.0,1.0,-1.0,-1.0,1.0,1.0,-1.0,1.0,1.0,-1.0,-1.0,1.0,-1.0,1.0,2.0,5.0,0.0,否,4G,否,0.0,是,0.0,0.0,248.0,0.0,苹果,A2412,18.0,248.0,18.0,292.0,0.0,2034243.0,0.0,否,三星,-1.0,-1.0,-1.0,-1.0,-1
725,1.0,-1.0,-1.0,-1.0,-1.0,1.0,-1.0,-1.0,-1.0,-1.0,-1.0,1.0,-1.0,1.0,10.0,13.0,1.0,否,4G,否,0.0,是,0.0,0.18815331010453,287.0,54.0,苹果,A2223,120.0,287.0,60.0,64.0,0.219035998396899,6557292.0,1436283.0,否,一星,-1.0,-1.0,-1.0,-1.0,-1
726,2.0,-1.0,-1.0,-1.0,-1.0,-1.0,-1.0,-1.0,-1.0,-1.0,-1.0,-1.0,-1.0,-1.0,1.0,20.0,1.0,否,5G,否,0.0,是,0.0,0.0,606.0,0.0,华为,NOP-AN00,215.0,606.0,209.5,291.0,0.0,4104044.0,0.0,是,银卡,-1.0,-1.0,-1.0,-1.0,-1
727,1.0,-1.0,1.0,-1.0,-1.0,-1.0,-1.0,-1.0,1.0,1.0,-1.0,-1.0,-1.0,-1.0,4.0,0.0,0.0,否,4G,否,2.0,是,1.0,0.0,120.0,0.0,苹果,A2404,22.0,120.0,21.0,245.0,0.0,54004026.0,0.0,否,准星,-1.0,-1.0,-1.0,-1.0,-1
728,2.0,-1.0,-1.0,-1.0,-1.0,-1.0,-1.0,-1.0,-1.0,-1.0,-1.0,-1.0,-1.0,-1.0,1.0,0.0,0.0,否,4G,否,0.0,是,0.0,0.0,313.0,0.0,realme,RMX3366,54.32,313.0,49.0,80.0,0.0,31442964.0,0.0,否,三星,-1.0,-1.0,-1.0,-1.0,-1
729,1.0,1.0,1.0,-1.0,-1.0,1.0,-1.0,-1.0,1.0,-1.0,1.0,1.0,-1.0,1.0,1.0,64.0,2.0,否,4G,否,0.0,是,0.0,0.0,660.0,0.0,华为,LIO-AN00,105.84,660.0,89.0,229.0,0.0,261338.0,0.0,否,三星,-1.0,-1.0,-1.0,-1.0,-1
730,2.0,-1.0,-1.0,-1.0,-1.0,-1.0,-1.0,-1.0,-1.0,-1.0,-1.0,-1.0,-1.0,-1.0,4.0,4.0,0.0,否,4G,是,0.0,是,0.0,0.0,132.0,0.0,苹果,A2298,39.9,132.0,40.03,21.0,0.0,5075877.0,0.0,否,三星,-1.0,-1.0,-1.0,-1.0,-1
731,2.0,-1.0,-1.0,-1.0,-1.0,-1.0,-1.0,-1.0,-1.0,-1.0,-1.0,-1.0,-1.0,-1.0,0.0,0.0,0.0,否,5G,否,0.0,是,0.0,0.0,163.0,0.0,华为,ANA-AN00,42.9,163.0,38.15,81.0,0.0,38965544.0,0.0,是,三星,-1.0,-1.0,-1.0,-1.0,-1
732,1.0,1.0,1.0,-1.0,-1.0,1.0,-1.0,-1.0,1.0,1.0,1.0,1.0,1.0,1.0,20.0,0.0,0.0,否,4G,否,0.0,是,0.0,0.0,464.0,0.0,华为,EVR-AL00,77.7,464.0,59.13,351.0,0.0,13324579.0,0.0,否,三星,-1.0,-1.0,-1.0,-1.0,-1
733,2.0,-1.0,-1.0,-1.0,-1.0,-1.0,-1.0,-1.0,-1.0,-1.0,-1.0,-1.0,-1.0,-1.0,18.0,13.0,3.0,否,4G,否,0.0,是,0.0,0.0,174.0,0.0,苹果,A2104,94.0,174.0,94.0,128.0,0.0,40416396.0,0.0,否,三星,-1.0,-1.0,-1.0,-1.0,-1
734,2.0,-1.0,-1.0,-1.0,-1.0,-1.0,-1.0,-1.0,-1.0,-1.0,-1.0,-1.0,-1.0,-1.0,0.0,1.0,0.0,否,5G,否,0.0,是,0.0,0.0,396.0,0.0,步步高,V2073A,51.13,396.0,38.4,135.0,0.0,11500299.0,0.0,是,三星,-1.0,-1.0,-1.0,-1.0,-1
735,2.0,-1.0,-1.0,-1.0,-1.0,-1.0,-1.0,-1.0,-1.0,-1.0,-1.0,-1.0,-1.0,-1.0,6.0,17.0,0.0,否,4G,否,164.58,是,50.0,0.0,199.0,0.0,苹果,iPhone 8 Plus A1864,136.72,199.0,29.24,108.0,0.0,56805941.0,0.0,否,三星,-1.0,-1.0,-1.0,-1.0,-1
736,2.0,-1.0,-1.0,-1.0,-1.0,-1.0,-1.0,-1.0,-1.0,-1.0,-1.0,-1.0,-1.0,-1.0,3.0,0.0,1.0,否,5G,否,0.0,是,0.0,0.0,221.0,0.0,华为,ELS-AN00,111.0,221.0,111.0,46.0,0.0,12059994.0,0.0,是,银卡,-1.0,-1.0,-1.0,-1.0,-1
737,2.0,-1.0,-1.0,-1.0,-1.0,-1.0,-1.0,-1.0,-1.0,-1.0,-1.0,-1.0,-1.0,-1.0,1.0,0.0,0.0,否,4G,否,0.0,是,0.0,0.0,151.0,0.0,华为,COL-AL10,21.23,151.0,18.0,82.0,0.0,372420.0,0.0,否,三星,-1.0,-1.0,-1.0,-1.0,-1
738,1.0,1.0,1.0,1.0,1.0,1.0,1.0,1.0,1.0,1.0,1.0,1.0,1.0,-1.0,20.0,1.0,0.0,否,5G,否,0.0,是,0.0,0.0,320.0,0.0,小米科技,M2102K1C,21.0,320.0,56.0,266.0,0.0,34978692.0,0.0,是,二星,-1.0,-1.0,-1.0,-1.0,-1
739,2.0,-1.0,-1.0,-1.0,-1.0,-1.0,-1.0,-1.0,-1.0,-1.0,-1.0,-1.0,-1.0,-1.0,1.0,1.0,0.0,否,5G,否,0.0,是,0.0,0.0,406.0,0.0,华为,ELS-AN00,131.0,406.0,131.4,370.0,0.0,11779587.0,0.0,是,银卡,-1.0,-1.0,-1.0,-1.0,-1
740,1.0,-1.0,-1.0,-1.0,-1.0,1.0,-1.0,-1.0,-1.0,-1.0,-1.0,1.0,-1.0,1.0,12.0,18.0,1.0,否,5G,否,0.0,是,0.0,0.0,932.0,0.0,万普拉斯,KB2000,178.4,932.0,135.0,664.0,0.0,37002545.0,0.0,是,银卡,-1.0,-1.0,-1.0,-1.0,-1
741,2.0,-1.0,-1.0,-1.0,-1.0,-1.0,-1.0,-1.0,-1.0,-1.0,-1.0,-1.0,-1.0,-1.0,6.0,7.0,1.0,否,4G,否,0.0,是,0.0,0.0,239.0,0.0,苹果,A2220,60.0,239.0,60.0,195.0,0.0,19848024.0,0.0,否,三星,-1.0,-1.0,-1.0,-1.0,-1
742,2.0,-1.0,-1.0,-1.0,-1.0,-1.0,-1.0,-1.0,-1.0,-1.0,-1.0,-1.0,-1.0,-1.0,23.0,12.0,11.0,否,5G,否,0.0,是,0.0,0.0,345.0,0.0,步步高,V2002A,100.0,345.0,100.0,477.0,0.0,37527477.0,0.0,是,银卡,-1.0,-1.0,-1.0,-1.0,-1
743,1.0,-1.0,1.0,-1.0,-1.0,-1.0,-1.0,-1.0,-1.0,1.0,-1.0,-1.0,-1.0,-1.0,60.0,12.0,11.0,否,5G,否,0.0,是,0.0,0.0,1017.0,0.0,苹果,A2639,210.0,1017.0,208.0,532.0,0.0,34329723.0,0.0,是,银卡,-1.0,-1.0,-1.0,-1.0,-1
744,1.0,1.0,-1.0,-1.0,-1.0,-1.0,-1.0,-1.0,-1.0,-1.0,-1.0,1.0,-1.0,1.0,0.0,21.0,2.0,否,4G,否,0.0,是,0.0,0.0,566.0,0.0,小米科技,M1804D2SE,34.6,566.0,21.34,541.0,0.0,2104.0,0.0,否,三星,-1.0,-1.0,-1.0,-1.0,-1
745,2.0,-1.0,-1.0,-1.0,-1.0,-1.0,-1.0,-1.0,-1.0,-1.0,-1.0,-1.0,-1.0,-1.0,8.0,8.0,2.0,否,5G,否,0.0,是,0.0,0.0,861.0,0.0,华为,ELS-AN00,87.2,861.0,87.0,381.0,0.0,7619239.0,0.0,是,三星,-1.0,-1.0,-1.0,-1.0,-1
746,1.0,-1.0,1.0,-1.0,-1.0,1.0,-1.0,-1.0,1.0,-1.0,1.0,1.0,-1.0,-1.0,38.0,11.0,2.0,否,4G,否,0.0,是,0.0,0.0,194.0,0.0,苹果,iPhone 8 Plus A1864,48.15,194.0,48.0,172.0,0.0,7422710.0,0.0,否,三星,-1.0,-1.0,-1.0,-1.0,-1
747,1.0,1.0,1.0,-1.0,-1.0,-1.0,-1.0,-1.0,-1.0,-1.0,1.0,-1.0,-1.0,1.0,21.0,45.0,3.0,否,5G,否,0.0,是,0.0,0.0,780.0,0.0,苹果,A2408,100.0,780.0,100.0,617.0,0.0,16049371.0,0.0,是,三星,-1.0,-1.0,-1.0,-1.0,-1
748,2.0,-1.0,-1.0,-1.0,-1.0,-1.0,-1.0,-1.0,-1.0,-1.0,-1.0,-1.0,-1.0,-1.0,33.0,20.0,1.0,否,4G,否,0.0,是,0.0,0.0,254.0,0.0,苹果,A2104,64.8,254.0,64.6,235.0,1.16751289880328e-05,12419563.0,145.0,否,银卡,-1.0,-1.0,-1.0,-1.0,-1
749,2.0,-1.0,-1.0,-1.0,-1.0,-1.0,-1.0,-1.0,-1.0,-1.0,-1.0,-1.0,-1.0,-1.0,31.0,5.0,0.0,否,4G,否,0.0,是,0.0,0.0,127.0,0.0,华为,LON-AL00,70.0,127.0,70.0,99.0,0.0,1572050.0,0.0,否,三星,-1.0,-1.0,-1.0,-1.0,-1
750,2.0,-1.0,-1.0,-1.0,-1.0,-1.0,-1.0,-1.0,-1.0,-1.0,-1.0,-1.0,-1.0,-1.0,1.0,4.0,0.0,否,4G,否,0.0,是,0.0,0.0,232.0,0.0,华为,HMA-AL00,11.0,232.0,11.0,86.0,0.0,26624755.0,0.0,否,准星,-1.0,-1.0,-1.0,-1.0,-1
751,1.0,-1.0,1.0,-1.0,-1.0,-1.0,-1.0,-1.0,-1.0,-1.0,1.0,-1.0,-1.0,-1.0,12.0,27.0,1.0,否,4G,否,0.0,是,0.0,0.0,653.0,0.0,苹果,A2108,73.9,653.0,168.01,857.0,0.0,9662177.0,0.0,否,三星,-1.0,-1.0,-1.0,-1.0,-1
752,1.0,1.0,1.0,-1.0,1.0,1.0,1.0,1.0,1.0,1.0,-1.0,1.0,-1.0,-1.0,69.0,0.0,0.0,否,4G,是,0.0,是,0.0,0.0,201.0,0.0,华为,TAS-AL00,58.0,201.0,61.19,144.0,0.0,37588681.0,0.0,否,三星,-1.0,-1.0,-1.0,-1.0,-1
753,2.0,-1.0,-1.0,-1.0,-1.0,-1.0,-1.0,-1.0,-1.0,-1.0,-1.0,-1.0,-1.0,-1.0,94.0,22.0,7.0,否,4G,否,0.0,是,0.0,0.0,605.0,0.0,华为,SEA-AL10,129.5,605.0,129.68,152.0,0.0,26455817.0,0.0,否,银卡,-1.0,-1.0,-1.0,-1.0,-1
754,2.0,-1.0,-1.0,-1.0,-1.0,-1.0,-1.0,-1.0,-1.0,-1.0,-1.0,-1.0,-1.0,-1.0,15.0,6.0,1.0,否,5G,否,0.0,是,0.0,0.0,480.0,0.0,苹果,A2412,56.0,480.0,56.2,89.0,0.0,15983785.0,0.0,是,三星,-1.0,-1.0,-1.0,-1.0,-1
755,1.0,1.0,1.0,1.0,1.0,1.0,1.0,1.0,1.0,1.0,1.0,1.0,1.0,1.0,28.0,11.0,2.0,否,4G,否,0.0,是,0.0,0.0,244.0,0.0,苹果,iPhone 8 Plus A1864,69.0,244.0,69.2,375.0,0.000174030131015497,53439022.0,9300.0,否,二星,1.0,-1.0,-1.0,-1.0,1
756,2.0,-1.0,-1.0,-1.0,-1.0,-1.0,-1.0,-1.0,-1.0,-1.0,-1.0,-1.0,-1.0,-1.0,2.0,0.0,0.0,否,4G,否,0.0,是,0.0,0.0,147.0,0.0,华为,HLK-AL00,8.0,147.0,8.0,72.0,0.0,57182.0,0.0,否,三星,-1.0,-1.0,-1.0,-1.0,-1
757,1.0,1.0,-1.0,-1.0,-1.0,1.0,-1.0,-1.0,-1.0,1.0,1.0,-1.0,-1.0,-1.0,6.0,19.0,1.0,否,4G,否,0.0,是,0.0,0.0,311.0,0.0,苹果,iPhone 7 A1660,58.0,311.0,58.0,157.0,0.0,4325704.0,0.0,否,三星,-1.0,-1.0,-1.0,-1.0,-1
758,1.0,1.0,1.0,-1.0,-1.0,-1.0,-1.0,-1.0,1.0,-1.0,-1.0,-1.0,-1.0,1.0,20.0,0.0,0.0,否,4G,否,0.0,是,0.0,0.0,200.0,0.0,华为,JSN-AL00,84.15,200.0,84.15,78.0,0.0,6224628.0,0.0,否,三星,-1.0,-1.0,-1.0,-1.0,-1
759,2.0,-1.0,-1.0,-1.0,-1.0,-1.0,-1.0,-1.0,-1.0,-1.0,-1.0,-1.0,-1.0,-1.0,4.0,3.0,7.0,否,5G,否,0.0,是,0.0,0.0,4762.0,0.0,华为,NOH-AN00,358.0,4762.0,358.0,2394.0,4.09109260895538e-06,11732807.0,48.0,是,白金卡,-1.0,-1.0,-1.0,-1.0,-1
760,2.0,-1.0,-1.0,-1.0,-1.0,-1.0,-1.0,-1.0,-1.0,-1.0,-1.0,-1.0,-1.0,-1.0,3.0,12.0,2.0,否,5G,否,0.0,是,0.0,0.0,311.0,0.0,华为,LIO-AN00,85.0,311.0,85.0,395.0,0.0,19171680.0,0.0,是,三星,-1.0,-1.0,-1.0,-1.0,-1
761,1.0,1.0,1.0,-1.0,-1.0,1.0,1.0,1.0,1.0,-1.0,1.0,-1.0,-1.0,-1.0,4.0,11.0,0.0,否,5G,否,46.96,是,1.41,0.0,994.0,0.0,华为,ELS-AN00,42.41,994.0,39.0,670.0,2.49101387503032e-06,36129867.0,90.0,是,三星,-1.0,-1.0,-1.0,-1.0,-1
762,1.0,1.0,-1.0,-1.0,-1.0,1.0,-1.0,1.0,-1.0,1.0,-1.0,1.0,-1.0,-1.0,21.0,5.0,3.0,否,5G,否,0.0,是,0.0,0.0348837209302326,258.0,9.0,华为,TAS-AN00,20.0,258.0,20.0,90.0,0.000388744716672112,9610420.0,3736.0,是,三星,-1.0,-1.0,-1.0,-1.0,-1
763,1.0,1.0,-1.0,-1.0,-1.0,-1.0,-1.0,-1.0,1.0,-1.0,-1.0,-1.0,-1.0,-1.0,0.0,0.0,0.0,否,4G,否,0.0,是,0.0,0.0,132.0,0.0,步步高,V1838A,28.33,132.0,33.65,158.0,0.0,4933779.0,0.0,否,三星,-1.0,-1.0,-1.0,-1.0,-1
764,2.0,-1.0,-1.0,-1.0,-1.0,-1.0,-1.0,-1.0,-1.0,-1.0,-1.0,-1.0,-1.0,-1.0,16.0,13.0,3.0,否,4G,否,0.0,是,0.0,0.0,630.0,0.0,华为,VOG-AL00,62.9,630.0,53.0,163.0,0.0,44358974.0,0.0,否,三星,-1.0,-1.0,-1.0,-1.0,-1
765,2.0,-1.0,-1.0,-1.0,-1.0,-1.0,-1.0,-1.0,-1.0,-1.0,-1.0,-1.0,-1.0,-1.0,8.0,8.0,1.0,否,5G,否,0.0,是,0.0,0.0,560.0,0.0,苹果,A2644,105.0,560.0,105.0,748.0,0.0,14118699.0,0.0,是,三星,-1.0,-1.0,-1.0,-1.0,-1
766,1.0,1.0,-1.0,1.0,1.0,1.0,1.0,1.0,1.0,1.0,1.0,1.0,1.0,1.0,67.0,0.0,0.0,否,4G,否,0.0,是,0.0,0.0,199.0,0.0,欧珀,PBDM00,225.0,199.0,225.0,117.0,0.0,47093091.0,0.0,否,银卡,-1.0,-1.0,-1.0,-1.0,-1
767,1.0,-1.0,1.0,-1.0,-1.0,-1.0,-1.0,-1.0,1.0,-1.0,-1.0,1.0,-1.0,1.0,57.0,27.0,3.0,否,5G,否,0.0,是,0.0,0.0,769.0,0.0,苹果,A2639,49.88,769.0,49.0,327.0,0.0,1618175.0,0.0,是,银卡,-1.0,-1.0,-1.0,-1.0,-1
768,2.0,-1.0,-1.0,-1.0,-1.0,-1.0,-1.0,-1.0,-1.0,-1.0,-1.0,-1.0,-1.0,-1.0,10.0,0.0,0.0,否,5G,否,0.0,是,0.0,0.0,732.0,0.0,华为,OXF-AN10,65.0,732.0,62.46,675.0,0.0,15956784.0,0.0,是,三星,-1.0,-1.0,-1.0,-1.0,-1
769,2.0,-1.0,-1.0,-1.0,-1.0,-1.0,-1.0,-1.0,-1.0,-1.0,-1.0,-1.0,-1.0,-1.0,3.0,11.0,1.0,否,4G,否,0.0,是,0.0,0.0,209.0,0.0,苹果,A2634,89.0,209.0,88.8,274.0,0.0,10955717.0,0.0,否,三星,-1.0,-1.0,-1.0,-1.0,-1
770,1.0,-1.0,1.0,-1.0,-1.0,-1.0,-1.0,-1.0,-1.0,-1.0,-1.0,1.0,-1.0,-1.0,5.0,11.0,0.0,否,4G,否,0.0,是,0.0,0.0,168.0,0.0,华为,YAL-AL00,101.8,168.0,100.0,93.0,0.0,11619789.0,0.0,否,三星,-1.0,-1.0,-1.0,-1.0,-1
771,2.0,-1.0,-1.0,-1.0,-1.0,-1.0,-1.0,-1.0,-1.0,-1.0,-1.0,-1.0,-1.0,-1.0,9.0,2.0,2.0,否,5G,否,0.0,是,0.0,0.0,678.0,0.0,华为,ELS-AN00,98.0,678.0,96.93,597.0,0.0,12106422.0,0.0,是,三星,-1.0,-1.0,-1.0,-1.0,-1
772,2.0,-1.0,-1.0,-1.0,-1.0,-1.0,-1.0,-1.0,-1.0,-1.0,-1.0,-1.0,-1.0,-1.0,25.0,0.0,0.0,否,4G,否,118.02,是,30.0,0.0,186.0,0.0,华为,TAS-AN00,64.0,186.0,33.15,114.0,0.0,13367523.0,0.0,否,三星,-1.0,-1.0,-1.0,-1.0,-1
773,1.0,1.0,1.0,-1.0,1.0,1.0,-1.0,-1.0,1.0,1.0,-1.0,-1.0,-1.0,-1.0,28.0,10.0,0.0,否,4G,否,171.57,是,5.0,0.0,192.0,0.0,苹果,A2108,121.38,192.0,114.88,214.0,0.0,24505150.0,0.0,否,二星,-1.0,-1.0,-1.0,-1.0,-1
774,2.0,-1.0,-1.0,-1.0,-1.0,-1.0,-1.0,-1.0,-1.0,-1.0,-1.0,-1.0,-1.0,-1.0,4.0,4.0,1.0,否,5G,否,0.0,是,0.0,0.0,410.0,0.0,黑鲨,SHARK KLE-A0,62.28,410.0,48.37,54.0,0.0,20342460.0,0.0,是,三星,-1.0,-1.0,-1.0,-1.0,-1
775,1.0,1.0,1.0,-1.0,-1.0,1.0,-1.0,-1.0,-1.0,-1.0,1.0,1.0,-1.0,1.0,32.0,3.0,2.0,否,5G,否,0.0,是,0.0,0.0,318.0,0.0,华为,TEL-AN00a,145.0,318.0,145.0,514.0,0.0,118327522.0,0.0,是,金卡,-1.0,-1.0,-1.0,-1.0,-1
776,1.0,-1.0,1.0,-1.0,-1.0,-1.0,-1.0,-1.0,1.0,-1.0,-1.0,1.0,-1.0,-1.0,104.0,39.0,4.0,否,4G,否,0.0,是,0.0,0.0,342.0,0.0,苹果,iPhone 7Plus A1661,60.0,342.0,60.0,509.0,0.0,37697501.0,0.0,否,三星,-1.0,-1.0,-1.0,-1.0,-1
777,2.0,-1.0,-1.0,-1.0,-1.0,-1.0,-1.0,-1.0,-1.0,-1.0,-1.0,-1.0,-1.0,-1.0,3.0,47.0,7.0,否,5G,否,18.1,是,3.19,0.0,987.0,0.0,步步高,V1938CT,72.1,987.0,67.37,334.0,0.0,4721151.0,0.0,是,二星,-1.0,-1.0,-1.0,-1.0,-1
778,1.0,1.0,-1.0,-1.0,-1.0,-1.0,-1.0,-1.0,1.0,-1.0,-1.0,1.0,-1.0,-1.0,15.0,10.0,1.0,否,5G,否,0.0,是,0.0,0.0,457.0,0.0,小米科技,M2007J1SC,89.0,457.0,59.0,492.0,0.0,43281879.0,0.0,是,三星,-1.0,-1.0,-1.0,-1.0,-1
779,2.0,-1.0,-1.0,-1.0,-1.0,-1.0,-1.0,-1.0,-1.0,-1.0,-1.0,-1.0,-1.0,-1.0,0.0,0.0,0.0,否,4G,否,0.0,是,0.0,0.0,212.0,0.0,苹果,iPhone 8 A1863,14.0,212.0,14.52,39.0,0.0,25397899.0,0.0,否,三星,-1.0,-1.0,-1.0,-1.0,-1
780,1.0,1.0,-1.0,-1.0,-1.0,-1.0,-1.0,-1.0,-1.0,-1.0,1.0,-1.0,-1.0,-1.0,30.0,17.0,7.0,否,4G,否,0.0,是,0.0,0.0,313.0,0.0,华为,TAS-AL00,74.4,313.0,64.2,281.0,0.0,32749472.0,0.0,否,三星,-1.0,-1.0,-1.0,-1.0,-1
781,2.0,-1.0,-1.0,-1.0,-1.0,-1.0,-1.0,-1.0,-1.0,-1.0,-1.0,-1.0,-1.0,-1.0,3.0,5.0,1.0,否,4G,否,40.0,是,10.0,0.0,169.0,0.0,苹果,A2404,16.44,169.0,26.68,135.0,0.0,170478.0,0.0,否,三星,-1.0,-1.0,-1.0,-1.0,-1
782,1.0,1.0,1.0,-1.0,-1.0,1.0,-1.0,1.0,-1.0,-1.0,-1.0,1.0,-1.0,-1.0,4.0,6.0,0.0,否,4G,否,0.0,是,0.0,0.0,191.0,0.0,苹果,A2217,26.05,191.0,25.0,204.0,0.0,8116878.0,0.0,否,三星,-1.0,-1.0,-1.0,-1.0,-1
783,1.0,1.0,-1.0,-1.0,-1.0,-1.0,-1.0,1.0,1.0,-1.0,-1.0,1.0,-1.0,1.0,85.0,21.0,3.0,是,5G,否,28.89,是,6.96,0.0,1887.0,0.0,华为,NOH-AN00,244.06,1887.0,186.1,1327.0,0.0,22871353.0,0.0,是,银卡,-1.0,-1.0,-1.0,-1.0,-1
784,2.0,-1.0,-1.0,-1.0,-1.0,-1.0,-1.0,-1.0,-1.0,-1.0,-1.0,-1.0,-1.0,-1.0,2.0,8.0,2.0,否,4G,否,850.5,是,3.07,0.0,487.0,0.0,华为,COL-AL10,183.2,487.0,177.0,71.0,0.0,47564240.0,0.0,否,银卡,-1.0,-1.0,-1.0,-1.0,-1
785,2.0,-1.0,-1.0,-1.0,-1.0,-1.0,-1.0,-1.0,-1.0,-1.0,-1.0,-1.0,-1.0,-1.0,0.0,0.0,2.0,否,5G,否,0.0,是,0.0,0.0,1158.0,0.0,华为,ANA-AN00,110.0,1158.0,110.0,686.0,0.0,25280070.0,0.0,是,银卡,-1.0,-1.0,-1.0,-1.0,-1
786,1.0,1.0,-1.0,-1.0,-1.0,-1.0,-1.0,-1.0,-1.0,-1.0,-1.0,-1.0,-1.0,1.0,4.0,19.0,1.0,否,4G,否,0.0,是,0.0,0.0,209.0,0.0,苹果,A2104,120.0,209.0,120.0,91.0,0.0,7713983.0,0.0,否,银卡,-1.0,-1.0,-1.0,-1.0,-1
787,1.0,1.0,-1.0,-1.0,1.0,1.0,-1.0,1.0,-1.0,-1.0,1.0,1.0,-1.0,1.0,4.0,62.0,2.0,否,4G,否,0.0,是,0.0,0.0,884.0,0.0,苹果,A2404,151.0,884.0,141.0,442.0,0.0,11990554.0,0.0,否,银卡,-1.0,-1.0,-1.0,-1.0,-1
788,2.0,-1.0,-1.0,-1.0,-1.0,-1.0,-1.0,-1.0,-1.0,-1.0,-1.0,-1.0,-1.0,-1.0,80.0,31.0,11.0,否,4G,否,0.0,是,0.0,0.0,1810.0,0.0,苹果,A2104,156.75,1810.0,152.0,474.0,0.0,42890134.0,0.0,否,银卡,-1.0,-1.0,-1.0,-1.0,-1
789,2.0,-1.0,-1.0,-1.0,-1.0,-1.0,-1.0,-1.0,-1.0,-1.0,-1.0,-1.0,-1.0,-1.0,31.0,3.0,0.0,否,5G,否,42.36,是,10.0,0.0,269.0,0.0,步步高,V2164A,73.0,269.0,38.0,54.0,0.0,22619236.0,0.0,是,三星,-1.0,-1.0,-1.0,-1.0,-1
790,1.0,1.0,-1.0,-1.0,1.0,1.0,-1.0,-1.0,1.0,-1.0,-1.0,1.0,-1.0,1.0,61.0,3.0,0.0,否,4G,否,0.0,是,0.0,0.0,228.0,0.0,小米科技,MDE40,58.0,228.0,58.0,175.0,0.0,1510403.0,0.0,否,三星,-1.0,-1.0,-1.0,-1.0,-1
791,1.0,-1.0,-1.0,-1.0,-1.0,1.0,-1.0,-1.0,1.0,-1.0,-1.0,-1.0,-1.0,-1.0,4.0,7.0,1.0,否,5G,否,0.0,是,0.0,0.0,139.0,0.0,苹果,A2634,166.41,139.0,160.17,92.0,0.0,27177323.0,0.0,是,银卡,-1.0,-1.0,-1.0,-1.0,-1
792,2.0,-1.0,-1.0,-1.0,-1.0,-1.0,-1.0,-1.0,-1.0,-1.0,-1.0,-1.0,-1.0,-1.0,9.0,9.0,1.0,否,5G,是,0.0,是,0.0,0.0,435.0,0.0,步步高,V2072A,135.0,435.0,135.0,665.0,0.0,30205574.0,0.0,是,银卡,-1.0,-1.0,-1.0,-1.0,-1
793,2.0,-1.0,-1.0,-1.0,-1.0,-1.0,-1.0,-1.0,-1.0,-1.0,-1.0,-1.0,-1.0,-1.0,0.0,6.0,0.0,否,5G,否,0.0,是,0.0,0.0,137.0,0.0,步步高,V2196A,0.0,137.0,1.0,19.0,0.0,20360169.0,0.0,是,三星,-1.0,-1.0,-1.0,-1.0,-1
794,2.0,-1.0,-1.0,-1.0,-1.0,-1.0,-1.0,-1.0,-1.0,-1.0,-1.0,-1.0,-1.0,-1.0,71.0,6.0,1.0,否,4G,否,89.71,是,20.87,0.0,361.0,0.0,华为,HLK-AL00,90.81,361.0,49.3,108.0,0.0,6786613.0,0.0,否,三星,-1.0,-1.0,-1.0,-1.0,-1
795,1.0,1.0,-1.0,-1.0,-1.0,-1.0,-1.0,-1.0,1.0,-1.0,-1.0,-1.0,-1.0,-1.0,3.0,18.0,1.0,否,4G,否,12.04,是,3.48,0.0,411.0,0.0,苹果,iPhone 7Plus A1661,61.48,411.0,43.1,183.0,0.0,17436499.0,0.0,否,三星,-1.0,-1.0,-1.0,-1.0,-1
796,1.0,-1.0,1.0,-1.0,-1.0,1.0,-1.0,1.0,-1.0,1.0,1.0,1.0,-1.0,1.0,19.0,17.0,1.0,否,4G,否,0.0,是,0.0,0.0,471.0,0.0,华为,CLT-AL01,85.3,471.0,84.0,463.0,0.0,14763253.0,0.0,否,三星,-1.0,-1.0,-1.0,-1.0,-1
797,1.0,1.0,-1.0,-1.0,-1.0,-1.0,-1.0,-1.0,-1.0,-1.0,1.0,1.0,-1.0,1.0,1.0,0.0,2.0,否,5G,否,0.0,是,0.0,0.0,148.0,0.0,华为,KKG-AN00,34.0,148.0,34.0,41.0,0.0,8254408.0,0.0,是,三星,-1.0,-1.0,-1.0,-1.0,-1
798,2.0,-1.0,-1.0,-1.0,-1.0,-1.0,-1.0,-1.0,-1.0,-1.0,-1.0,-1.0,-1.0,-1.0,6.0,22.0,2.0,否,5G,是,0.0,是,0.0,0.0,231.0,0.0,步步高,V2145A,108.5,231.0,77.5,109.0,0.0,5167769.0,0.0,是,银卡,-1.0,-1.0,-1.0,-1.0,-1
799,2.0,-1.0,-1.0,-1.0,-1.0,-1.0,-1.0,-1.0,-1.0,-1.0,-1.0,-1.0,-1.0,-1.0,30.0,9.0,1.0,否,5G,否,0.0,是,0.0,0.0,291.0,0.0,苹果,A2644,128.0,291.0,128.0,158.0,0.0,13640941.0,0.0,是,银卡,-1.0,-1.0,-1.0,-1.0,-1
800,2.0,-1.0,-1.0,-1.0,-1.0,-1.0,-1.0,-1.0,-1.0,-1.0,-1.0,-1.0,-1.0,-1.0,6.0,1.0,3.0,否,5G,否,0.0,是,0.0,0.0,1383.0,0.0,华为,EBG-AN00,42.9,1383.0,36.0,628.0,0.0,4624546.0,0.0,是,三星,-1.0,-1.0,-1.0,-1.0,-1
801,1.0,1.0,1.0,-1.0,-1.0,-1.0,-1.0,-1.0,1.0,-1.0,1.0,1.0,-1.0,1.0,51.0,51.0,12.0,否,4G,否,0.0,是,0.0,0.0,1290.0,0.0,苹果,iPhone 8 Plus A1864,68.44,1290.0,81.92,1441.0,0.0,6304873.0,0.0,否,三星,-1.0,-1.0,-1.0,-1.0,-1
802,2.0,-1.0,-1.0,-1.0,-1.0,-1.0,-1.0,-1.0,-1.0,-1.0,-1.0,-1.0,-1.0,-1.0,0.0,26.0,1.0,否,4G,否,0.0,是,0.0,0.0,387.0,0.0,苹果,iPhone X A1865,128.0,387.0,128.1,519.0,0.0,9431653.0,0.0,否,银卡,-1.0,-1.0,-1.0,-1.0,-1
803,2.0,-1.0,-1.0,-1.0,-1.0,-1.0,-1.0,-1.0,-1.0,-1.0,-1.0,-1.0,-1.0,-1.0,14.0,12.0,4.0,否,5G,否,0.0,是,0.0,0.0,382.0,0.0,苹果,A2412,70.9,382.0,69.02,446.0,0.0,32657364.0,0.0,是,三星,-1.0,-1.0,-1.0,-1.0,-1
804,1.0,-1.0,-1.0,-1.0,-1.0,-1.0,1.0,-1.0,1.0,-1.0,-1.0,-1.0,-1.0,-1.0,1.0,73.0,6.0,否,4G,否,0.0,是,0.0,0.0,690.0,0.0,三星,SM-G9880,121.1,690.0,121.0,520.0,0.0,300087.0,0.0,否,银卡,-1.0,-1.0,-1.0,-1.0,-1
805,1.0,-1.0,1.0,-1.0,-1.0,1.0,-1.0,-1.0,1.0,-1.0,-1.0,1.0,1.0,-1.0,9.0,4.0,6.0,否,4G,否,0.0,是,0.0,0.0,691.0,0.0,苹果,iPhone 8 A1907,92.94,691.0,38.0,51.0,0.00178139836067482,10394643.0,18517.0,否,三星,-1.0,-1.0,-1.0,-1.0,-1
806,2.0,-1.0,-1.0,-1.0,-1.0,-1.0,-1.0,-1.0,-1.0,-1.0,-1.0,-1.0,-1.0,-1.0,1.0,16.0,2.0,否,4G,否,0.0,是,0.0,0.0,258.0,0.0,欧珀,PEAM00,94.37,258.0,82.11,161.0,0.0,5370239.0,0.0,否,三星,-1.0,-1.0,-1.0,-1.0,-1
807,1.0,1.0,-1.0,-1.0,-1.0,-1.0,-1.0,1.0,1.0,1.0,-1.0,-1.0,-1.0,-1.0,6.0,11.0,4.0,否,5G,否,0.0,是,0.0,0.0,311.0,0.0,苹果,A2404,110.3,311.0,93.61,146.0,0.0,26028208.0,0.0,是,银卡,-1.0,-1.0,-1.0,-1.0,-1
808,2.0,-1.0,-1.0,-1.0,-1.0,-1.0,-1.0,-1.0,-1.0,-1.0,-1.0,-1.0,-1.0,-1.0,80.0,26.0,3.0,否,4G,否,0.0,是,0.0,0.0021978021978022,455.0,1.0,华为,HMA-AL00,69.4,455.0,69.4,347.0,0.0106790819321842,10947383.0,116908.0,否,银卡,-1.0,-1.0,-1.0,-1.0,-1
809,1.0,1.0,1.0,-1.0,-1.0,-1.0,-1.0,-1.0,-1.0,1.0,-1.0,-1.0,-1.0,-1.0,15.0,4.0,0.0,否,4G,否,66.04,是,31.0,0.0,229.0,0.0,苹果,iPhone 7 A1660,58.6,229.0,50.6,81.0,0.0,36299407.0,0.0,否,未评级,-1.0,-1.0,-1.0,-1.0,1
810,2.0,-1.0,-1.0,-1.0,-1.0,-1.0,-1.0,-1.0,-1.0,-1.0,-1.0,-1.0,-1.0,-1.0,1.0,7.0,0.0,否,4G,否,0.0,是,0.0,0.0,264.0,0.0,苹果,iPhone 8 Plus A1864,59.8,264.0,60.0,142.0,0.0,4607561.0,0.0,否,三星,-1.0,-1.0,-1.0,-1.0,-1
811,2.0,-1.0,-1.0,-1.0,-1.0,-1.0,-1.0,-1.0,-1.0,-1.0,-1.0,-1.0,-1.0,-1.0,10.0,11.0,2.0,否,4G,否,0.0,是,0.0,0.0,149.0,0.0,苹果,iPhone 6S PLUS A1699,198.1,149.0,198.6,111.0,0.0,45596401.0,0.0,否,三星,-1.0,-1.0,-1.0,-1.0,-1
812,2.0,-1.0,-1.0,-1.0,-1.0,-1.0,-1.0,-1.0,-1.0,-1.0,-1.0,-1.0,-1.0,-1.0,7.0,26.0,3.0,否,5G,否,0.0,是,0.0,0.0,326.0,0.0,苹果,A2644,90.0,326.0,90.0,212.0,5.0057118748e-06,8390415.0,42.0,是,三星,-1.0,-1.0,-1.0,-1.0,-1
813,2.0,-1.0,-1.0,-1.0,-1.0,-1.0,-1.0,-1.0,-1.0,-1.0,-1.0,-1.0,-1.0,-1.0,43.0,4.0,0.0,否,4G,否,0.0,是,0.0,0.0,293.0,0.0,华为,LYA-AL10,53.42,293.0,40.0,135.0,0.0,147059.0,0.0,否,三星,-1.0,-1.0,-1.0,-1.0,-1
814,1.0,-1.0,1.0,-1.0,-1.0,-1.0,-1.0,1.0,1.0,-1.0,-1.0,-1.0,-1.0,-1.0,2.0,22.0,6.0,否,4G,否,0.0,是,0.0,0.118544023610428,2033.0,241.0,三星,SM-G9730,135.0,2033.0,135.0,1348.0,0.365922298811407,18898810.0,6915496.0,否,银卡,-1.0,-1.0,-1.0,-1.0,-1
815,1.0,1.0,1.0,-1.0,-1.0,-1.0,-1.0,-1.0,-1.0,-1.0,1.0,1.0,-1.0,1.0,18.0,65.0,6.0,否,4G,否,0.0,是,0.0,0.0,1420.0,0.0,华为,TAS-TL00,68.0,1420.0,69.0,1197.0,0.0,23771274.0,0.0,否,三星,-1.0,-1.0,-1.0,-1.0,-1
816,1.0,1.0,-1.0,-1.0,-1.0,-1.0,-1.0,-1.0,-1.0,-1.0,-1.0,1.0,-1.0,1.0,5.0,0.0,0.0,否,4G,否,0.0,是,0.0,0.0,166.0,0.0,华为,NAM-AL00,152.5,166.0,0.0,0.0,0.0,4374497.0,0.0,否,银卡,-1.0,-1.0,-1.0,-1.0,-1
817,2.0,-1.0,-1.0,-1.0,-1.0,-1.0,-1.0,-1.0,-1.0,-1.0,-1.0,-1.0,-1.0,-1.0,2.0,1.0,2.0,否,5G,否,0.0,是,0.0,0.0,378.0,0.0,苹果,A2404,79.1,378.0,79.0,67.0,0.0,12411534.0,0.0,是,三星,-1.0,-1.0,-1.0,-1.0,-1
818,2.0,-1.0,-1.0,-1.0,-1.0,-1.0,-1.0,-1.0,-1.0,-1.0,-1.0,-1.0,-1.0,-1.0,3.0,0.0,0.0,否,5G,否,0.0,是,0.0,0.0,146.0,0.0,欧珀,PDSM00,23.0,146.0,28.0,86.0,0.0,5574957.0,0.0,是,三星,-1.0,-1.0,-1.0,-1.0,-1
819,1.0,1.0,1.0,-1.0,1.0,-1.0,-1.0,-1.0,1.0,-1.0,1.0,-1.0,-1.0,-1.0,3.0,48.0,2.0,否,4G,否,0.0,是,0.0,0.0,375.0,0.0,苹果,iPhone 7Plus A1661,188.1,375.0,188.1,309.0,0.0,18755958.0,0.0,否,银卡,-1.0,-1.0,-1.0,-1.0,-1
820,2.0,-1.0,-1.0,-1.0,-1.0,-1.0,-1.0,-1.0,-1.0,-1.0,-1.0,-1.0,-1.0,-1.0,0.0,0.0,0.0,否,5G,否,0.0,是,0.0,0.0,478.0,0.0,华为,NOH-AN00,111.0,478.0,111.0,129.0,0.0,41415672.0,0.0,是,银卡,-1.0,-1.0,-1.0,-1.0,-1
821,2.0,-1.0,-1.0,-1.0,-1.0,-1.0,-1.0,-1.0,-1.0,-1.0,-1.0,-1.0,-1.0,-1.0,0.0,8.0,0.0,否,4G,否,0.0,是,0.0,0.0,1884.0,0.0,华为,HLK-AL00,111.0,1884.0,111.0,195.0,0.0,57246957.0,0.0,否,银卡,-1.0,-1.0,-1.0,-1.0,-1
822,2.0,-1.0,-1.0,-1.0,-1.0,-1.0,-1.0,-1.0,-1.0,-1.0,-1.0,-1.0,-1.0,-1.0,4.0,0.0,0.0,否,4G,否,0.0,是,0.0,0.0,190.0,0.0,苹果,iPhone XS MAX (A1921),40.0,190.0,40.0,115.0,0.0,11503230.0,0.0,否,三星,-1.0,-1.0,-1.0,-1.0,-1
823,1.0,-1.0,-1.0,-1.0,-1.0,1.0,-1.0,1.0,-1.0,-1.0,1.0,1.0,-1.0,1.0,5.0,8.0,0.0,否,4G,否,0.0,是,0.0,0.0,241.0,0.0,华为,TAS-AL00,73.0,241.0,79.0,188.0,0.0,20285695.0,0.0,否,三星,-1.0,-1.0,-1.0,-1.0,-1
824,2.0,-1.0,-1.0,-1.0,-1.0,-1.0,-1.0,-1.0,-1.0,-1.0,-1.0,-1.0,-1.0,-1.0,0.0,14.0,0.0,否,4G,否,0.0,是,0.0,0.0,170.0,0.0,华为,ELE-AL00,81.0,170.0,81.0,60.0,0.0,261929.0,0.0,否,三星,-1.0,-1.0,-1.0,-1.0,-1
825,1.0,1.0,-1.0,-1.0,-1.0,-1.0,-1.0,1.0,1.0,-1.0,1.0,-1.0,-1.0,-1.0,2.0,8.0,0.0,否,4G,是,0.0,是,0.0,0.0,209.0,0.0,三星,SM-G9730,8.0,209.0,8.0,150.0,0.0,77460.0,0.0,否,三星,-1.0,-1.0,-1.0,-1.0,-1
826,1.0,1.0,-1.0,-1.0,-1.0,1.0,-1.0,1.0,-1.0,-1.0,1.0,1.0,-1.0,1.0,0.0,18.0,1.0,否,4G,否,0.0,是,0.0,0.0,398.0,0.0,小米科技,HMK20ProM1903F11A,30.9,398.0,53.7,628.0,0.0,5369070.0,0.0,否,三星,-1.0,-1.0,-1.0,-1.0,-1
827,1.0,-1.0,-1.0,-1.0,1.0,-1.0,-1.0,-1.0,1.0,-1.0,-1.0,-1.0,-1.0,-1.0,0.0,0.0,0.0,否,2G,否,0.0,否,0.0,0.192513368983957,374.0,72.0,小米科技,M2103K19C,9.0,374.0,9.0,180.0,0.0,83.0,0.0,否,三星,-1.0,-1.0,-1.0,-1.0,-1
828,2.0,-1.0,-1.0,-1.0,-1.0,-1.0,-1.0,-1.0,-1.0,-1.0,-1.0,-1.0,-1.0,-1.0,38.0,2.0,0.0,否,4G,否,2119.44,是,60.0,0.0,128.0,0.0,华为,VOG-AL10,234.0,128.0,136.0,122.0,0.0,74055245.0,0.0,否,银卡,-1.0,-1.0,-1.0,-1.0,-1
829,1.0,1.0,-1.0,-1.0,-1.0,-1.0,-1.0,-1.0,-1.0,-1.0,-1.0,-1.0,-1.0,1.0,0.0,0.0,0.0,否,4G,否,0.0,是,0.0,0.0,235.0,0.0,苹果,iPhone 8 Plus A1864,25.25,235.0,24.0,14.0,0.0,7435190.0,0.0,否,三星,-1.0,-1.0,-1.0,-1.0,-1
830,2.0,-1.0,-1.0,-1.0,-1.0,-1.0,-1.0,-1.0,-1.0,-1.0,-1.0,-1.0,-1.0,-1.0,7.0,27.0,0.0,否,4G,否,0.0,是,0.0,0.0,278.0,0.0,苹果,iPhone 8 A1863,70.0,278.0,70.0,220.0,0.0,2555399.0,0.0,否,银卡,-1.0,-1.0,-1.0,-1.0,-1
831,2.0,-1.0,-1.0,-1.0,-1.0,-1.0,-1.0,-1.0,-1.0,-1.0,-1.0,-1.0,-1.0,-1.0,8.0,7.0,1.0,否,4G,否,0.0,是,0.0,0.0,174.0,0.0,华为,PPA-AL20,66.0,174.0,66.0,109.0,0.0,6991787.0,0.0,否,三星,-1.0,-1.0,-1.0,-1.0,-1
832,2.0,-1.0,-1.0,-1.0,-1.0,-1.0,-1.0,-1.0,-1.0,-1.0,-1.0,-1.0,-1.0,-1.0,17.0,5.0,1.0,否,5G,否,0.0,是,0.0,0.0,449.0,0.0,欧珀,PEPM00,68.0,449.0,65.15,237.0,0.0,25544508.0,0.0,是,三星,-1.0,-1.0,-1.0,-1.0,-1
833,1.0,1.0,1.0,-1.0,1.0,1.0,-1.0,-1.0,1.0,1.0,-1.0,1.0,-1.0,1.0,0.0,1.0,0.0,否,5G,否,0.0,是,0.0,0.0,220.0,0.0,华为,LIO-AN00,128.0,220.0,128.0,163.0,0.0,16341487.0,0.0,是,银卡,-1.0,-1.0,-1.0,-1.0,-1
834,1.0,1.0,1.0,1.0,1.0,1.0,1.0,-1.0,1.0,1.0,1.0,1.0,-1.0,1.0,0.0,4.0,4.0,否,4G,否,0.0,是,0.0,0.224530831099196,1492.0,335.0,苹果,A2160,10.2,1492.0,10.0,338.0,0.128848816276363,32094738.0,4135369.0,否,二星,-1.0,-1.0,-1.0,-1.0,-1
835,2.0,-1.0,-1.0,-1.0,-1.0,-1.0,-1.0,-1.0,-1.0,-1.0,-1.0,-1.0,-1.0,-1.0,35.0,5.0,6.0,否,5G,否,0.0,是,0.0,0.0,699.0,0.0,华为,TAS-AN00,105.1,699.0,105.1,439.0,0.0,13642115.0,0.0,是,三星,-1.0,-1.0,-1.0,-1.0,-1
836,1.0,-1.0,1.0,-1.0,-1.0,-1.0,-1.0,1.0,-1.0,-1.0,1.0,1.0,-1.0,-1.0,6.0,3.0,4.0,否,5G,否,0.0,是,0.0,0.0,502.0,0.0,华为,ELS-AN00,299.0,502.0,468.0,363.0,0.0,55768514.0,0.0,是,白金卡,-1.0,-1.0,-1.0,-1.0,-1
837,2.0,-1.0,-1.0,-1.0,-1.0,-1.0,-1.0,-1.0,-1.0,-1.0,-1.0,-1.0,-1.0,-1.0,62.0,1.0,3.0,否,5G,否,0.0,是,0.0,0.0,597.0,0.0,欧珀,PERM10,100.0,597.0,100.1,402.0,0.0,14713705.0,0.0,是,银卡,-1.0,-1.0,-1.0,-1.0,-1
838,2.0,-1.0,-1.0,-1.0,-1.0,-1.0,-1.0,-1.0,-1.0,-1.0,-1.0,-1.0,-1.0,-1.0,2.0,8.0,2.0,否,4G,否,0.0,是,0.0,0.0,300.0,0.0,苹果,iPhone 6S Plus A1687,208.0,300.0,199.0,359.0,0.0,9094014.0,0.0,否,银卡,-1.0,-1.0,-1.0,-1.0,-1
839,1.0,-1.0,1.0,-1.0,-1.0,-1.0,-1.0,-1.0,1.0,1.0,1.0,1.0,-1.0,-1.0,0.0,6.0,0.0,否,4G,否,8.44,是,2.61,0.0,624.0,0.0,华为,RTE-AL00,23.61,624.0,21.0,59.0,0.0,4802350.0,0.0,否,三星,-1.0,-1.0,-1.0,-1.0,-1
840,2.0,-1.0,-1.0,-1.0,-1.0,-1.0,-1.0,-1.0,-1.0,-1.0,-1.0,-1.0,-1.0,-1.0,13.0,31.0,3.0,否,4G,否,0.0,是,0.0,0.0,1007.0,0.0,苹果,iPhone 7Plus A1661,81.9,1007.0,35.7,397.0,0.0,9007820.0,0.0,否,三星,-1.0,-1.0,-1.0,-1.0,-1
841,2.0,-1.0,-1.0,-1.0,-1.0,-1.0,-1.0,-1.0,-1.0,-1.0,-1.0,-1.0,-1.0,-1.0,90.0,21.0,0.0,否,4G,否,0.0,是,0.0,0.0,159.0,0.0,华为,LYA-AL00,39.0,159.0,19.3,207.0,0.0,10196783.0,0.0,否,三星,-1.0,-1.0,-1.0,-1.0,-1
842,2.0,-1.0,-1.0,-1.0,-1.0,-1.0,-1.0,-1.0,-1.0,-1.0,-1.0,-1.0,-1.0,-1.0,82.0,13.0,0.0,否,4G,否,0.0,是,0.0,0.0,199.0,0.0,华为,MHA-AL00,1.8,199.0,0.0,97.0,0.0,8871408.0,0.0,否,三星,-1.0,-1.0,-1.0,-1.0,-1
843,1.0,1.0,-1.0,-1.0,-1.0,1.0,-1.0,-1.0,-1.0,1.0,-1.0,1.0,-1.0,-1.0,3.0,12.0,2.0,否,5G,否,0.0,是,0.0,0.0,263.0,0.0,华为,ELS-AN00,200.0,263.0,200.0,272.0,0.0,150868113.0,0.0,是,银卡,-1.0,-1.0,-1.0,-1.0,-1
844,1.0,1.0,-1.0,-1.0,-1.0,-1.0,-1.0,-1.0,-1.0,-1.0,-1.0,1.0,-1.0,-1.0,43.0,2.0,1.0,否,5G,否,0.0,是,0.0,0.0,659.0,0.0,欧珀,PEPM00,160.0,659.0,158.0,647.0,0.0,11034718.0,0.0,是,银卡,1.0,-1.0,-1.0,-1.0,-1
845,1.0,1.0,-1.0,-1.0,1.0,-1.0,-1.0,-1.0,1.0,-1.0,-1.0,1.0,-1.0,1.0,54.0,1.0,21.0,否,5G,否,0.0,是,0.0,0.0,2447.0,0.0,华为,OXP-AN00,330.0,2447.0,330.0,467.0,0.0,86767474.0,0.0,是,银卡,-1.0,-1.0,-1.0,-1.0,-1
846,1.0,1.0,-1.0,-1.0,-1.0,1.0,-1.0,-1.0,1.0,1.0,1.0,1.0,1.0,-1.0,34.0,12.0,15.0,否,5G,否,0.0,是,0.0,0.0,1493.0,0.0,欧珀,PDSM00,209.6,1493.0,209.0,423.0,0.0,108721872.0,0.0,是,金卡,-1.0,-1.0,-1.0,-1.0,-1
847,1.0,1.0,-1.0,-1.0,-1.0,-1.0,-1.0,-1.0,-1.0,-1.0,1.0,1.0,-1.0,1.0,53.0,28.0,10.0,否,4G,否,0.0,是,0.0,0.0,944.0,0.0,苹果,A2104,255.0,944.0,255.0,1869.0,0.0,9966876.0,0.0,否,白金卡,-1.0,-1.0,-1.0,-1.0,-1
848,2.0,-1.0,-1.0,-1.0,-1.0,-1.0,-1.0,-1.0,-1.0,-1.0,-1.0,-1.0,-1.0,-1.0,12.0,7.0,2.0,否,4G,否,0.0,是,0.0,0.0,149.0,0.0,步步高,V1913A,35.15,149.0,30.0,88.0,0.0,18613743.0,0.0,否,三星,-1.0,-1.0,-1.0,-1.0,-1
849,1.0,1.0,-1.0,-1.0,-1.0,-1.0,-1.0,-1.0,1.0,-1.0,-1.0,-1.0,-1.0,-1.0,15.0,5.0,0.0,否,4G,否,20.92,是,4.93,0.0,202.0,0.0,华为,BAC-AL00,26.16,202.0,26.7,122.0,0.0,2930457.0,0.0,否,三星,-1.0,-1.0,-1.0,-1.0,-1
850,1.0,1.0,-1.0,-1.0,-1.0,1.0,-1.0,-1.0,1.0,-1.0,-1.0,1.0,-1.0,-1.0,4.0,0.0,4.0,否,5G,否,0.0,是,0.0,0.0,247.0,0.0,苹果,A2412,56.0,247.0,56.0,111.0,0.0,31408340.0,0.0,是,三星,-1.0,-1.0,-1.0,-1.0,-1
851,1.0,1.0,-1.0,-1.0,-1.0,-1.0,-1.0,-1.0,-1.0,-1.0,1.0,-1.0,-1.0,-1.0,33.0,0.0,0.0,否,5G,否,0.0,是,0.0,0.0,787.0,0.0,苹果,A2644,126.0,787.0,126.3,820.0,0.0,14131683.0,0.0,是,三星,-1.0,-1.0,-1.0,-1.0,-1
852,1.0,1.0,1.0,-1.0,-1.0,-1.0,-1.0,-1.0,-1.0,-1.0,-1.0,1.0,-1.0,1.0,36.0,7.0,2.0,否,5G,否,0.0,是,0.0,0.0,997.0,0.0,华为,LIO-AN00,240.0,997.0,240.0,321.0,0.0,39024737.0,0.0,是,金卡,-1.0,-1.0,-1.0,-1.0,-1
853,1.0,1.0,1.0,-1.0,-1.0,-1.0,-1.0,-1.0,1.0,-1.0,1.0,1.0,-1.0,1.0,16.0,9.0,1.0,否,4G,否,0.0,是,0.0,0.0,323.0,0.0,苹果,A2220,74.04,323.0,58.0,94.0,0.0,18816568.0,0.0,否,三星,-1.0,-1.0,-1.0,-1.0,-1
854,2.0,-1.0,-1.0,-1.0,-1.0,-1.0,-1.0,-1.0,-1.0,-1.0,-1.0,-1.0,-1.0,-1.0,162.0,7.0,0.0,否,4G,否,0.0,是,0.0,0.0,180.0,0.0,华为,HMA-AL00,18.0,180.0,39.01,205.0,0.0,3061177.0,0.0,否,三星,-1.0,-1.0,-1.0,-1.0,-1
855,1.0,-1.0,-1.0,-1.0,-1.0,1.0,-1.0,1.0,1.0,-1.0,-1.0,1.0,-1.0,1.0,0.0,47.0,1.0,否,4G,否,0.0,是,0.0,0.0,497.0,0.0,华为,SEA-AL10,48.68,497.0,35.2,562.0,0.0,165108.0,0.0,否,三星,-1.0,-1.0,-1.0,-1.0,-1
856,2.0,-1.0,-1.0,-1.0,-1.0,-1.0,-1.0,-1.0,-1.0,-1.0,-1.0,-1.0,-1.0,-1.0,9.0,6.0,0.0,否,4G,否,0.0,是,0.0,0.0,158.0,0.0,华为,OCE-AL50,40.0,158.0,40.0,61.0,0.0,15034243.0,0.0,否,三星,-1.0,-1.0,-1.0,-1.0,-1
857,1.0,-1.0,-1.0,-1.0,-1.0,1.0,-1.0,1.0,-1.0,1.0,-1.0,1.0,-1.0,-1.0,8.0,3.0,1.0,否,5G,否,0.0,是,0.0,0.0,276.0,0.0,小米科技,M2102K1AC,50.0,276.0,50.0,151.0,0.0,12432858.0,0.0,是,三星,-1.0,-1.0,-1.0,-1.0,-1
858,2.0,-1.0,-1.0,-1.0,-1.0,-1.0,-1.0,-1.0,-1.0,-1.0,-1.0,-1.0,-1.0,-1.0,4.0,0.0,1.0,否,5G,否,0.0,是,0.0,0.0,214.0,0.0,华为,CDY-AN90,25.0,214.0,45.0,66.0,0.0,29608876.0,0.0,是,二星,-1.0,-1.0,-1.0,-1.0,-1
859,2.0,-1.0,-1.0,-1.0,-1.0,-1.0,-1.0,-1.0,-1.0,-1.0,-1.0,-1.0,-1.0,-1.0,0.0,47.0,5.0,否,4G,否,0.0,是,0.0,0.0,1625.0,0.0,欧珀,PACM00,80.57,1625.0,80.5,582.0,0.0,13527120.0,0.0,否,三星,-1.0,-1.0,-1.0,-1.0,-1
860,1.0,1.0,1.0,-1.0,-1.0,1.0,-1.0,1.0,1.0,1.0,1.0,1.0,-1.0,-1.0,32.0,22.0,2.0,否,4G,否,0.0,是,0.0,0.0,793.0,0.0,苹果,iPhone 8 Plus A1864,255.0,793.0,255.4,737.0,2.73841815138564e-07,43820919.0,12.0,否,金卡,-1.0,-1.0,-1.0,-1.0,-1
861,2.0,-1.0,-1.0,-1.0,-1.0,-1.0,-1.0,-1.0,-1.0,-1.0,-1.0,-1.0,-1.0,-1.0,0.0,7.0,0.0,否,4G,否,0.0,是,0.0,0.0,516.0,0.0,苹果,A2223,0.0,516.0,0.0,230.0,0.0,19318946.0,0.0,否,金卡,-1.0,-1.0,-1.0,-1.0,-1
862,2.0,-1.0,-1.0,-1.0,-1.0,-1.0,-1.0,-1.0,-1.0,-1.0,-1.0,-1.0,-1.0,-1.0,4.0,11.0,0.0,否,4G,是,39.99,是,10.0,0.0,165.0,0.0,步步高,V1928A,68.0,165.0,118.0,403.0,0.0,4367966.0,0.0,否,三星,-1.0,-1.0,-1.0,-1.0,-1
863,2.0,-1.0,-1.0,-1.0,-1.0,-1.0,-1.0,-1.0,-1.0,-1.0,-1.0,-1.0,-1.0,-1.0,10.0,3.0,4.0,否,5G,否,0.0,是,0.0,0.0,329.0,0.0,步步高,V2073A,80.0,329.0,80.0,229.0,0.0,10022829.0,0.0,是,三星,-1.0,-1.0,-1.0,-1.0,-1
864,1.0,-1.0,1.0,-1.0,-1.0,-1.0,-1.0,-1.0,1.0,-1.0,1.0,-1.0,-1.0,1.0,8.0,9.0,0.0,否,5G,否,0.0,是,0.0,0.0,748.0,0.0,小米科技,M2001J2C,59.05,748.0,58.0,796.0,0.0,2110043.0,0.0,是,三星,-1.0,-1.0,-1.0,-1.0,-1
865,2.0,-1.0,-1.0,-1.0,-1.0,-1.0,-1.0,-1.0,-1.0,-1.0,-1.0,-1.0,-1.0,-1.0,36.0,0.0,1.0,否,5G,否,0.0,是,0.0,0.0,627.0,0.0,华为,ELS-AN00,80.0,627.0,80.0,742.0,0.0,2335121.0,0.0,是,三星,-1.0,-1.0,-1.0,-1.0,-1
866,1.0,-1.0,-1.0,-1.0,-1.0,1.0,-1.0,-1.0,-1.0,-1.0,-1.0,-1.0,-1.0,1.0,2.0,30.0,0.0,否,4G,否,428.94,是,109.09,0.0,405.0,0.0,欧珀,PAAM00,200.0,405.0,120.0,270.0,0.0,30728888.0,0.0,否,三星,-1.0,-1.0,-1.0,-1.0,-1
867,1.0,1.0,-1.0,-1.0,-1.0,1.0,-1.0,1.0,-1.0,-1.0,1.0,1.0,-1.0,1.0,0.0,18.0,0.0,否,4G,否,0.0,是,0.0,0.024822695035461,282.0,7.0,华为,TAS-AL00,18.0,282.0,18.0,345.0,0.0155479676317882,106895.0,1662.0,否,二星,-1.0,-1.0,-1.0,-1.0,-1
868,1.0,1.0,-1.0,-1.0,-1.0,1.0,-1.0,1.0,1.0,-1.0,-1.0,1.0,-1.0,-1.0,120.0,4.0,1.0,否,5G,否,0.0,是,0.0,0.0,156.0,0.0,苹果,A2412,151.3,156.0,138.0,169.0,0.0,29729965.0,0.0,是,银卡,-1.0,-1.0,-1.0,-1.0,-1
869,1.0,-1.0,-1.0,-1.0,-1.0,-1.0,-1.0,1.0,-1.0,-1.0,-1.0,1.0,-1.0,-1.0,4.0,0.0,0.0,否,4G,否,0.0,是,0.0,0.0,655.0,0.0,华为,OXF-AN00,43.4,655.0,43.0,304.0,0.0,3611392.0,0.0,否,三星,-1.0,-1.0,-1.0,-1.0,-1
870,1.0,-1.0,1.0,-1.0,-1.0,-1.0,-1.0,-1.0,-1.0,-1.0,-1.0,-1.0,-1.0,1.0,10.0,0.0,0.0,否,4G,否,949.29,是,27.0,0.0,489.0,0.0,华为,CLT-AL00,87.4,489.0,80.0,154.0,0.0,35299641.0,0.0,否,三星,-1.0,-1.0,-1.0,-1.0,-1
871,1.0,1.0,1.0,-1.0,-1.0,-1.0,-1.0,1.0,-1.0,-1.0,1.0,1.0,1.0,1.0,2.0,9.0,0.0,否,4G,否,0.0,是,0.0,0.0,185.0,0.0,小米科技,M1912G7BE,91.8,185.0,91.0,82.0,0.0,5622264.0,0.0,否,三星,-1.0,-1.0,-1.0,-1.0,-1
872,1.0,1.0,1.0,-1.0,-1.0,-1.0,-1.0,-1.0,1.0,-1.0,1.0,1.0,-1.0,1.0,24.0,197.0,53.0,否,5G,否,0.0,是,0.0,0.0,11274.0,0.0,小米科技,M2004J7AC,33.7,11274.0,31.0,5423.0,0.0,60832118.0,0.0,是,二星,-1.0,-1.0,-1.0,-1.0,-1
873,1.0,-1.0,1.0,-1.0,-1.0,-1.0,-1.0,-1.0,-1.0,1.0,-1.0,-1.0,-1.0,-1.0,7.0,28.0,0.0,否,4G,否,0.0,是,0.0,0.0,361.0,0.0,华为,NAM-AL00,54.25,361.0,55.9,456.0,0.0,36998274.0,0.0,否,三星,-1.0,-1.0,-1.0,-1.0,-1
874,2.0,-1.0,-1.0,-1.0,-1.0,-1.0,-1.0,-1.0,-1.0,-1.0,-1.0,-1.0,-1.0,-1.0,3.0,2.0,0.0,否,4G,否,0.0,是,0.0,0.0,317.0,0.0,步步高,vivo X9Plus,127.3,317.0,125.0,277.0,0.0,12208237.0,0.0,否,银卡,-1.0,-1.0,-1.0,-1.0,-1
875,2.0,-1.0,-1.0,-1.0,-1.0,-1.0,-1.0,-1.0,-1.0,-1.0,-1.0,-1.0,-1.0,-1.0,11.0,0.0,3.0,否,5G,否,0.0,是,0.0,0.0,196.0,0.0,步步高,V2049A,68.0,196.0,68.0,40.0,0.0,13283772.0,0.0,是,三星,-1.0,-1.0,-1.0,-1.0,-1
876,1.0,-1.0,1.0,-1.0,-1.0,-1.0,-1.0,-1.0,-1.0,-1.0,-1.0,1.0,-1.0,-1.0,0.0,2.0,0.0,否,4G,否,0.0,是,0.0,0.0407185628742515,835.0,34.0,苹果,A2108,204.32,835.0,168.79,523.0,0.013678314064228,14165854.0,193765.0,否,银卡,-1.0,-1.0,-1.0,-1.0,-1
877,2.0,-1.0,-1.0,-1.0,-1.0,-1.0,-1.0,-1.0,-1.0,-1.0,-1.0,-1.0,-1.0,-1.0,76.0,27.0,1.0,否,4G,否,0.0,是,0.0,0.0,314.0,0.0,华为,LYA-AL00,49.0,314.0,49.0,187.0,0.0,11313807.0,0.0,否,三星,-1.0,-1.0,-1.0,-1.0,-1
878,2.0,-1.0,-1.0,-1.0,-1.0,-1.0,-1.0,-1.0,-1.0,-1.0,-1.0,-1.0,-1.0,-1.0,5.0,6.0,0.0,否,4G,否,0.0,是,0.0,0.0,288.0,0.0,小米科技,M1912G7BE,90.0,288.0,90.1,74.0,0.0,15333741.0,0.0,否,银卡,-1.0,-1.0,-1.0,-1.0,-1
879,1.0,1.0,1.0,-1.0,-1.0,-1.0,-1.0,-1.0,-1.0,-1.0,1.0,1.0,-1.0,-1.0,15.0,1.0,1.0,否,4G,否,0.0,是,0.0,0.0,324.0,0.0,苹果,A2223,10.0,324.0,10.0,788.0,0.0,17895805.0,0.0,否,一星,-1.0,-1.0,-1.0,-1.0,-1
880,2.0,-1.0,-1.0,-1.0,-1.0,-1.0,-1.0,-1.0,-1.0,-1.0,-1.0,-1.0,-1.0,-1.0,17.0,10.0,0.0,否,4G,是,0.0,是,0.0,0.0,251.0,0.0,步步高,A1965A,140.0,251.0,140.0,225.0,0.0,97190739.0,0.0,否,银卡,-1.0,-1.0,-1.0,-1.0,-1
881,2.0,-1.0,-1.0,-1.0,-1.0,-1.0,-1.0,-1.0,-1.0,-1.0,-1.0,-1.0,-1.0,-1.0,0.0,2.0,1.0,否,5G,否,0.0,是,0.0,0.0,182.0,0.0,小米科技,21091116C,25.0,182.0,25.0,162.0,0.0,8908904.0,0.0,是,三星,-1.0,-1.0,-1.0,-1.0,-1
882,2.0,-1.0,-1.0,-1.0,-1.0,-1.0,-1.0,-1.0,-1.0,-1.0,-1.0,-1.0,-1.0,-1.0,31.0,8.0,1.0,否,4G,否,0.0,是,0.0,0.0,187.0,0.0,华为,HUAWEI CAZ-AL10,90.6,187.0,90.2,238.0,0.0,27030181.0,0.0,否,银卡,-1.0,-1.0,-1.0,-1.0,-1
883,2.0,-1.0,-1.0,-1.0,-1.0,-1.0,-1.0,-1.0,-1.0,-1.0,-1.0,-1.0,-1.0,-1.0,13.0,10.0,3.0,否,4G,否,0.0,是,0.0,0.0,230.0,0.0,小米科技,HMNote8M1906G7E,42.18,230.0,46.81,101.0,0.0,19963669.0,0.0,否,三星,-1.0,-1.0,-1.0,-1.0,-1
884,1.0,-1.0,1.0,-1.0,-1.0,-1.0,-1.0,-1.0,-1.0,-1.0,-1.0,-1.0,-1.0,1.0,3.0,6.0,0.0,否,5G,是,0.0,是,0.0,0.0,254.0,0.0,欧珀,PEGM10,50.0,254.0,42.87,329.0,0.0,4027055.0,0.0,是,三星,-1.0,-1.0,-1.0,-1.0,-1
885,2.0,-1.0,-1.0,-1.0,-1.0,-1.0,-1.0,-1.0,-1.0,-1.0,-1.0,-1.0,-1.0,-1.0,3.0,1.0,1.0,否,5G,否,0.0,是,0.0,0.0,1584.0,0.0,华为,NOH-AN01,107.0,1584.0,107.0,951.0,0.0,36321240.0,0.0,是,三星,-1.0,-1.0,-1.0,-1.0,-1
886,1.0,1.0,-1.0,-1.0,-1.0,-1.0,1.0,-1.0,-1.0,1.0,-1.0,1.0,-1.0,1.0,9.0,19.0,1.0,否,4G,否,0.0,是,0.0,0.0,1068.0,0.0,苹果,iPhone 7Plus A1661,258.0,1068.0,258.2,131.0,0.0,50806218.0,0.0,否,金卡,-1.0,-1.0,-1.0,-1.0,-1
887,1.0,1.0,-1.0,-1.0,-1.0,-1.0,1.0,-1.0,1.0,-1.0,-1.0,-1.0,-1.0,1.0,1.0,1.0,1.0,否,5G,否,0.0,是,0.0,0.0,587.0,0.0,华为,TEL_AN10,117.9,587.0,114.0,461.0,0.0,20265917.0,0.0,是,三星,-1.0,-1.0,-1.0,-1.0,-1
888,1.0,1.0,-1.0,-1.0,-1.0,1.0,-1.0,-1.0,-1.0,-1.0,1.0,-1.0,-1.0,1.0,6.0,7.0,3.0,否,4G,否,0.0,是,0.0,0.0,701.0,0.0,华为,BKL-AL20,80.0,701.0,80.0,1757.0,0.0,15193605.0,0.0,否,三星,-1.0,-1.0,-1.0,-1.0,-1
889,1.0,1.0,-1.0,-1.0,-1.0,-1.0,-1.0,-1.0,-1.0,-1.0,-1.0,1.0,-1.0,1.0,0.0,9.0,0.0,否,4G,否,0.0,是,0.0,0.00947867298578199,211.0,2.0,华为,EVR-AL00,8.0,211.0,8.38,141.0,0.0115330200596231,79164.0,913.0,否,三星,-1.0,-1.0,-1.0,-1.0,-1
890,1.0,-1.0,1.0,-1.0,-1.0,-1.0,-1.0,-1.0,1.0,1.0,-1.0,-1.0,1.0,-1.0,2.0,19.0,0.0,否,4G,否,6.27,是,5.0,0.0,302.0,0.0,苹果,A2108,39.1,302.0,110.0,193.0,0.0,56250472.0,0.0,否,银卡,-1.0,-1.0,-1.0,-1.0,-1
891,2.0,-1.0,-1.0,-1.0,-1.0,-1.0,-1.0,-1.0,-1.0,-1.0,-1.0,-1.0,-1.0,-1.0,7.0,9.0,1.0,否,4G,否,0.0,是,0.0,0.0,182.0,0.0,苹果,iPhone 8 Plus A1864,95.0,182.0,95.0,191.0,0.0,9114859.0,0.0,否,银卡,-1.0,-1.0,-1.0,-1.0,-1
892,2.0,-1.0,-1.0,-1.0,-1.0,-1.0,-1.0,-1.0,-1.0,-1.0,-1.0,-1.0,-1.0,-1.0,0.0,6.0,0.0,否,4G,否,0.0,是,0.0,0.0,149.0,0.0,华为,BAC-AL00,55.75,149.0,34.5,100.0,0.0,45934119.0,0.0,否,三星,-1.0,-1.0,-1.0,-1.0,-1
893,2.0,-1.0,-1.0,-1.0,-1.0,-1.0,-1.0,-1.0,-1.0,-1.0,-1.0,-1.0,-1.0,-1.0,35.0,311.0,14.0,否,4G,否,113.52,是,33.19,0.0,675.0,0.0,锤子,OD105,191.44,675.0,54.6,166.0,0.0,1176791.0,0.0,否,三星,-1.0,-1.0,-1.0,-1.0,-1
894,2.0,-1.0,-1.0,-1.0,-1.0,-1.0,-1.0,-1.0,-1.0,-1.0,-1.0,-1.0,-1.0,-1.0,37.0,20.0,2.0,否,5G,否,0.0,是,0.0,0.0,882.0,0.0,华为,LIO-AN00,220.4,882.0,221.5,707.0,0.0,18542770.0,0.0,是,银卡,-1.0,-1.0,-1.0,-1.0,-1
895,1.0,1.0,-1.0,-1.0,-1.0,-1.0,-1.0,-1.0,-1.0,1.0,-1.0,-1.0,-1.0,-1.0,55.0,39.0,18.0,否,4G,否,0.0,是,0.0,0.0,636.0,0.0,华为,HLK-AL00,129.0,636.0,129.1,388.0,0.0,25847782.0,0.0,否,银卡,-1.0,-1.0,-1.0,-1.0,-1
896,2.0,-1.0,-1.0,-1.0,-1.0,-1.0,-1.0,-1.0,-1.0,-1.0,-1.0,-1.0,-1.0,-1.0,0.0,1.0,0.0,否,4G,是,0.0,是,0.0,0.0,144.0,0.0,华为,AKA-AL10,10.0,144.0,10.0,141.0,0.0,2226042.0,0.0,否,二星,-1.0,-1.0,-1.0,-1.0,-1
897,2.0,-1.0,-1.0,-1.0,-1.0,-1.0,-1.0,-1.0,-1.0,-1.0,-1.0,-1.0,-1.0,-1.0,0.0,3.0,0.0,否,4G,否,0.0,是,0.0,0.0,191.0,0.0,华为,YAL-AL00,70.0,191.0,71.0,116.0,0.0,25728617.0,0.0,否,三星,-1.0,-1.0,-1.0,-1.0,-1
898,1.0,-1.0,-1.0,-1.0,-1.0,-1.0,-1.0,-1.0,1.0,-1.0,-1.0,-1.0,-1.0,-1.0,8.0,61.0,6.0,否,4G,否,0.0,是,0.0,0.0,611.0,0.0,苹果,A2223,98.16,611.0,90.72,589.0,0.0,24850777.0,0.0,否,银卡,1.0,-1.0,-1.0,-1.0,-1
899,2.0,-1.0,-1.0,-1.0,-1.0,-1.0,-1.0,-1.0,-1.0,-1.0,-1.0,-1.0,-1.0,-1.0,2.0,7.0,0.0,否,4G,否,0.0,是,0.0,0.0,198.0,0.0,华为,NOH-AN00,21.0,198.0,21.0,170.0,0.0,9482994.0,0.0,否,三星,-1.0,-1.0,-1.0,-1.0,-1
900,2.0,-1.0,-1.0,-1.0,-1.0,-1.0,-1.0,-1.0,-1.0,-1.0,-1.0,-1.0,-1.0,-1.0,7.0,10.0,0.0,否,5G,否,0.0,是,0.0,0.0,417.0,0.0,苹果,A2644,42.0,417.0,42.0,80.0,0.0,11186974.0,0.0,是,三星,-1.0,-1.0,-1.0,-1.0,-1
901,1.0,1.0,1.0,-1.0,-1.0,-1.0,-1.0,-1.0,-1.0,-1.0,1.0,1.0,-1.0,-1.0,5.0,16.0,3.0,否,4G,否,0.0,是,0.0,0.0,182.0,0.0,苹果,iPhone 8 Plus A1864,128.0,182.0,129.77,127.0,0.0,868739.0,0.0,否,银卡,-1.0,-1.0,-1.0,-1.0,-1
902,1.0,-1.0,-1.0,-1.0,-1.0,1.0,-1.0,1.0,-1.0,-1.0,-1.0,1.0,1.0,-1.0,54.0,30.0,3.0,否,4G,否,0.0,是,0.0,0.0,338.0,0.0,苹果,iPhone 8 A1863,29.97,338.0,29.0,243.0,0.0,17078424.0,0.0,否,三星,-1.0,-1.0,-1.0,-1.0,-1
903,1.0,1.0,-1.0,-1.0,-1.0,-1.0,-1.0,-1.0,-1.0,1.0,1.0,1.0,-1.0,-1.0,1.0,9.0,0.0,否,4G,否,0.0,是,0.0,0.0,189.0,0.0,华为,TAS-AL00,25.98,189.0,18.0,57.0,0.0,70349.0,0.0,否,三星,-1.0,-1.0,-1.0,-1.0,-1
904,2.0,-1.0,-1.0,-1.0,-1.0,-1.0,-1.0,-1.0,-1.0,-1.0,-1.0,-1.0,-1.0,-1.0,0.0,0.0,0.0,否,4G,否,0.0,是,0.0,0.0,157.0,0.0,华为,ELS-AN00,56.0,157.0,56.0,67.0,0.0,30656146.0,0.0,否,三星,-1.0,-1.0,-1.0,-1.0,-1
905,1.0,-1.0,1.0,-1.0,-1.0,1.0,-1.0,1.0,-1.0,-1.0,1.0,1.0,-1.0,-1.0,3.0,7.0,4.0,否,5G,否,0.0,是,0.0,0.0,142.0,0.0,苹果,A2644,65.0,142.0,65.0,55.0,0.0,3342167.0,0.0,是,三星,-1.0,-1.0,-1.0,-1.0,-1
906,1.0,1.0,-1.0,-1.0,-1.0,-1.0,-1.0,-1.0,1.0,-1.0,-1.0,-1.0,-1.0,-1.0,3.0,27.0,0.0,否,4G,否,0.0,是,0.0,0.0,217.0,0.0,小米科技,M1902F1A,65.0,217.0,65.0,192.0,0.0,2698123.0,0.0,否,三星,-1.0,-1.0,-1.0,-1.0,-1
907,1.0,1.0,-1.0,-1.0,-1.0,-1.0,-1.0,1.0,-1.0,1.0,-1.0,-1.0,-1.0,-1.0,23.0,47.0,6.0,否,4G,否,0.0,是,0.0,0.0,330.0,0.0,华为,TAS-AL00,190.0,330.0,90.0,423.0,0.0,16278339.0,0.0,否,三星,-1.0,-1.0,-1.0,-1.0,-1
908,1.0,1.0,1.0,-1.0,1.0,-1.0,-1.0,-1.0,-1.0,-1.0,1.0,1.0,-1.0,-1.0,42.0,102.0,1.0,否,5G,否,0.0,是,0.0,0.0,1423.0,0.0,苹果,A2634,191.35,1423.0,118.1,580.0,0.0,1847577.0,0.0,是,银卡,-1.0,-1.0,-1.0,-1.0,-1
909,2.0,-1.0,-1.0,-1.0,-1.0,-1.0,-1.0,-1.0,-1.0,-1.0,-1.0,-1.0,-1.0,-1.0,0.0,9.0,6.0,否,4G,否,0.0,是,0.0,0.0,773.0,0.0,华为,ELE-AL00,47.82,773.0,38.0,237.0,0.0,11846578.0,0.0,否,三星,-1.0,-1.0,-1.0,-1.0,-1
910,1.0,1.0,-1.0,-1.0,-1.0,-1.0,1.0,-1.0,1.0,1.0,1.0,1.0,1.0,1.0,0.0,0.0,0.0,否,4G,否,0.0,是,0.0,0.0,181.0,0.0,华为,EML-AL00,9.9,181.0,8.3,115.0,0.0,734.0,0.0,否,二星,-1.0,-1.0,-1.0,-1.0,-1
911,1.0,-1.0,1.0,-1.0,-1.0,-1.0,-1.0,1.0,1.0,-1.0,-1.0,1.0,-1.0,-1.0,32.0,57.0,4.0,否,5G,否,0.0,是,0.0,0.0,870.0,0.0,苹果,A2404,81.0,870.0,70.0,96.0,4.47638316198526e-06,8042207.0,36.0,是,三星,-1.0,-1.0,-1.0,-1.0,-1
912,2.0,-1.0,-1.0,-1.0,-1.0,-1.0,-1.0,-1.0,-1.0,-1.0,-1.0,-1.0,-1.0,-1.0,11.0,10.0,0.0,否,4G,否,0.0,是,0.0,0.0,317.0,0.0,苹果,A2104,60.0,317.0,60.0,412.0,0.0,1041692.0,0.0,否,三星,-1.0,-1.0,-1.0,-1.0,-1
913,2.0,-1.0,-1.0,-1.0,-1.0,-1.0,-1.0,-1.0,-1.0,-1.0,-1.0,-1.0,-1.0,-1.0,68.0,15.0,2.0,否,4G,否,0.0,是,0.0,0.0,200.0,0.0,小米科技,2201122C,90.0,200.0,90.0,94.0,0.0,3029498.0,0.0,否,三星,-1.0,-1.0,-1.0,-1.0,-1
914,2.0,-1.0,-1.0,-1.0,-1.0,-1.0,-1.0,-1.0,-1.0,-1.0,-1.0,-1.0,-1.0,-1.0,0.0,16.0,0.0,否,4G,否,0.0,是,0.0,0.0,328.0,0.0,华为,JAD-AL50,70.19,328.0,74.53,320.0,0.0,2849973.0,0.0,否,三星,-1.0,-1.0,-1.0,-1.0,-1
915,1.0,-1.0,1.0,-1.0,-1.0,-1.0,-1.0,-1.0,-1.0,-1.0,-1.0,1.0,-1.0,-1.0,7.0,2.0,3.0,否,5G,否,0.0,是,0.0,0.0,316.0,0.0,华为,NOH-AN01,300.0,316.0,300.0,319.0,0.0,75991794.0,0.0,是,金卡,1.0,-1.0,-1.0,-1.0,-1
916,1.0,1.0,-1.0,-1.0,-1.0,-1.0,-1.0,-1.0,-1.0,-1.0,-1.0,1.0,-1.0,-1.0,1.0,2.0,0.0,否,4G,否,0.0,是,0.0,0.0,159.0,0.0,步步高,V2031A,100.0,159.0,100.0,229.0,0.0,4749.0,0.0,否,三星,-1.0,-1.0,-1.0,-1.0,-1
917,1.0,1.0,-1.0,-1.0,-1.0,-1.0,1.0,1.0,1.0,1.0,1.0,1.0,1.0,1.0,26.0,262.0,9.0,否,4G,否,0.0,是,0.0,0.0,2593.0,0.0,华为,TAS-AL00,130.0,2593.0,130.0,374.0,0.0,22613979.0,0.0,否,银卡,-1.0,-1.0,-1.0,-1.0,-1
918,2.0,-1.0,-1.0,-1.0,-1.0,-1.0,-1.0,-1.0,-1.0,-1.0,-1.0,-1.0,-1.0,-1.0,120.0,20.0,1.0,否,4G,否,0.0,是,0.0,0.0,221.0,0.0,华为,VCE-AL00,46.4,221.0,42.15,66.0,0.0,3449588.0,0.0,否,三星,-1.0,-1.0,-1.0,-1.0,-1
919,2.0,-1.0,-1.0,-1.0,-1.0,-1.0,-1.0,-1.0,-1.0,-1.0,-1.0,-1.0,-1.0,-1.0,0.0,5.0,0.0,否,4G,否,0.0,是,0.0,0.0,153.0,0.0,华为,VTR-AL00,9.0,153.0,10.0,37.0,0.0,13136801.0,0.0,否,二星,-1.0,-1.0,-1.0,-1.0,-1
920,2.0,-1.0,-1.0,-1.0,-1.0,-1.0,-1.0,-1.0,-1.0,-1.0,-1.0,-1.0,-1.0,-1.0,5.0,10.0,1.0,否,5G,否,0.0,是,0.0,0.0,253.0,0.0,苹果,A2639,62.0,253.0,61.0,106.0,0.0,3240084.0,0.0,是,三星,-1.0,-1.0,-1.0,-1.0,-1
921,1.0,-1.0,-1.0,-1.0,-1.0,1.0,1.0,1.0,-1.0,1.0,-1.0,1.0,-1.0,-1.0,11.0,2.0,3.0,否,5G,否,0.0,是,0.0,0.0,322.0,0.0,华为,ANA-AN00,16.15,322.0,135.0,304.0,0.0,8971032.0,0.0,是,三星,-1.0,-1.0,-1.0,-1.0,-1
922,2.0,-1.0,-1.0,-1.0,-1.0,-1.0,-1.0,-1.0,-1.0,-1.0,-1.0,-1.0,-1.0,-1.0,10.0,11.0,1.0,否,4G,否,0.0,是,0.0,0.0,169.0,0.0,苹果,iPhone X A1865,29.0,169.0,29.0,159.0,0.0,9070060.0,0.0,否,三星,-1.0,-1.0,-1.0,-1.0,-1
923,2.0,-1.0,-1.0,-1.0,-1.0,-1.0,-1.0,-1.0,-1.0,-1.0,-1.0,-1.0,-1.0,-1.0,3.0,13.0,1.0,否,4G,否,0.0,是,0.0,0.0,318.0,0.0,苹果,A2100,68.0,318.0,66.75,181.0,0.0,12378838.0,0.0,否,三星,-1.0,-1.0,-1.0,-1.0,-1
924,2.0,-1.0,-1.0,-1.0,-1.0,-1.0,-1.0,-1.0,-1.0,-1.0,-1.0,-1.0,-1.0,-1.0,21.0,8.0,0.0,否,4G,否,0.0,是,0.0,0.0,134.0,0.0,苹果,iPhone 6S A1688,39.0,134.0,30.2,381.0,0.0,77747304.0,0.0,否,二星,-1.0,-1.0,-1.0,-1.0,-1
925,2.0,-1.0,-1.0,-1.0,-1.0,-1.0,-1.0,-1.0,-1.0,-1.0,-1.0,-1.0,-1.0,-1.0,74.0,7.0,2.0,否,5G,否,0.0,是,0.0,0.0,243.0,0.0,苹果,A2412,105.0,243.0,99.9,478.0,0.0,8271163.0,0.0,是,三星,-1.0,-1.0,-1.0,-1.0,-1
926,2.0,-1.0,-1.0,-1.0,-1.0,-1.0,-1.0,-1.0,-1.0,-1.0,-1.0,-1.0,-1.0,-1.0,2.0,2.0,1.0,否,5G,否,1689.77,是,24.0,0.0,2025.0,0.0,华为,JEF-AN20,190.99,2025.0,151.16,1181.0,0.0,101589629.0,0.0,是,银卡,-1.0,-1.0,-1.0,-1.0,-1
927,1.0,1.0,1.0,-1.0,-1.0,-1.0,-1.0,-1.0,1.0,-1.0,-1.0,1.0,-1.0,1.0,5.0,1.0,2.0,否,5G,否,0.0,是,0.0,0.0,363.0,0.0,小米科技,M2102J2SC,61.0,363.0,60.3,153.0,0.0,6268194.0,0.0,是,三星,-1.0,-1.0,-1.0,-1.0,-1
928,1.0,1.0,1.0,-1.0,-1.0,-1.0,-1.0,-1.0,1.0,-1.0,-1.0,-1.0,-1.0,-1.0,23.0,26.0,1.0,否,5G,否,0.0,是,0.0,0.0,361.0,0.0,苹果,A2412,41.23,361.0,43.0,139.0,0.0,8138012.0,0.0,是,三星,-1.0,-1.0,-1.0,-1.0,-1
929,2.0,-1.0,-1.0,-1.0,-1.0,-1.0,-1.0,-1.0,-1.0,-1.0,-1.0,-1.0,-1.0,-1.0,7.0,28.0,91.0,是,4G,否,0.0,是,0.0,0.0,219.0,0.0,华为,HLK-AL00,53.25,219.0,56.75,393.0,0.0,52294906.0,0.0,否,三星,-1.0,-1.0,-1.0,-1.0,-1
930,1.0,1.0,1.0,-1.0,-1.0,-1.0,-1.0,-1.0,-1.0,-1.0,1.0,1.0,-1.0,1.0,20.0,1.0,11.0,否,5G,否,0.0,是,0.0,0.0,619.0,0.0,苹果,A2634,30.4,619.0,28.15,1134.0,0.0,20058869.0,0.0,是,三星,-1.0,-1.0,-1.0,-1.0,-1
931,1.0,1.0,1.0,-1.0,1.0,1.0,1.0,1.0,1.0,1.0,1.0,1.0,1.0,1.0,21.0,27.0,4.0,否,4G,否,126.18,是,30.0,0.0,571.0,0.0,华为,MAR-AL00,159.47,571.0,72.76,339.0,0.0,66118567.0,0.0,否,三星,-1.0,-1.0,-1.0,-1.0,-1
932,2.0,-1.0,-1.0,-1.0,-1.0,-1.0,-1.0,-1.0,-1.0,-1.0,-1.0,-1.0,-1.0,-1.0,1.0,0.0,0.0,否,5G,否,0.0,是,0.0,0.0,430.0,0.0,华为,BMH-AN10,90.0,430.0,90.1,231.0,0.0,45885331.0,0.0,是,银卡,-1.0,-1.0,-1.0,-1.0,-1
933,2.0,-1.0,-1.0,-1.0,-1.0,-1.0,-1.0,-1.0,-1.0,-1.0,-1.0,-1.0,-1.0,-1.0,18.0,58.0,1.0,否,5G,否,0.0,是,0.0,0.0,680.0,0.0,苹果,A2410,129.43,680.0,102.27,230.0,0.0,42674662.0,0.0,是,三星,-1.0,-1.0,-1.0,-1.0,-1
934,2.0,-1.0,-1.0,-1.0,-1.0,-1.0,-1.0,-1.0,-1.0,-1.0,-1.0,-1.0,-1.0,-1.0,20.0,12.0,2.0,否,4G,否,0.0,是,0.0,0.0,192.0,0.0,诺基亚,6120,160.0,192.0,160.0,112.0,0.0,3364986.0,0.0,否,银卡,-1.0,-1.0,-1.0,-1.0,-1
935,2.0,-1.0,-1.0,-1.0,-1.0,-1.0,-1.0,-1.0,-1.0,-1.0,-1.0,-1.0,-1.0,-1.0,8.0,15.0,3.0,否,4G,否,0.0,是,0.0,0.0,370.0,0.0,苹果,iPhone 6S A1700,70.0,370.0,65.2,281.0,0.0,30202234.0,0.0,否,一星,-1.0,-1.0,-1.0,-1.0,-1
936,1.0,-1.0,-1.0,-1.0,-1.0,1.0,-1.0,1.0,1.0,1.0,-1.0,1.0,-1.0,1.0,0.0,0.0,6.0,否,5G,否,0.0,是,0.0,0.0,208.0,0.0,小米科技,M2011K2C,82.37,208.0,89.21,723.0,0.0,12043877.0,0.0,是,银卡,-1.0,-1.0,-1.0,-1.0,-1
937,2.0,-1.0,-1.0,-1.0,-1.0,-1.0,-1.0,-1.0,-1.0,-1.0,-1.0,-1.0,-1.0,-1.0,13.0,9.0,10.0,否,4G,否,18.22,是,0.3,0.0,158.0,0.0,华为,KOZ-AL40,135.0,158.0,128.0,30.0,0.0,72232300.0,0.0,否,银卡,-1.0,-1.0,-1.0,-1.0,-1
938,1.0,1.0,-1.0,-1.0,-1.0,-1.0,-1.0,-1.0,-1.0,1.0,-1.0,-1.0,-1.0,1.0,17.0,7.0,1.0,否,4G,否,0.0,是,0.0,0.0,153.0,0.0,欧珀,PBBM00,137.9,153.0,95.0,138.0,0.0,76885409.0,0.0,否,银卡,-1.0,-1.0,-1.0,-1.0,-1
939,1.0,-1.0,-1.0,-1.0,-1.0,1.0,-1.0,1.0,-1.0,-1.0,1.0,1.0,1.0,1.0,0.0,1.0,0.0,否,5G,否,0.0,是,0.0,0.0,394.0,0.0,华为,LIO-AN00,14.04,394.0,12.4,210.0,0.0,5338318.0,0.0,是,三星,-1.0,-1.0,-1.0,-1.0,-1
940,2.0,-1.0,-1.0,-1.0,-1.0,-1.0,-1.0,-1.0,-1.0,-1.0,-1.0,-1.0,-1.0,-1.0,3.0,0.0,0.0,否,5G,是,0.0,是,0.0,0.0,232.0,0.0,步步高,V2163A,14.0,232.0,10.0,10.0,0.0,1238586.0,0.0,是,三星,-1.0,-1.0,-1.0,-1.0,-1
941,1.0,-1.0,-1.0,-1.0,-1.0,1.0,-1.0,1.0,-1.0,-1.0,-1.0,1.0,-1.0,1.0,5.0,55.0,6.0,否,4G,否,0.0,是,0.0,0.0,896.0,0.0,小米科技,M2001G7AE,65.5,896.0,38.0,59.0,0.0,13181548.0,0.0,否,三星,-1.0,-1.0,-1.0,-1.0,-1
942,1.0,1.0,1.0,-1.0,-1.0,-1.0,-1.0,-1.0,1.0,1.0,1.0,1.0,-1.0,1.0,19.0,1.0,0.0,否,4G,否,0.0,是,0.0,0.0,244.0,0.0,华为,COR-AL10,33.9,244.0,34.3,189.0,0.0,5878056.0,0.0,否,三星,-1.0,-1.0,-1.0,-1.0,-1
943,2.0,-1.0,-1.0,-1.0,-1.0,-1.0,-1.0,-1.0,-1.0,-1.0,-1.0,-1.0,-1.0,-1.0,186.0,17.0,0.0,否,4G,否,0.0,是,0.0,0.0,276.0,0.0,华为,BLA-AL00,85.0,276.0,85.0,112.0,0.0,4518376.0,0.0,否,三星,-1.0,-1.0,-1.0,-1.0,-1
944,2.0,-1.0,-1.0,-1.0,-1.0,-1.0,-1.0,-1.0,-1.0,-1.0,-1.0,-1.0,-1.0,-1.0,2.0,1.0,1.0,否,5G,否,0.0,是,0.0,0.0,207.0,0.0,步步高,V2162A,121.0,207.0,121.0,79.0,0.0,29668626.0,0.0,是,银卡,-1.0,-1.0,-1.0,-1.0,-1
945,2.0,-1.0,-1.0,-1.0,-1.0,-1.0,-1.0,-1.0,-1.0,-1.0,-1.0,-1.0,-1.0,-1.0,9.0,23.0,3.0,否,4G,否,0.0,是,0.0,0.0,353.0,0.0,步步高,V1838A,120.0,353.0,5.0,0.0,0.0,12351809.0,0.0,否,二星,-1.0,-1.0,-1.0,-1.0,-1
946,1.0,1.0,-1.0,-1.0,-1.0,1.0,-1.0,1.0,-1.0,-1.0,1.0,1.0,-1.0,-1.0,7.0,19.0,0.0,否,4G,是,0.0,是,0.0,0.0,334.0,0.0,苹果,A2412,58.0,334.0,58.0,279.0,0.0,4250059.0,0.0,否,三星,-1.0,-1.0,-1.0,-1.0,-1
947,2.0,-1.0,-1.0,-1.0,-1.0,-1.0,-1.0,-1.0,-1.0,-1.0,-1.0,-1.0,-1.0,-1.0,44.0,6.0,11.0,否,4G,否,0.0,是,0.0,0.0,248.0,0.0,苹果,iPhone 6 A1586,35.0,248.0,39.56,190.0,0.0,22325446.0,0.0,否,三星,-1.0,-1.0,-1.0,-1.0,-1
948,1.0,-1.0,-1.0,-1.0,-1.0,1.0,-1.0,1.0,1.0,-1.0,-1.0,1.0,1.0,-1.0,0.0,0.0,21.0,否,5G,否,0.0,是,0.0,0.0,493.0,0.0,华为,LSA-AN00,183.15,493.0,200.06,647.0,0.0,2360055.0,0.0,是,银卡,-1.0,-1.0,-1.0,-1.0,-1
949,1.0,1.0,1.0,-1.0,-1.0,-1.0,-1.0,-1.0,1.0,-1.0,1.0,-1.0,-1.0,-1.0,3.0,63.0,4.0,否,4G,是,0.0,是,0.0,0.0,964.0,0.0,苹果,iPhone 8 Plus A1864,331.0,964.0,332.0,868.0,0.0,5545495.0,0.0,否,白金卡,-1.0,-1.0,-1.0,-1.0,-1
950,2.0,-1.0,-1.0,-1.0,-1.0,-1.0,-1.0,-1.0,-1.0,-1.0,-1.0,-1.0,-1.0,-1.0,82.0,0.0,0.0,否,4G,否,3.55,是,1.16,0.0,297.0,0.0,华为,HRY-AL00Ta,89.1,297.0,108.93,335.0,0.0,12819186.0,0.0,否,三星,-1.0,-1.0,-1.0,-1.0,-1
951,2.0,-1.0,-1.0,-1.0,-1.0,-1.0,-1.0,-1.0,-1.0,-1.0,-1.0,-1.0,-1.0,-1.0,17.0,0.0,0.0,否,5G,否,0.0,是,0.0,0.0,202.0,0.0,华为,ELS-AN00,39.0,202.0,39.3,334.0,0.0,9331532.0,0.0,是,三星,-1.0,-1.0,-1.0,-1.0,-1
952,2.0,-1.0,-1.0,-1.0,-1.0,-1.0,-1.0,-1.0,-1.0,-1.0,-1.0,-1.0,-1.0,-1.0,5.0,0.0,0.0,否,4G,否,0.0,是,0.0,0.0,123.0,0.0,苹果,A2223,24.85,123.0,31.49,203.0,0.0,1710157.0,0.0,否,三星,-1.0,-1.0,-1.0,-1.0,-1
953,1.0,-1.0,-1.0,-1.0,1.0,1.0,-1.0,-1.0,-1.0,1.0,-1.0,-1.0,-1.0,1.0,1.0,3.0,0.0,否,5G,否,0.0,是,0.0,0.0,240.0,0.0,步步高,V2001A,69.0,240.0,69.0,72.0,0.0,4226503.0,0.0,是,三星,-1.0,-1.0,-1.0,-1.0,-1
954,1.0,-1.0,-1.0,-1.0,1.0,-1.0,-1.0,-1.0,1.0,-1.0,-1.0,1.0,-1.0,1.0,65.0,30.0,0.0,否,4G,否,0.0,是,0.0,0.0,557.0,0.0,步步高,V2005A,80.0,557.0,80.3,290.0,0.0,17512450.0,0.0,否,三星,-1.0,-1.0,-1.0,-1.0,-1
955,1.0,1.0,-1.0,-1.0,-1.0,-1.0,-1.0,-1.0,1.0,-1.0,-1.0,-1.0,-1.0,-1.0,22.0,25.0,0.0,否,4G,否,0.0,是,0.0,0.0,352.0,0.0,苹果,A2634,65.9,352.0,90.29,84.0,0.0,54196047.0,0.0,否,三星,-1.0,-1.0,-1.0,-1.0,-1
956,2.0,-1.0,-1.0,-1.0,-1.0,-1.0,-1.0,-1.0,-1.0,-1.0,-1.0,-1.0,-1.0,-1.0,4.0,15.0,0.0,否,4G,是,0.0,是,0.0,0.0,152.0,0.0,苹果,A2104,60.0,152.0,60.1,33.0,0.0,7282293.0,0.0,否,三星,-1.0,-1.0,-1.0,-1.0,-1
957,2.0,-1.0,-1.0,-1.0,-1.0,-1.0,-1.0,-1.0,-1.0,-1.0,-1.0,-1.0,-1.0,-1.0,2.0,24.0,0.0,否,4G,否,0.0,是,0.0,0.0,233.0,0.0,苹果,iPhone 6S PLUS A1699,48.0,233.0,48.1,261.0,0.0,2637554.0,0.0,否,三星,-1.0,-1.0,-1.0,-1.0,-1
958,2.0,-1.0,-1.0,-1.0,-1.0,-1.0,-1.0,-1.0,-1.0,-1.0,-1.0,-1.0,-1.0,-1.0,2.0,17.0,0.0,否,4G,否,0.0,是,0.0,0.0,280.0,0.0,小米科技,M1803E1A,90.0,280.0,90.0,149.0,0.0,41220973.0,0.0,否,银卡,-1.0,-1.0,-1.0,-1.0,-1
959,1.0,-1.0,-1.0,-1.0,-1.0,-1.0,-1.0,-1.0,-1.0,-1.0,-1.0,1.0,-1.0,-1.0,28.0,2.0,0.0,否,5G,否,0.0,是,0.0,0.0,300.0,0.0,华为,LIO-AN00m,83.41,300.0,60.0,67.0,0.0,21284864.0,0.0,是,银卡,1.0,-1.0,-1.0,-1.0,-1
960,2.0,-1.0,-1.0,-1.0,-1.0,-1.0,-1.0,-1.0,-1.0,-1.0,-1.0,-1.0,-1.0,-1.0,0.0,1.0,0.0,否,5G,否,0.0,是,0.0,0.0,198.0,0.0,华为,JEF-AN00,13.0,198.0,10.0,10.0,0.0,7564655.0,0.0,是,三星,-1.0,-1.0,-1.0,-1.0,-1
961,2.0,-1.0,-1.0,-1.0,-1.0,-1.0,-1.0,-1.0,-1.0,-1.0,-1.0,-1.0,-1.0,-1.0,2.0,10.0,0.0,否,4G,否,0.0,是,0.0,0.0,367.0,0.0,华为,LIO-AL00,48.9,367.0,50.19,174.0,0.0,41349605.0,0.0,否,二星,-1.0,-1.0,-1.0,-1.0,-1
962,1.0,1.0,1.0,-1.0,-1.0,1.0,-1.0,1.0,1.0,1.0,-1.0,-1.0,-1.0,-1.0,4.0,24.0,2.0,否,5G,否,0.0,是,0.0,0.0,245.0,0.0,苹果,A2404,56.93,245.0,48.0,71.0,0.0,4450694.0,0.0,是,三星,-1.0,-1.0,-1.0,-1.0,-1
963,1.0,1.0,-1.0,-1.0,-1.0,1.0,-1.0,-1.0,-1.0,1.0,-1.0,1.0,-1.0,-1.0,11.0,3.0,0.0,否,4G,否,0.0,是,0.0,0.0,172.0,0.0,苹果,A2108,50.0,172.0,51.52,32.0,0.0,18189463.0,0.0,否,三星,-1.0,-1.0,-1.0,-1.0,-1
964,2.0,-1.0,-1.0,-1.0,-1.0,-1.0,-1.0,-1.0,-1.0,-1.0,-1.0,-1.0,-1.0,-1.0,32.0,13.0,3.0,否,5G,否,156.25,是,1.0,0.0,167.0,0.0,苹果,A2644,36.67,167.0,26.29,86.0,0.0,16894862.0,0.0,是,准星,-1.0,-1.0,-1.0,-1.0,-1
965,2.0,-1.0,-1.0,-1.0,-1.0,-1.0,-1.0,-1.0,-1.0,-1.0,-1.0,-1.0,-1.0,-1.0,12.0,15.0,0.0,否,4G,否,0.0,是,0.0,0.0,221.0,0.0,苹果,A2104,68.0,221.0,68.0,162.0,0.0,13113163.0,0.0,否,二星,-1.0,-1.0,-1.0,-1.0,-1
966,2.0,-1.0,-1.0,-1.0,-1.0,-1.0,-1.0,-1.0,-1.0,-1.0,-1.0,-1.0,-1.0,-1.0,0.0,0.0,0.0,否,5G,否,0.0,是,0.0,0.0,354.0,0.0,苹果,A2644,90.0,354.0,90.0,224.0,0.0,27369757.0,0.0,是,银卡,-1.0,-1.0,-1.0,-1.0,-1
967,1.0,1.0,-1.0,-1.0,-1.0,1.0,1.0,1.0,-1.0,1.0,-1.0,1.0,-1.0,-1.0,18.0,11.0,2.0,否,4G,否,0.0,是,0.0,0.0,473.0,0.0,苹果,A2223,228.0,473.0,228.1,297.0,0.0,65613907.0,0.0,否,金卡,-1.0,-1.0,-1.0,-1.0,-1
968,1.0,1.0,1.0,-1.0,1.0,1.0,-1.0,1.0,1.0,1.0,1.0,-1.0,-1.0,1.0,7.0,0.0,0.0,否,5G,否,0.0,是,0.0,0.0,172.0,0.0,苹果,A2404,133.28,172.0,133.56,250.0,0.00019522376738728,30549559.0,5964.0,是,三星,-1.0,-1.0,-1.0,-1.0,-1
969,2.0,-1.0,-1.0,-1.0,-1.0,-1.0,-1.0,-1.0,-1.0,-1.0,-1.0,-1.0,-1.0,-1.0,6.0,18.0,1.0,否,4G,否,0.0,是,0.0,0.0,143.0,0.0,苹果,iPhone 7Plus A1661,45.0,143.0,45.0,128.0,0.0,2948510.0,0.0,否,二星,-1.0,-1.0,-1.0,-1.0,-1
970,2.0,-1.0,-1.0,-1.0,-1.0,-1.0,-1.0,-1.0,-1.0,-1.0,-1.0,-1.0,-1.0,-1.0,2.0,0.0,0.0,否,4G,否,0.0,是,0.0,0.0,140.0,0.0,华为,ART-AL00x,8.0,140.0,8.0,281.0,0.0,1833682.0,0.0,否,二星,-1.0,-1.0,-1.0,-1.0,-1
971,1.0,-1.0,-1.0,-1.0,-1.0,-1.0,-1.0,1.0,1.0,1.0,1.0,-1.0,1.0,-1.0,2.0,1.0,1.0,否,5G,否,0.0,是,0.0,0.0,436.0,0.0,欧珀,PDYM20,58.0,436.0,66.0,454.0,0.0,10357060.0,0.0,是,三星,-1.0,-1.0,-1.0,-1.0,-1
972,1.0,1.0,-1.0,-1.0,-1.0,-1.0,-1.0,-1.0,-1.0,-1.0,1.0,1.0,-1.0,-1.0,3.0,17.0,4.0,否,4G,否,0.0,是,0.0,0.0,571.0,0.0,华为,EML-AL00,70.0,571.0,70.0,482.0,0.0,27349008.0,0.0,否,三星,-1.0,-1.0,-1.0,-1.0,-1
973,1.0,1.0,-1.0,-1.0,-1.0,-1.0,-1.0,-1.0,-1.0,-1.0,-1.0,1.0,-1.0,1.0,0.0,2.0,0.0,否,4G,否,0.0,是,0.0,0.0,283.0,0.0,华为,HMA-AL00,186.2,283.0,147.4,196.0,0.0,6648805.0,0.0,否,银卡,-1.0,-1.0,-1.0,-1.0,-1
974,1.0,1.0,-1.0,-1.0,-1.0,1.0,-1.0,-1.0,1.0,1.0,1.0,1.0,1.0,1.0,16.0,14.0,4.0,否,5G,否,0.0,是,0.0,0.0,305.0,0.0,苹果,A2404,85.0,305.0,85.0,380.0,0.0,19647986.0,0.0,是,三星,-1.0,-1.0,-1.0,-1.0,-1
975,2.0,-1.0,-1.0,-1.0,-1.0,-1.0,-1.0,-1.0,-1.0,-1.0,-1.0,-1.0,-1.0,-1.0,14.0,0.0,3.0,否,5G,否,0.0,是,0.0,0.0,386.0,0.0,苹果,iPhone 13 Pro (A2483),200.0,386.0,200.0,326.0,0.0,5138570.0,0.0,是,银卡,-1.0,-1.0,-1.0,-1.0,-1
976,2.0,-1.0,-1.0,-1.0,-1.0,-1.0,-1.0,-1.0,-1.0,-1.0,-1.0,-1.0,-1.0,-1.0,11.0,10.0,1.0,否,5G,否,0.0,是,0.0,0.0,181.0,0.0,欧珀,PEGM00,69.0,181.0,79.0,193.0,0.0,28606383.0,0.0,是,三星,-1.0,-1.0,-1.0,-1.0,-1
977,1.0,-1.0,1.0,-1.0,-1.0,1.0,-1.0,-1.0,-1.0,-1.0,1.0,1.0,-1.0,-1.0,1.0,0.0,0.0,否,5G,否,0.0,是,0.0,0.0,809.0,0.0,华为,CDY-AN20,35.0,809.0,34.8,395.0,0.0,14624073.0,0.0,是,三星,-1.0,-1.0,-1.0,-1.0,-1
978,1.0,-1.0,1.0,-1.0,-1.0,1.0,-1.0,1.0,-1.0,1.0,1.0,1.0,-1.0,-1.0,5.0,44.0,1.0,否,4G,否,339.94,是,10.0,0.0,641.0,0.0,苹果,iPhone 7Plus A1661,114.0,641.0,90.0,651.0,0.0,48923886.0,0.0,否,三星,-1.0,-1.0,-1.0,-1.0,-1
979,2.0,-1.0,-1.0,-1.0,-1.0,-1.0,-1.0,-1.0,-1.0,-1.0,-1.0,-1.0,-1.0,-1.0,0.0,5.0,1.0,否,4G,否,0.0,是,0.0,0.0,229.0,0.0,欧珀,PCAM00,69.1,229.0,74.23,397.0,0.0,39789754.0,0.0,否,三星,-1.0,-1.0,-1.0,-1.0,-1
980,2.0,-1.0,-1.0,-1.0,-1.0,-1.0,-1.0,-1.0,-1.0,-1.0,-1.0,-1.0,-1.0,-1.0,6.0,1.0,3.0,否,5G,否,0.0,是,0.0,0.0,199.0,0.0,华为,HJC-AN90,119.0,199.0,119.0,217.0,0.0,20401038.0,0.0,是,银卡,-1.0,-1.0,-1.0,-1.0,-1
981,2.0,-1.0,-1.0,-1.0,-1.0,-1.0,-1.0,-1.0,-1.0,-1.0,-1.0,-1.0,-1.0,-1.0,2.0,5.0,1.0,否,4G,否,0.0,是,0.0,0.0,178.0,0.0,华为,EDI-AL10,79.0,178.0,75.0,132.0,0.0,3425299.0,0.0,否,三星,-1.0,-1.0,-1.0,-1.0,-1
982,1.0,1.0,-1.0,-1.0,-1.0,-1.0,1.0,-1.0,-1.0,-1.0,1.0,-1.0,1.0,-1.0,23.0,2.0,1.0,否,5G,否,2312.01,是,27.0,0.0,654.0,0.0,华为,ELS-AN00,150.5,654.0,108.0,171.0,0.0,84542888.0,0.0,是,银卡,-1.0,-1.0,-1.0,-1.0,-1
983,1.0,1.0,-1.0,-1.0,-1.0,1.0,-1.0,-1.0,1.0,-1.0,1.0,-1.0,-1.0,-1.0,15.0,34.0,5.0,否,4G,否,0.0,是,0.0,0.0,1274.0,0.0,苹果,A2108,61.71,1274.0,60.3,866.0,0.0,9215341.0,0.0,否,三星,-1.0,-1.0,-1.0,-1.0,1
984,1.0,-1.0,1.0,-1.0,-1.0,-1.0,-1.0,-1.0,-1.0,-1.0,-1.0,-1.0,-1.0,1.0,11.0,22.0,0.0,否,4G,否,0.0,是,0.0,0.0,453.0,0.0,华为,ARS-AL00,30.76,453.0,29.64,638.0,6.67585531392075e-06,7489677.0,50.0,否,三星,-1.0,-1.0,-1.0,-1.0,-1
985,2.0,-1.0,-1.0,-1.0,-1.0,-1.0,-1.0,-1.0,-1.0,-1.0,-1.0,-1.0,-1.0,-1.0,4.0,3.0,2.0,否,5G,否,0.0,是,0.0,0.0,220.0,0.0,苹果,A2404,90.05,220.0,60.0,19.0,0.0,5762503.0,0.0,是,三星,-1.0,-1.0,-1.0,-1.0,-1
986,2.0,-1.0,-1.0,-1.0,-1.0,-1.0,-1.0,-1.0,-1.0,-1.0,-1.0,-1.0,-1.0,-1.0,3.0,18.0,3.0,否,4G,否,0.0,是,0.0,0.0,227.0,0.0,苹果,A2108,38.0,227.0,38.1,137.0,0.0,3045634.0,0.0,否,三星,-1.0,-1.0,-1.0,-1.0,-1
987,1.0,1.0,-1.0,-1.0,-1.0,-1.0,-1.0,-1.0,-1.0,-1.0,1.0,-1.0,-1.0,1.0,2.0,26.0,4.0,否,5G,否,0.0,是,0.0,0.0,717.0,0.0,华为,EVR-AN00,143.2,717.0,156.2,633.0,0.0,11186818.0,0.0,是,银卡,-1.0,-1.0,-1.0,-1.0,-1
988,2.0,-1.0,-1.0,-1.0,-1.0,-1.0,-1.0,-1.0,-1.0,-1.0,-1.0,-1.0,-1.0,-1.0,0.0,3.0,0.0,否,4G,否,0.0,是,0.0,0.0,125.0,0.0,华为,NOH-AL10,26.9,125.0,25.0,78.0,0.0,3274939.0,0.0,否,一星,-1.0,-1.0,-1.0,-1.0,-1
989,2.0,-1.0,-1.0,-1.0,-1.0,-1.0,-1.0,-1.0,-1.0,-1.0,-1.0,-1.0,-1.0,-1.0,19.0,6.0,1.0,否,4G,否,0.0,是,0.0,0.0,253.0,0.0,华为,VCE-AL00,61.0,253.0,60.0,92.0,0.0,19153450.0,0.0,否,三星,-1.0,-1.0,-1.0,-1.0,-1
990,2.0,-1.0,-1.0,-1.0,-1.0,-1.0,-1.0,-1.0,-1.0,-1.0,-1.0,-1.0,-1.0,-1.0,15.0,1.0,0.0,否,5G,是,0.0,是,0.0,0.0,313.0,0.0,小米科技,M2102J2SC,98.11,313.0,70.0,93.0,0.0,4710101.0,0.0,是,三星,-1.0,-1.0,-1.0,-1.0,-1
991,1.0,-1.0,-1.0,-1.0,-1.0,-1.0,1.0,-1.0,1.0,-1.0,-1.0,-1.0,-1.0,-1.0,1.0,12.0,12.0,否,5G,否,6.55,是,0.24,0.0,538.0,0.0,步步高,V2057A,238.24,538.0,238.0,406.0,0.0,93223191.0,0.0,是,金卡,-1.0,-1.0,-1.0,-1.0,-1
992,2.0,-1.0,-1.0,-1.0,-1.0,-1.0,-1.0,-1.0,-1.0,-1.0,-1.0,-1.0,-1.0,-1.0,10.0,7.0,0.0,否,5G,否,48.74,是,10.0,0.0,265.0,0.0,苹果,A2634,97.2,265.0,80.07,217.0,0.0,26532673.0,0.0,是,三星,-1.0,-1.0,-1.0,-1.0,-1
993,1.0,-1.0,-1.0,-1.0,-1.0,-1.0,-1.0,1.0,-1.0,-1.0,-1.0,1.0,-1.0,-1.0,0.0,4.0,1.0,否,4G,否,0.0,是,0.0,0.0,834.0,0.0,苹果,iPhone 8 A1863,69.4,834.0,68.0,171.0,0.0,1885885.0,0.0,否,三星,-1.0,-1.0,-1.0,-1.0,-1
994,1.0,-1.0,1.0,-1.0,-1.0,1.0,-1.0,1.0,1.0,-1.0,1.0,1.0,-1.0,-1.0,23.0,10.0,4.0,否,4G,否,0.0,是,0.0,0.0,155.0,0.0,苹果,iPhone X A1865,26.0,155.0,20.0,107.0,0.0,7794313.0,0.0,否,三星,-1.0,-1.0,-1.0,-1.0,-1
995,2.0,-1.0,-1.0,-1.0,-1.0,-1.0,-1.0,-1.0,-1.0,-1.0,-1.0,-1.0,-1.0,-1.0,2.0,0.0,1.0,否,5G,否,0.0,是,0.0,0.00668896321070234,299.0,2.0,华为,TAS-AN00,119.3,299.0,119.1,347.0,0.00227132960995197,32149451.0,73022.0,是,三星,-1.0,-1.0,-1.0,-1.0,-1
996,1.0,1.0,1.0,-1.0,-1.0,1.0,-1.0,1.0,1.0,1.0,-1.0,-1.0,-1.0,-1.0,8.0,20.0,2.0,否,4G,是,0.0,是,0.0,0.0,165.0,0.0,苹果,A2108,26.81,165.0,25.3,121.0,0.0,1311424.0,0.0,否,二星,-1.0,-1.0,-1.0,-1.0,-1
997,2.0,-1.0,-1.0,-1.0,-1.0,-1.0,-1.0,-1.0,-1.0,-1.0,-1.0,-1.0,-1.0,-1.0,0.0,13.0,6.0,否,4G,否,0.0,是,0.0,0.0,234.0,0.0,华为,MAR-AL00,10.0,234.0,10.0,113.0,0.0,6606188.0,0.0,否,一星,-1.0,-1.0,-1.0,-1.0,-1
998,1.0,1.0,-1.0,-1.0,-1.0,-1.0,-1.0,-1.0,-1.0,-1.0,1.0,-1.0,-1.0,-1.0,0.0,0.0,0.0,否,4G,否,35.84,是,10.0,0.0,197.0,0.0,华为,HRY-AL00Ta,58.0,197.0,48.0,128.0,0.0,5402907.0,0.0,否,二星,-1.0,-1.0,-1.0,-1.0,-1
999,2.0,-1.0,-1.0,-1.0,-1.0,-1.0,-1.0,-1.0,-1.0,-1.0,-1.0,-1.0,-1.0,-1.0,29.0,21.0,1.0,否,4G,否,0.0,是,0.0,0.0,1344.0,0.0,小米科技,M2004J19C,29.0,1344.0,29.0,287.0,0.0,21095401.0,0.0,否,三星,-1.0,-1.0,-1.0,-1.0,-1
1000,2.0,-1.0,-1.0,-1.0,-1.0,-1.0,-1.0,-1.0,-1.0,-1.0,-1.0,-1.0,-1.0,-1.0,3.0,46.0,2.0,否,4G,否,0.0,是,0.0,0.0,689.0,0.0,苹果,A2408,143.65,689.0,124.27,441.0,0.0,26819899.0,0.0,否,银卡,-1.0,-1.0,-1.0,-1.0,-1
1001,1.0,-1.0,-1.0,-1.0,1.0,1.0,-1.0,-1.0,1.0,-1.0,-1.0,1.0,-1.0,1.0,9.0,9.0,0.0,否,4G,是,0.0,是,0.0,0.0,186.0,0.0,华为,ANA-AN00,88.0,186.0,88.0,157.0,0.0,8045841.0,0.0,否,三星,-1.0,-1.0,-1.0,-1.0,-1
1002,2.0,-1.0,-1.0,-1.0,-1.0,-1.0,-1.0,-1.0,-1.0,-1.0,-1.0,-1.0,-1.0,-1.0,358.0,5.0,0.0,否,4G,否,0.0,是,0.0,0.0,200.0,0.0,步步高,V1901A,238.0,200.0,218.0,154.0,0.0,17819641.0,0.0,否,金卡,-1.0,-1.0,-1.0,-1.0,-1
1003,2.0,-1.0,-1.0,-1.0,-1.0,-1.0,-1.0,-1.0,-1.0,-1.0,-1.0,-1.0,-1.0,-1.0,53.0,9.0,0.0,否,4G,否,0.0,是,0.0,0.0,302.0,0.0,华为,CDY-AN90,35.0,302.0,35.0,364.0,0.0,10252314.0,0.0,否,三星,-1.0,-1.0,-1.0,-1.0,-1
1004,2.0,-1.0,-1.0,-1.0,-1.0,-1.0,-1.0,-1.0,-1.0,-1.0,-1.0,-1.0,-1.0,-1.0,19.0,4.0,2.0,否,5G,否,0.0,是,0.0,0.0,445.0,0.0,苹果,A2634,60.0,445.0,60.0,138.0,0.0,6888237.0,0.0,是,三星,-1.0,-1.0,-1.0,-1.0,-1
1005,1.0,1.0,-1.0,-1.0,-1.0,-1.0,-1.0,-1.0,-1.0,-1.0,1.0,-1.0,-1.0,1.0,0.0,0.0,0.0,否,4G,否,0.0,是,0.0,0.0,182.0,0.0,华为,SEA-AL10,10.0,182.0,10.0,88.0,0.0,2714186.0,0.0,否,三星,-1.0,-1.0,-1.0,-1.0,-1
1006,1.0,-1.0,-1.0,-1.0,-1.0,1.0,-1.0,-1.0,-1.0,-1.0,-1.0,1.0,-1.0,-1.0,0.0,8.0,0.0,否,5G,否,0.0,是,0.0,0.0,210.0,0.0,小米科技,M2007J17C,48.32,210.0,57.08,308.0,0.0,29375454.0,0.0,是,三星,-1.0,-1.0,-1.0,-1.0,-1
1007,1.0,1.0,1.0,-1.0,-1.0,-1.0,-1.0,-1.0,1.0,-1.0,-1.0,1.0,-1.0,1.0,41.0,22.0,1.0,否,5G,否,0.0,是,0.0,0.0,216.0,0.0,苹果,A2639,131.0,216.0,131.0,134.0,0.0,3836960.0,0.0,是,银卡,-1.0,-1.0,-1.0,-1.0,-1
1008,2.0,-1.0,-1.0,-1.0,-1.0,-1.0,-1.0,-1.0,-1.0,-1.0,-1.0,-1.0,-1.0,-1.0,55.0,13.0,0.0,否,4G,否,0.0,是,0.0,0.0,188.0,0.0,华为,HMA-AL00,34.5,188.0,37.4,121.0,0.0,12951408.0,0.0,否,三星,-1.0,-1.0,-1.0,-1.0,-1
1009,2.0,-1.0,-1.0,-1.0,-1.0,-1.0,-1.0,-1.0,-1.0,-1.0,-1.0,-1.0,-1.0,-1.0,0.0,0.0,4.0,否,5G,否,0.0,是,0.0,0.0,202.0,0.0,小米科技,21091116C,65.0,202.0,62.0,109.0,0.0,17207416.0,0.0,是,三星,-1.0,-1.0,-1.0,-1.0,-1
1010,1.0,1.0,-1.0,-1.0,-1.0,-1.0,-1.0,1.0,1.0,-1.0,-1.0,-1.0,-1.0,1.0,56.0,17.0,1.0,否,4G,否,0.0,是,0.0,0.0,354.0,0.0,苹果,iPhone X A1865,118.0,354.0,118.0,293.0,0.0,6843781.0,0.0,否,银卡,-1.0,-1.0,-1.0,-1.0,-1
1011,1.0,1.0,1.0,-1.0,1.0,1.0,-1.0,-1.0,-1.0,1.0,1.0,1.0,-1.0,1.0,0.0,2.0,26.0,否,5G,否,0.0,是,0.0,0.0,238.0,0.0,步步高,V2012A,158.0,238.0,158.0,181.0,0.0,22179810.0,0.0,是,银卡,-1.0,-1.0,-1.0,-1.0,-1
1012,2.0,-1.0,-1.0,-1.0,-1.0,-1.0,-1.0,-1.0,-1.0,-1.0,-1.0,-1.0,-1.0,-1.0,0.0,7.0,1.0,否,5G,否,0.0,是,0.0,0.0,158.0,0.0,苹果,A2412,25.0,158.0,25.0,52.0,0.0,5932491.0,0.0,是,三星,-1.0,-1.0,-1.0,-1.0,-1
1013,1.0,1.0,1.0,-1.0,-1.0,1.0,-1.0,-1.0,-1.0,-1.0,1.0,-1.0,-1.0,1.0,7.0,4.0,0.0,否,4G,否,0.0,是,0.0,0.0,236.0,0.0,华为,YAL-AL10,21.0,236.0,21.0,107.0,0.0,6580301.0,0.0,否,准星,-1.0,-1.0,-1.0,-1.0,-1
1014,2.0,-1.0,-1.0,-1.0,-1.0,-1.0,-1.0,-1.0,-1.0,-1.0,-1.0,-1.0,-1.0,-1.0,43.0,13.0,2.0,否,4G,否,0.0,是,0.0,0.0,832.0,0.0,华为,MRD-AL00,51.61,832.0,50.0,419.0,0.0,11338467.0,0.0,否,三星,-1.0,-1.0,-1.0,-1.0,-1
1015,1.0,1.0,-1.0,-1.0,-1.0,-1.0,-1.0,-1.0,-1.0,1.0,-1.0,-1.0,-1.0,-1.0,1.0,1.0,5.0,否,5G,否,0.0,是,0.0,0.0,240.0,0.0,小米科技,M2011J18C,128.3,240.0,90.0,71.0,0.0,15212023.0,0.0,是,银卡,-1.0,-1.0,-1.0,-1.0,-1
1016,1.0,-1.0,1.0,-1.0,-1.0,-1.0,-1.0,-1.0,1.0,-1.0,1.0,1.0,-1.0,-1.0,16.0,8.0,10.0,否,5G,否,0.0,是,0.0,0.0,373.0,0.0,华为,JSC-AN00,168.0,373.0,168.0,198.0,0.0,25305206.0,0.0,是,金卡,-1.0,-1.0,-1.0,-1.0,-1
1017,2.0,-1.0,-1.0,-1.0,-1.0,-1.0,-1.0,-1.0,-1.0,-1.0,-1.0,-1.0,-1.0,-1.0,5.0,4.0,0.0,否,4G,否,0.0,是,0.0,0.0,138.0,0.0,小米科技,M1901F7E,85.0,138.0,85.0,42.0,0.0,2161456.0,0.0,否,三星,-1.0,-1.0,-1.0,-1.0,-1
1018,1.0,1.0,-1.0,-1.0,-1.0,-1.0,-1.0,-1.0,-1.0,1.0,-1.0,1.0,-1.0,-1.0,0.0,0.0,2.0,否,5G,否,0.0,是,0.0,0.0,515.0,0.0,中邮通信,Hera-BD00,56.0,515.0,56.0,444.0,0.000224889385991225,9217865.0,2073.0,是,三星,-1.0,-1.0,-1.0,-1.0,-1
1019,1.0,1.0,-1.0,-1.0,-1.0,-1.0,-1.0,-1.0,1.0,-1.0,1.0,1.0,-1.0,1.0,0.0,14.0,0.0,否,4G,是,0.0,是,0.0,0.0,432.0,0.0,欧珀,PCAM00,65.0,432.0,65.0,289.0,0.0,5974095.0,0.0,否,三星,-1.0,-1.0,-1.0,-1.0,-1
1020,2.0,-1.0,-1.0,-1.0,-1.0,-1.0,-1.0,-1.0,-1.0,-1.0,-1.0,-1.0,-1.0,-1.0,2.0,39.0,5.0,否,5G,否,1410.56,是,22.48,0.0,1048.0,0.0,欧珀,PDKM00,147.9,1048.0,112.41,760.0,0.0,97315247.0,0.0,是,银卡,-1.0,-1.0,-1.0,-1.0,-1
1021,1.0,-1.0,1.0,-1.0,-1.0,-1.0,1.0,-1.0,1.0,-1.0,1.0,1.0,-1.0,1.0,0.0,18.0,1.0,否,4G,否,0.0,是,0.0,0.0,382.0,0.0,苹果,A2223,75.65,382.0,54.0,169.0,0.0,5696410.0,0.0,否,一星,-1.0,-1.0,-1.0,-1.0,-1
1022,1.0,-1.0,-1.0,-1.0,-1.0,1.0,-1.0,-1.0,-1.0,-1.0,-1.0,-1.0,-1.0,1.0,55.0,2.0,1.0,否,4G,否,0.0,是,0.0,0.0,152.0,0.0,苹果,iPhone XS MAX (A1921),69.0,152.0,69.0,118.0,0.0,19185628.0,0.0,否,三星,-1.0,-1.0,-1.0,-1.0,-1
1023,1.0,-1.0,1.0,-1.0,-1.0,-1.0,-1.0,-1.0,-1.0,-1.0,-1.0,1.0,-1.0,1.0,20.0,9.0,0.0,否,4G,否,0.0,是,0.0,0.0,185.0,0.0,华为,VOG-AL00,30.0,185.0,30.0,77.0,0.0,6584067.0,0.0,否,三星,-1.0,-1.0,-1.0,-1.0,-1
1024,1.0,1.0,1.0,-1.0,-1.0,-1.0,-1.0,-1.0,-1.0,-1.0,1.0,-1.0,1.0,1.0,2.0,34.0,8.0,否,4G,是,0.0,是,0.0,0.0,613.0,0.0,苹果,A2100,135.0,613.0,135.0,960.0,0.0,33235514.0,0.0,否,银卡,-1.0,-1.0,-1.0,-1.0,-1
1025,1.0,-1.0,1.0,-1.0,-1.0,1.0,-1.0,1.0,1.0,-1.0,-1.0,1.0,-1.0,-1.0,0.0,6.0,2.0,否,5G,否,0.0,是,0.0,0.0760416666666667,960.0,73.0,华为,TAS-AN00,128.1,960.0,128.0,697.0,0.0163889912852317,14326141.0,234791.0,是,银卡,-1.0,-1.0,-1.0,-1.0,-1
1026,1.0,1.0,1.0,-1.0,-1.0,1.0,-1.0,1.0,1.0,-1.0,1.0,1.0,-1.0,1.0,9.0,4.0,4.0,否,5G,否,0.0,是,0.0,0.0,1149.0,0.0,苹果,A2639,162.95,1149.0,135.0,1253.0,0.0,9589504.0,0.0,是,银卡,-1.0,-1.0,-1.0,-1.0,-1
1027,2.0,-1.0,-1.0,-1.0,-1.0,-1.0,-1.0,-1.0,-1.0,-1.0,-1.0,-1.0,-1.0,-1.0,0.0,20.0,1.0,否,4G,否,135.03,是,30.0,0.0,239.0,0.0,华为,ELE-AL00,30.45,239.0,30.0,170.0,0.0,1127448.0,0.0,否,三星,-1.0,-1.0,-1.0,-1.0,-1
1028,1.0,1.0,1.0,-1.0,-1.0,1.0,-1.0,1.0,-1.0,1.0,-1.0,-1.0,-1.0,1.0,13.0,15.0,5.0,否,4G,否,0.0,是,0.0,0.0,1087.0,0.0,苹果,A2223,143.0,1087.0,95.0,412.0,0.0,7464227.0,0.0,否,银卡,-1.0,-1.0,-1.0,-1.0,-1
1029,1.0,1.0,-1.0,-1.0,-1.0,-1.0,1.0,-1.0,1.0,-1.0,1.0,1.0,-1.0,1.0,0.0,0.0,2.0,是,5G,否,0.0,是,0.0,0.0,194.0,0.0,华为,CDY-AN00,18.6,194.0,39.9,139.0,0.0,2207217.0,0.0,是,三星,-1.0,-1.0,-1.0,-1.0,-1
1030,1.0,1.0,-1.0,-1.0,-1.0,-1.0,-1.0,-1.0,-1.0,-1.0,1.0,1.0,-1.0,-1.0,3.0,30.0,4.0,否,4G,否,0.0,是,0.0,0.0,282.0,0.0,苹果,iPhone X A1865,76.05,282.0,60.0,323.0,0.0,3551351.0,0.0,否,三星,-1.0,-1.0,-1.0,-1.0,-1
1031,1.0,1.0,-1.0,-1.0,-1.0,-1.0,-1.0,-1.0,-1.0,-1.0,1.0,1.0,-1.0,1.0,37.0,15.0,0.0,否,4G,否,16.84,是,26.0,0.0,394.0,0.0,华为,TEL-AN00a,88.0,394.0,115.5,152.0,0.0,9813994.0,0.0,否,三星,-1.0,-1.0,-1.0,-1.0,-1
1032,2.0,-1.0,-1.0,-1.0,-1.0,-1.0,-1.0,-1.0,-1.0,-1.0,-1.0,-1.0,-1.0,-1.0,5.0,24.0,1.0,否,4G,否,0.0,是,0.0,0.0,250.0,0.0,苹果,iPhone X A1865,52.21,250.0,50.9,247.0,0.0,6485412.0,0.0,否,三星,-1.0,-1.0,-1.0,-1.0,-1
1033,1.0,1.0,1.0,-1.0,-1.0,-1.0,-1.0,-1.0,1.0,-1.0,1.0,-1.0,-1.0,-1.0,4.0,3.0,5.0,否,4G,否,0.0,是,0.0,0.0,344.0,0.0,苹果,A2104,130.43,344.0,202.76,226.0,0.0,12867079.0,0.0,否,三星,-1.0,-1.0,-1.0,-1.0,-1
1034,1.0,1.0,1.0,-1.0,-1.0,-1.0,-1.0,-1.0,-1.0,-1.0,-1.0,1.0,1.0,1.0,14.0,22.0,0.0,否,4G,否,0.0,是,0.0,0.0,443.0,0.0,三星,SM-G9750,128.0,443.0,128.0,299.0,0.0,9420143.0,0.0,否,银卡,-1.0,-1.0,-1.0,-1.0,-1
1035,1.0,-1.0,-1.0,-1.0,-1.0,-1.0,-1.0,1.0,-1.0,-1.0,1.0,-1.0,-1.0,1.0,3.0,8.0,0.0,否,4G,否,0.25,是,9.0,0.0,169.0,0.0,华为,ELE-AL00,46.0,169.0,46.58,47.0,0.0,1832292.0,0.0,否,一星,-1.0,-1.0,-1.0,-1.0,-1
1036,1.0,1.0,-1.0,-1.0,-1.0,-1.0,-1.0,-1.0,-1.0,-1.0,1.0,-1.0,-1.0,-1.0,1.0,8.0,1.0,否,4G,否,0.0,是,0.0,0.0,903.0,0.0,华为,BLA-AL00,20.0,903.0,20.0,731.0,0.0,16162985.0,0.0,否,二星,-1.0,-1.0,-1.0,-1.0,-1
1037,2.0,-1.0,-1.0,-1.0,-1.0,-1.0,-1.0,-1.0,-1.0,-1.0,-1.0,-1.0,-1.0,-1.0,0.0,11.0,4.0,否,4G,否,754.61,是,190.0,0.0,369.0,0.0,华为,ART-AL00x,399.9,369.0,118.6,257.0,0.0,78932789.0,0.0,否,三星,-1.0,-1.0,-1.0,-1.0,-1
1038,2.0,-1.0,-1.0,-1.0,-1.0,-1.0,-1.0,-1.0,-1.0,-1.0,-1.0,-1.0,-1.0,-1.0,0.0,6.0,4.0,否,4G,否,0.0,是,0.0,0.0,189.0,0.0,华为,LLD-AL20,15.0,189.0,30.0,56.0,0.0,1795041.0,0.0,否,三星,-1.0,-1.0,-1.0,-1.0,-1
1039,1.0,1.0,1.0,-1.0,-1.0,1.0,-1.0,1.0,1.0,1.0,1.0,1.0,1.0,1.0,58.0,6.0,3.0,否,5G,否,0.0,是,0.0,0.0,2553.0,0.0,华为,ELS-AN00,330.0,2553.0,330.0,1930.0,0.0,2567362.0,0.0,是,白金卡,-1.0,-1.0,-1.0,-1.0,-1
1040,2.0,-1.0,-1.0,-1.0,-1.0,-1.0,-1.0,-1.0,-1.0,-1.0,-1.0,-1.0,-1.0,-1.0,1.0,6.0,0.0,否,4G,否,0.0,是,0.0,0.0,197.0,0.0,苹果,iPhone 7 A1660,108.2,197.0,108.2,289.0,0.0,15337545.0,0.0,否,银卡,-1.0,-1.0,-1.0,-1.0,-1
1041,1.0,1.0,1.0,-1.0,-1.0,-1.0,-1.0,-1.0,1.0,1.0,-1.0,-1.0,-1.0,1.0,11.0,21.0,1.0,否,4G,否,0.0,是,0.0,0.0,662.0,0.0,苹果,A2220,70.0,662.0,70.0,297.0,0.0,10576795.0,0.0,否,三星,-1.0,-1.0,-1.0,-1.0,-1
1042,1.0,-1.0,1.0,-1.0,-1.0,1.0,-1.0,-1.0,-1.0,1.0,1.0,1.0,-1.0,-1.0,2.0,0.0,0.0,否,4G,是,0.0,是,0.0,0.0,176.0,0.0,华为,SPN-AL00,15.18,176.0,14.14,119.0,0.0,14552390.0,0.0,否,三星,-1.0,-1.0,-1.0,-1.0,-1
1043,1.0,1.0,1.0,1.0,-1.0,-1.0,-1.0,-1.0,1.0,-1.0,1.0,-1.0,-1.0,-1.0,13.0,12.0,1.0,否,5G,否,397.25,是,73.0,0.0,150.0,0.0,苹果,A2634,171.2,150.0,75.8,189.0,0.0,84851266.0,0.0,是,二星,-1.0,-1.0,-1.0,-1.0,-1
1044,2.0,-1.0,-1.0,-1.0,-1.0,-1.0,-1.0,-1.0,-1.0,-1.0,-1.0,-1.0,-1.0,-1.0,2.0,13.0,1.0,否,4G,否,0.0,是,0.0,0.0,892.0,0.0,华为,TAS-AL00,168.0,892.0,198.0,256.0,0.0,72689699.0,0.0,否,金卡,-1.0,-1.0,-1.0,-1.0,-1
1045,2.0,-1.0,-1.0,-1.0,-1.0,-1.0,-1.0,-1.0,-1.0,-1.0,-1.0,-1.0,-1.0,-1.0,39.0,20.0,3.0,否,4G,否,0.0,是,0.0,0.0,313.0,0.0,华为,VOG-AL00,29.0,313.0,29.4,269.0,0.0,20219978.0,0.0,否,三星,-1.0,-1.0,-1.0,-1.0,-1
1046,1.0,1.0,-1.0,-1.0,-1.0,-1.0,1.0,-1.0,1.0,-1.0,-1.0,-1.0,-1.0,1.0,24.0,2.0,0.0,否,5G,否,0.0,是,0.0,0.0,143.0,0.0,小米科技,M2007J17C,130.0,143.0,130.0,91.0,0.0,54350711.0,0.0,是,银卡,-1.0,-1.0,-1.0,-1.0,-1
1047,2.0,-1.0,-1.0,-1.0,-1.0,-1.0,-1.0,-1.0,-1.0,-1.0,-1.0,-1.0,-1.0,-1.0,26.0,3.0,0.0,否,4G,否,178.85,是,40.0,0.0,336.0,0.0,华为,VCE-AL00,125.9,336.0,75.0,54.0,0.0,45734859.0,0.0,否,三星,-1.0,-1.0,-1.0,-1.0,-1
1048,2.0,-1.0,-1.0,-1.0,-1.0,-1.0,-1.0,-1.0,-1.0,-1.0,-1.0,-1.0,-1.0,-1.0,0.0,1.0,0.0,否,5G,否,281.72,是,30.0,0.0,267.0,0.0,华为,CDY-TN20,112.0,267.0,79.79,116.0,0.0,42786096.0,0.0,是,三星,-1.0,-1.0,-1.0,-1.0,-1
1049,2.0,-1.0,-1.0,-1.0,-1.0,-1.0,-1.0,-1.0,-1.0,-1.0,-1.0,-1.0,-1.0,-1.0,9.0,22.0,0.0,否,4G,否,0.0,是,0.0,0.0,299.0,0.0,华为,JSN-AL00a,62.0,299.0,62.0,315.0,0.0,10051364.0,0.0,否,三星,-1.0,-1.0,-1.0,-1.0,-1
1050,2.0,-1.0,-1.0,-1.0,-1.0,-1.0,-1.0,-1.0,-1.0,-1.0,-1.0,-1.0,-1.0,-1.0,0.0,6.0,1.0,否,4G,是,0.0,是,0.0,0.0,267.0,0.0,步步高,V2031A,59.0,267.0,44.5,180.0,0.0,21408066.0,0.0,否,三星,-1.0,-1.0,-1.0,-1.0,-1
1051,2.0,-1.0,-1.0,-1.0,-1.0,-1.0,-1.0,-1.0,-1.0,-1.0,-1.0,-1.0,-1.0,-1.0,12.0,4.0,2.0,否,4G,否,0.0,是,0.0,0.0,276.0,0.0,苹果,A2223,18.0,276.0,18.0,373.0,0.0,5245114.0,0.0,否,三星,-1.0,-1.0,-1.0,-1.0,-1
1052,1.0,1.0,1.0,-1.0,-1.0,1.0,-1.0,1.0,1.0,1.0,1.0,-1.0,-1.0,1.0,6.0,12.0,1.0,否,4G,否,0.0,是,0.0,0.0,230.0,0.0,苹果,iPhone 7Plus A1661,92.05,230.0,89.0,47.0,0.0,2590128.0,0.0,否,三星,-1.0,-1.0,-1.0,-1.0,-1
1053,1.0,1.0,1.0,-1.0,1.0,1.0,1.0,-1.0,1.0,-1.0,1.0,1.0,-1.0,1.0,12.0,0.0,0.0,否,4G,否,0.0,是,0.0,0.0,180.0,0.0,苹果,iPhone X A1865,25.0,180.0,25.0,138.0,0.0,6342358.0,0.0,否,一星,1.0,-1.0,-1.0,-1.0,-1
1054,2.0,-1.0,-1.0,-1.0,-1.0,-1.0,-1.0,-1.0,-1.0,-1.0,-1.0,-1.0,-1.0,-1.0,21.0,0.0,0.0,否,4G,否,0.0,是,0.0,0.0,165.0,0.0,华为,BLA-AL00,145.0,165.0,145.0,137.0,0.0,710764.0,0.0,否,银卡,-1.0,-1.0,-1.0,-1.0,-1
1055,2.0,-1.0,-1.0,-1.0,-1.0,-1.0,-1.0,-1.0,-1.0,-1.0,-1.0,-1.0,-1.0,-1.0,10.0,15.0,2.0,否,4G,否,143.89,是,30.0,0.0,341.0,0.0,苹果,iPhone 7Plus A1661,188.36,341.0,132.28,103.0,0.0,50364233.0,0.0,否,三星,-1.0,-1.0,-1.0,-1.0,-1
1056,2.0,-1.0,-1.0,-1.0,-1.0,-1.0,-1.0,-1.0,-1.0,-1.0,-1.0,-1.0,-1.0,-1.0,4.0,1.0,1.0,否,5G,否,0.0,是,0.0,0.0,290.0,0.0,华为,NOH-AN00,80.0,290.0,80.0,78.0,0.0,13983135.0,0.0,是,三星,-1.0,-1.0,-1.0,-1.0,-1
1057,1.0,-1.0,-1.0,-1.0,1.0,-1.0,1.0,-1.0,1.0,-1.0,-1.0,-1.0,-1.0,-1.0,5.0,0.0,0.0,否,4G,否,16.16,是,13.0,0.0,231.0,0.0,华为,LLD-AL30,65.0,231.0,65.0,291.0,0.00415209611242599,7326420.0,30420.0,否,二星,-1.0,-1.0,-1.0,-1.0,-1
1058,1.0,1.0,1.0,-1.0,-1.0,1.0,1.0,-1.0,1.0,-1.0,1.0,-1.0,-1.0,1.0,24.0,3.0,1.0,否,5G,否,0.0,是,0.0,0.0,597.0,0.0,华为,HJC-AN90,55.0,597.0,65.0,355.0,0.0,22250028.0,0.0,是,三星,-1.0,-1.0,-1.0,-1.0,-1
1059,2.0,-1.0,-1.0,-1.0,-1.0,-1.0,-1.0,-1.0,-1.0,-1.0,-1.0,-1.0,-1.0,-1.0,4.0,7.0,0.0,否,4G,否,122.77,是,37.0,0.0,133.0,0.0,华为,ELE-AL00,62.4,133.0,54.8,81.0,0.0,33473981.0,0.0,否,二星,-1.0,-1.0,-1.0,-1.0,-1
1060,1.0,-1.0,-1.0,-1.0,-1.0,1.0,-1.0,-1.0,-1.0,-1.0,-1.0,-1.0,-1.0,1.0,1.0,14.0,1.0,否,4G,否,0.0,是,0.0,0.0,183.0,0.0,苹果,A2223,158.0,183.0,111.0,181.0,0.0,7611458.0,0.0,否,银卡,-1.0,-1.0,-1.0,-1.0,-1
1061,1.0,-1.0,-1.0,-1.0,-1.0,1.0,1.0,-1.0,-1.0,-1.0,-1.0,1.0,-1.0,1.0,0.0,1.0,0.0,否,4G,否,385.95,是,92.03,0.0,178.0,0.0,华为,LIO-AL00,151.23,178.0,89.0,216.0,0.0,7403699.0,0.0,否,三星,-1.0,-1.0,-1.0,-1.0,-1
1062,2.0,-1.0,-1.0,-1.0,-1.0,-1.0,-1.0,-1.0,-1.0,-1.0,-1.0,-1.0,-1.0,-1.0,4.0,27.0,6.0,否,4G,否,0.0,是,0.0,0.0,1011.0,0.0,华为,VTR-AL00,132.25,1011.0,118.0,627.0,0.0,7685796.0,0.0,否,银卡,-1.0,-1.0,-1.0,-1.0,-1
1063,2.0,-1.0,-1.0,-1.0,-1.0,-1.0,-1.0,-1.0,-1.0,-1.0,-1.0,-1.0,-1.0,-1.0,61.0,13.0,0.0,否,4G,否,0.0,是,0.0,0.0,182.0,0.0,华为,LIO-AN00,160.0,182.0,160.0,105.0,0.0,22642723.0,0.0,否,银卡,-1.0,-1.0,-1.0,-1.0,-1
1064,1.0,1.0,-1.0,-1.0,-1.0,-1.0,-1.0,-1.0,-1.0,-1.0,1.0,-1.0,-1.0,-1.0,7.0,3.0,0.0,否,4G,否,0.0,是,0.0,0.0,158.0,0.0,苹果,A2223,61.1,158.0,61.1,152.0,0.0,6449565.0,0.0,否,三星,-1.0,-1.0,-1.0,-1.0,-1
1065,2.0,-1.0,-1.0,-1.0,-1.0,-1.0,-1.0,-1.0,-1.0,-1.0,-1.0,-1.0,-1.0,-1.0,5.0,4.0,0.0,否,4G,否,0.0,是,0.0,0.0,168.0,0.0,华为,ELE-AL00,21.0,168.0,21.0,186.0,0.0,60366609.0,0.0,否,二星,-1.0,-1.0,-1.0,-1.0,-1
1066,2.0,-1.0,-1.0,-1.0,-1.0,-1.0,-1.0,-1.0,-1.0,-1.0,-1.0,-1.0,-1.0,-1.0,0.0,5.0,0.0,否,5G,否,0.0,是,0.0,0.0,383.0,0.0,华为,NTH-AN00,142.0,383.0,140.0,187.0,0.0,31269346.0,0.0,是,金卡,-1.0,-1.0,-1.0,-1.0,-1
1067,2.0,-1.0,-1.0,-1.0,-1.0,-1.0,-1.0,-1.0,-1.0,-1.0,-1.0,-1.0,-1.0,-1.0,2.0,7.0,0.0,否,4G,否,0.0,是,0.0,0.0,353.0,0.0,苹果,A2223,65.0,353.0,65.0,224.0,0.0,17934501.0,0.0,否,二星,-1.0,-1.0,-1.0,-1.0,-1
1068,1.0,1.0,1.0,1.0,-1.0,-1.0,-1.0,-1.0,-1.0,1.0,1.0,1.0,1.0,1.0,1.0,3.0,3.0,否,5G,否,0.0,是,0.0,0.0,234.0,0.0,苹果,A2639,70.0,234.0,70.0,474.0,0.0,3801393.0,0.0,是,三星,-1.0,-1.0,-1.0,-1.0,-1
1069,1.0,1.0,1.0,-1.0,-1.0,-1.0,-1.0,-1.0,-1.0,-1.0,-1.0,-1.0,-1.0,1.0,77.0,13.0,0.0,否,4G,否,452.69,是,72.0,0.0,211.0,0.0,华为,ANA-AN00,95.3,211.0,60.9,129.0,0.0,95199974.0,0.0,否,二星,-1.0,-1.0,-1.0,-1.0,-1
1070,2.0,-1.0,-1.0,-1.0,-1.0,-1.0,-1.0,-1.0,-1.0,-1.0,-1.0,-1.0,-1.0,-1.0,0.0,1.0,0.0,否,5G,否,0.0,是,0.0,0.0,252.0,0.0,小米科技,M2011K2C,38.1,252.0,38.9,181.0,0.0,29801112.0,0.0,是,二星,-1.0,-1.0,-1.0,-1.0,-1
1071,1.0,1.0,-1.0,1.0,1.0,1.0,-1.0,-1.0,1.0,-1.0,1.0,1.0,-1.0,1.0,16.0,34.0,4.0,否,4G,否,0.0,是,0.0,0.0,1501.0,0.0,苹果,A2223,70.0,1501.0,70.0,284.0,0.0,2973561.0,0.0,否,三星,-1.0,-1.0,-1.0,-1.0,-1
1072,1.0,-1.0,-1.0,-1.0,-1.0,-1.0,1.0,1.0,1.0,-1.0,-1.0,1.0,-1.0,-1.0,0.0,0.0,4.0,否,5G,否,0.0,是,0.0,0.0,233.0,0.0,苹果,A2644,87.1,233.0,77.0,275.0,0.0,30949780.0,0.0,是,三星,-1.0,-1.0,-1.0,-1.0,-1
1073,2.0,-1.0,-1.0,-1.0,-1.0,-1.0,-1.0,-1.0,-1.0,-1.0,-1.0,-1.0,-1.0,-1.0,10.0,15.0,0.0,否,5G,否,0.0,是,0.0,0.0,307.0,0.0,步步高,V2073A,7.1,307.0,66.77,104.0,0.0,13981503.0,0.0,是,三星,-1.0,-1.0,-1.0,-1.0,-1
1074,1.0,1.0,-1.0,-1.0,-1.0,1.0,-1.0,-1.0,1.0,-1.0,1.0,-1.0,-1.0,1.0,7.0,3.0,0.0,否,4G,否,0.0,是,0.0,0.0,353.0,0.0,华为,PAR-AL00,35.2,353.0,23.32,69.0,0.0,1630274.0,0.0,否,一星,-1.0,-1.0,-1.0,-1.0,-1
1075,1.0,-1.0,-1.0,-1.0,-1.0,1.0,-1.0,1.0,-1.0,-1.0,1.0,-1.0,-1.0,1.0,0.0,14.0,0.0,否,4G,否,482.7,是,120.0,0.0,465.0,0.0,苹果,A2223,179.0,465.0,39.0,53.0,0.0,37781355.0,0.0,否,三星,-1.0,-1.0,-1.0,-1.0,-1
1076,2.0,-1.0,-1.0,-1.0,-1.0,-1.0,-1.0,-1.0,-1.0,-1.0,-1.0,-1.0,-1.0,-1.0,5.0,13.0,8.0,否,4G,否,0.0,是,0.0,0.0,201.0,0.0,苹果,iPhone 6S PLUS A1699,19.0,201.0,19.0,100.0,0.0,437726.0,0.0,否,三星,-1.0,-1.0,-1.0,-1.0,-1
1077,1.0,1.0,-1.0,-1.0,-1.0,-1.0,-1.0,-1.0,-1.0,-1.0,1.0,1.0,-1.0,1.0,6.0,0.0,0.0,否,4G,否,0.0,是,0.0,0.0,127.0,0.0,苹果,iPhone X A1865,30.0,127.0,28.0,33.0,0.0,11039526.0,0.0,否,二星,-1.0,-1.0,-1.0,-1.0,-1
1078,2.0,-1.0,-1.0,-1.0,-1.0,-1.0,-1.0,-1.0,-1.0,-1.0,-1.0,-1.0,-1.0,-1.0,19.0,24.0,2.0,否,5G,否,0.0,是,0.0,0.0,351.0,0.0,苹果,A2408,65.0,351.0,65.0,266.0,0.0,11885308.0,0.0,是,三星,-1.0,-1.0,-1.0,-1.0,-1
1079,1.0,1.0,-1.0,-1.0,-1.0,1.0,-1.0,-1.0,1.0,-1.0,-1.0,-1.0,-1.0,1.0,12.0,2.0,4.0,否,5G,否,0.0,是,0.0,0.0,920.0,0.0,华为,ANA-AN00,90.0,920.0,88.0,664.0,0.0,13508047.0,0.0,是,三星,-1.0,-1.0,-1.0,-1.0,-1
1080,2.0,-1.0,-1.0,-1.0,-1.0,-1.0,-1.0,-1.0,-1.0,-1.0,-1.0,-1.0,-1.0,-1.0,0.0,1.0,0.0,否,4G,否,0.0,是,0.0,0.0,135.0,0.0,华为,LRA-AL00,108.0,135.0,113.13,217.0,0.0,12074278.0,0.0,否,银卡,-1.0,-1.0,-1.0,-1.0,-1
1081,2.0,-1.0,-1.0,-1.0,-1.0,-1.0,-1.0,-1.0,-1.0,-1.0,-1.0,-1.0,-1.0,-1.0,25.0,12.0,5.0,否,4G,否,0.0,是,0.0,0.0,511.0,0.0,华为,KOZ-AL00,105.0,511.0,105.0,67.0,0.0,58771126.0,0.0,否,银卡,-1.0,-1.0,-1.0,-1.0,-1
1082,2.0,-1.0,-1.0,-1.0,-1.0,-1.0,-1.0,-1.0,-1.0,-1.0,-1.0,-1.0,-1.0,-1.0,0.0,15.0,0.0,否,4G,是,62.5,是,18.27,0.0,210.0,0.0,华为,ANA-AN00,18.27,210.0,10.0,146.0,0.0,1111160.0,0.0,否,三星,-1.0,-1.0,-1.0,-1.0,-1
1083,2.0,-1.0,-1.0,-1.0,-1.0,-1.0,-1.0,-1.0,-1.0,-1.0,-1.0,-1.0,-1.0,-1.0,7.0,19.0,1.0,否,4G,否,0.0,是,0.0,0.0,212.0,0.0,苹果,A2100,112.1,212.0,112.2,187.0,0.0,2931820.0,0.0,否,银卡,-1.0,-1.0,-1.0,-1.0,-1
1084,2.0,-1.0,-1.0,-1.0,-1.0,-1.0,-1.0,-1.0,-1.0,-1.0,-1.0,-1.0,-1.0,-1.0,0.0,4.0,2.0,否,4G,否,0.0,是,0.0,0.0,181.0,0.0,华为,CHL-AL60,60.2,181.0,60.0,24.0,0.0,2087514.0,0.0,否,三星,-1.0,-1.0,-1.0,-1.0,-1
1085,2.0,-1.0,-1.0,-1.0,-1.0,-1.0,-1.0,-1.0,-1.0,-1.0,-1.0,-1.0,-1.0,-1.0,5.0,5.0,0.0,否,4G,否,0.0,是,0.0,0.0,175.0,0.0,华为,FLA-AL10,8.3,175.0,8.1,110.0,0.0,10365217.0,0.0,否,三星,-1.0,-1.0,-1.0,-1.0,-1
1086,1.0,1.0,-1.0,-1.0,-1.0,1.0,1.0,1.0,1.0,-1.0,-1.0,1.0,-1.0,1.0,65.0,73.0,3.0,否,4G,否,0.0,是,0.0,0.0,1488.0,0.0,苹果,A2100,120.0,1488.0,120.0,1109.0,0.0,20071122.0,0.0,否,银卡,-1.0,-1.0,-1.0,-1.0,-1
1087,1.0,1.0,-1.0,-1.0,-1.0,1.0,-1.0,-1.0,1.0,1.0,1.0,1.0,-1.0,1.0,59.0,5.0,5.0,否,5G,是,0.0,是,0.0,0.0,167.0,0.0,苹果,A2408,136.0,167.0,136.0,70.0,0.0,5105038.0,0.0,是,银卡,-1.0,-1.0,-1.0,-1.0,-1
1088,1.0,1.0,-1.0,-1.0,-1.0,-1.0,-1.0,-1.0,-1.0,-1.0,-1.0,1.0,-1.0,-1.0,4.0,11.0,3.0,否,4G,否,0.0,是,0.0,0.0,417.0,0.0,华为,PCT-AL10,50.0,417.0,50.0,180.0,0.0,3327237.0,0.0,否,三星,-1.0,-1.0,-1.0,-1.0,-1
1089,2.0,-1.0,-1.0,-1.0,-1.0,-1.0,-1.0,-1.0,-1.0,-1.0,-1.0,-1.0,-1.0,-1.0,1.0,5.0,0.0,否,4G,是,0.0,是,0.0,0.0,297.0,0.0,华为,DUK-AL20,8.0,297.0,8.0,135.0,0.0,385469.0,0.0,否,二星,-1.0,-1.0,-1.0,-1.0,-1
1090,2.0,-1.0,-1.0,-1.0,-1.0,-1.0,-1.0,-1.0,-1.0,-1.0,-1.0,-1.0,-1.0,-1.0,34.0,0.0,0.0,否,4G,否,0.0,是,0.0,0.0,1103.0,0.0,华为,YAL-AL00,60.0,1103.0,60.0,776.0,0.0,21267802.0,0.0,否,三星,-1.0,-1.0,-1.0,-1.0,-1
1091,1.0,-1.0,1.0,-1.0,1.0,1.0,1.0,1.0,1.0,1.0,1.0,1.0,1.0,-1.0,77.0,23.0,4.0,否,4G,是,0.0,是,0.0,0.0,727.0,0.0,华为,LYA-AL00,130.0,727.0,130.0,388.0,0.0,21560602.0,0.0,否,银卡,-1.0,-1.0,-1.0,-1.0,-1
1092,2.0,-1.0,-1.0,-1.0,-1.0,-1.0,-1.0,-1.0,-1.0,-1.0,-1.0,-1.0,-1.0,-1.0,0.0,0.0,0.0,否,5G,否,0.0,是,0.0,0.0,1058.0,0.0,华为,ELS-AN00,52.72,1058.0,48.0,471.0,0.0,2771525.0,0.0,是,三星,-1.0,-1.0,-1.0,-1.0,-1
1093,1.0,1.0,1.0,-1.0,-1.0,1.0,-1.0,-1.0,-1.0,-1.0,1.0,1.0,-1.0,1.0,10.0,26.0,1.0,否,4G,否,345.5,是,10.0,0.0,437.0,0.0,华为,STK-AL00,150.0,437.0,167.74,361.0,0.0,58956276.0,0.0,否,银卡,-1.0,-1.0,-1.0,-1.0,-1
1094,1.0,1.0,-1.0,-1.0,-1.0,-1.0,-1.0,-1.0,1.0,-1.0,-1.0,-1.0,-1.0,1.0,141.0,21.0,2.0,否,4G,否,0.0,是,0.0,0.0,218.0,0.0,小米科技,M1810E5E,35.0,218.0,35.0,162.0,0.0,7412384.0,0.0,否,三星,-1.0,-1.0,-1.0,-1.0,-1
1095,1.0,1.0,-1.0,-1.0,-1.0,-1.0,-1.0,-1.0,-1.0,-1.0,-1.0,1.0,-1.0,1.0,0.0,1.0,1.0,否,5G,否,0.0,是,0.0,0.0,5499.0,0.0,华为,CDY-TN00,350.0,5499.0,350.0,135.0,0.0,55937036.0,0.0,是,白金卡,-1.0,-1.0,-1.0,-1.0,-1
1096,1.0,1.0,1.0,-1.0,-1.0,-1.0,-1.0,-1.0,-1.0,-1.0,-1.0,1.0,-1.0,1.0,20.0,21.0,8.0,否,4G,否,2.65,是,1.45,0.0,440.0,0.0,华为,VOG-AL10,53.75,440.0,65.0,236.0,0.0,2008284.0,0.0,否,三星,-1.0,-1.0,-1.0,-1.0,-1
1097,2.0,-1.0,-1.0,-1.0,-1.0,-1.0,-1.0,-1.0,-1.0,-1.0,-1.0,-1.0,-1.0,-1.0,16.0,0.0,0.0,否,4G,否,0.0,是,0.0,0.0,137.0,0.0,华为,YAL-AL00,33.82,137.0,34.64,82.0,0.00038694491991094,4801717.0,1858.0,否,三星,-1.0,-1.0,-1.0,-1.0,-1
1098,1.0,1.0,-1.0,-1.0,-1.0,-1.0,-1.0,-1.0,-1.0,-1.0,-1.0,-1.0,-1.0,1.0,30.0,3.0,5.0,否,5G,否,1212.88,是,120.0,0.0,121.0,0.0,欧珀,PERM00,198.0,121.0,48.0,212.0,0.0,53930957.0,0.0,是,三星,-1.0,-1.0,-1.0,-1.0,-1
1099,1.0,-1.0,-1.0,-1.0,-1.0,1.0,-1.0,-1.0,-1.0,-1.0,-1.0,1.0,1.0,-1.0,3.0,7.0,3.0,否,5G,否,0.0,是,0.0,0.0,291.0,0.0,华为,BMH-AN10,27.0,291.0,30.65,254.0,0.0,5024114.0,0.0,是,三星,-1.0,-1.0,-1.0,-1.0,-1
1100,1.0,1.0,1.0,-1.0,1.0,1.0,-1.0,1.0,1.0,1.0,1.0,1.0,-1.0,1.0,12.0,10.0,0.0,否,4G,是,0.0,是,0.0,0.0,182.0,0.0,苹果,iPhone 8 A1907,35.0,182.0,35.0,72.0,0.0,15952073.0,0.0,否,三星,-1.0,-1.0,-1.0,-1.0,-1
1101,2.0,-1.0,-1.0,-1.0,-1.0,-1.0,-1.0,-1.0,-1.0,-1.0,-1.0,-1.0,-1.0,-1.0,2.0,34.0,5.0,否,4G,否,0.0,是,0.0,0.0,532.0,0.0,小米科技,M2006J10C,38.75,532.0,38.0,1233.0,0.0,305606.0,0.0,否,二星,-1.0,-1.0,-1.0,-1.0,-1
1102,1.0,1.0,-1.0,-1.0,-1.0,-1.0,-1.0,-1.0,-1.0,1.0,1.0,-1.0,-1.0,-1.0,28.0,11.0,3.0,否,4G,否,181.35,是,35.0,0.0,195.0,0.0,苹果,A2404,75.5,195.0,0.0,0.0,0.0,21057111.0,0.0,否,未评级,-1.0,-1.0,-1.0,-1.0,-1
1103,2.0,-1.0,-1.0,-1.0,-1.0,-1.0,-1.0,-1.0,-1.0,-1.0,-1.0,-1.0,-1.0,-1.0,11.0,6.0,0.0,否,4G,否,0.0,是,0.0,0.0,159.0,0.0,苹果,A2412,54.0,159.0,54.0,65.0,0.0,4635524.0,0.0,否,三星,-1.0,-1.0,-1.0,-1.0,-1
1104,1.0,-1.0,-1.0,-1.0,-1.0,-1.0,1.0,-1.0,-1.0,-1.0,-1.0,-1.0,-1.0,1.0,13.0,12.0,5.0,否,4G,否,0.0,是,0.0,0.0,578.0,0.0,欧珀,OPPO R9sk,37.32,578.0,72.12,839.0,0.0,6276324.0,0.0,否,三星,-1.0,-1.0,-1.0,-1.0,-1
1105,1.0,1.0,1.0,-1.0,-1.0,1.0,-1.0,-1.0,1.0,1.0,1.0,1.0,-1.0,1.0,10.0,24.0,1.0,否,4G,否,0.0,是,0.0,0.0,298.0,0.0,苹果,A2644,9.7,298.0,12.25,135.0,0.0,160612.0,0.0,否,三星,-1.0,-1.0,-1.0,-1.0,-1
1106,1.0,-1.0,-1.0,-1.0,-1.0,1.0,-1.0,1.0,-1.0,-1.0,-1.0,1.0,-1.0,1.0,8.0,7.0,1.0,否,4G,否,0.0,是,0.0,0.0,419.0,0.0,华为,LIO-AL00,25.0,419.0,55.0,298.0,0.0,2684905.0,0.0,否,三星,-1.0,-1.0,-1.0,-1.0,-1
1107,2.0,-1.0,-1.0,-1.0,-1.0,-1.0,-1.0,-1.0,-1.0,-1.0,-1.0,-1.0,-1.0,-1.0,16.0,10.0,3.0,否,4G,否,0.0,是,0.0,0.0,487.0,0.0,华为,EML-AL00,40.15,487.0,81.2,580.0,0.0,5846028.0,0.0,否,三星,-1.0,-1.0,-1.0,-1.0,-1
1108,1.0,-1.0,-1.0,-1.0,-1.0,-1.0,-1.0,-1.0,1.0,-1.0,-1.0,-1.0,-1.0,-1.0,12.0,16.0,6.0,否,4G,否,0.0,是,0.0,0.0,350.0,0.0,华为,ANA-AN00,125.2,350.0,126.5,190.0,0.0,7705991.0,0.0,否,银卡,-1.0,-1.0,-1.0,1.0,-1
1109,2.0,-1.0,-1.0,-1.0,-1.0,-1.0,-1.0,-1.0,-1.0,-1.0,-1.0,-1.0,-1.0,-1.0,15.0,6.0,1.0,否,5G,否,0.0,是,0.0,0.0,140.0,0.0,苹果,A2639,60.0,140.0,59.0,88.0,0.0,9369974.0,0.0,是,三星,-1.0,-1.0,-1.0,-1.0,-1
1110,1.0,1.0,1.0,-1.0,1.0,1.0,1.0,1.0,1.0,1.0,1.0,1.0,-1.0,1.0,27.0,22.0,2.0,否,4G,否,0.0,是,0.0,0.0,244.0,0.0,苹果,A2223,39.38,244.0,39.0,172.0,0.0,14651816.0,0.0,否,三星,-1.0,-1.0,-1.0,-1.0,-1
1111,1.0,1.0,1.0,-1.0,-1.0,1.0,-1.0,1.0,1.0,1.0,-1.0,1.0,1.0,1.0,2.0,16.0,1.0,否,5G,否,0.0,是,0.0,0.0,402.0,0.0,苹果,A2408,57.0,402.0,34.0,111.0,0.0,6597654.0,0.0,是,三星,-1.0,-1.0,-1.0,-1.0,-1
1112,2.0,-1.0,-1.0,-1.0,-1.0,-1.0,-1.0,-1.0,-1.0,-1.0,-1.0,-1.0,-1.0,-1.0,0.0,9.0,0.0,否,4G,否,0.0,是,0.0,0.0,292.0,0.0,小米科技,M2101K9C,85.0,292.0,85.0,161.0,0.0,63203452.0,0.0,否,三星,-1.0,-1.0,-1.0,-1.0,-1
1113,1.0,-1.0,-1.0,-1.0,1.0,1.0,-1.0,1.0,-1.0,1.0,1.0,1.0,1.0,1.0,0.0,23.0,1.0,否,4G,否,0.0,是,0.0,0.0,678.0,0.0,苹果,iPhone 8 Plus A1864,100.0,678.0,100.0,272.0,0.0,5823909.0,0.0,否,三星,-1.0,-1.0,-1.0,-1.0,-1
1114,1.0,1.0,-1.0,-1.0,-1.0,-1.0,-1.0,-1.0,-1.0,-1.0,-1.0,1.0,-1.0,-1.0,12.0,12.0,9.0,否,4G,否,0.0,是,0.0,0.0,633.0,0.0,华为,PCT-AL10,26.0,633.0,26.0,287.0,0.0,6566729.0,0.0,否,三星,-1.0,-1.0,-1.0,-1.0,-1
1115,1.0,1.0,-1.0,-1.0,-1.0,-1.0,-1.0,-1.0,1.0,-1.0,-1.0,-1.0,-1.0,-1.0,10.0,0.0,1.0,否,5G,是,0.0,是,0.0,0.0,251.0,0.0,小米科技,M2001G7AE,50.85,251.0,50.0,94.0,0.0,25840342.0,0.0,是,三星,-1.0,-1.0,-1.0,-1.0,-1
1116,1.0,1.0,1.0,-1.0,-1.0,-1.0,1.0,1.0,1.0,1.0,1.0,1.0,1.0,1.0,58.0,2.0,0.0,否,4G,否,0.0,是,0.0,0.0,231.0,0.0,华为,ELE-AL00,29.24,231.0,28.0,80.0,0.0,32453871.0,0.0,否,二星,-1.0,-1.0,-1.0,-1.0,-1
1117,1.0,-1.0,1.0,-1.0,-1.0,-1.0,1.0,-1.0,1.0,-1.0,1.0,1.0,-1.0,1.0,17.0,5.0,10.0,否,5G,是,0.0,是,0.0,0.0,319.0,0.0,步步高,V1981A,60.0,319.0,60.0,274.0,0.0,23121513.0,0.0,是,二星,-1.0,-1.0,-1.0,-1.0,-1
1118,2.0,-1.0,-1.0,-1.0,-1.0,-1.0,-1.0,-1.0,-1.0,-1.0,-1.0,-1.0,-1.0,-1.0,1.0,0.0,0.0,否,5G,否,0.0,是,0.0,0.0,155.0,0.0,小米科技,M2007J17C,107.0,155.0,107.0,220.0,0.0,20582937.0,0.0,是,三星,-1.0,-1.0,-1.0,-1.0,-1
1119,1.0,1.0,1.0,-1.0,-1.0,-1.0,-1.0,-1.0,-1.0,-1.0,-1.0,1.0,-1.0,1.0,6.0,0.0,0.0,否,5G,否,0.0,是,0.0,0.0,531.0,0.0,华为,EBG-AN10,132.0,531.0,132.0,384.0,0.0,17066316.0,0.0,是,银卡,-1.0,-1.0,-1.0,-1.0,-1
1120,2.0,-1.0,-1.0,-1.0,-1.0,-1.0,-1.0,-1.0,-1.0,-1.0,-1.0,-1.0,-1.0,-1.0,8.0,28.0,3.0,否,5G,否,0.0,是,0.0,0.0,1161.0,0.0,华为,BMH-AN10,135.0,1161.0,135.0,1520.0,0.0,9970902.0,0.0,是,银卡,-1.0,-1.0,-1.0,-1.0,-1
1121,1.0,-1.0,1.0,-1.0,-1.0,-1.0,-1.0,-1.0,1.0,-1.0,-1.0,-1.0,-1.0,-1.0,1.0,25.0,12.0,否,4G,否,0.0,是,0.0,0.0,672.0,0.0,华为,HLK-AL00,97.5,672.0,88.0,322.0,0.0,28880583.0,0.0,否,三星,-1.0,-1.0,-1.0,-1.0,-1
1122,1.0,-1.0,-1.0,-1.0,-1.0,1.0,-1.0,-1.0,1.0,-1.0,-1.0,-1.0,-1.0,1.0,4.0,4.0,0.0,否,4G,否,0.0,是,0.0,0.0,859.0,0.0,华为,LLD-AL10,11.0,859.0,12.45,7.0,0.0,1126235.0,0.0,否,三星,-1.0,-1.0,-1.0,-1.0,-1
1123,1.0,-1.0,1.0,-1.0,-1.0,-1.0,-1.0,-1.0,-1.0,-1.0,-1.0,-1.0,-1.0,1.0,1.0,1.0,8.0,否,5G,否,0.0,是,0.0,0.0,1065.0,0.0,华为,BRQ-AN00,255.0,1065.0,255.0,573.0,0.0,31884600.0,0.0,是,金卡,-1.0,-1.0,-1.0,-1.0,-1
1124,1.0,1.0,1.0,-1.0,-1.0,1.0,-1.0,1.0,1.0,1.0,-1.0,1.0,-1.0,1.0,11.0,28.0,1.0,否,5G,否,0.0,是,0.0,0.0,494.0,0.0,苹果,A2408,35.46,494.0,42.24,355.0,4.80658059856218e-05,4618668.0,222.0,是,三星,-1.0,-1.0,-1.0,-1.0,-1
1125,1.0,1.0,-1.0,-1.0,-1.0,-1.0,1.0,-1.0,-1.0,1.0,-1.0,1.0,-1.0,1.0,3.0,8.0,1.0,否,4G,否,0.0,是,0.0,0.0,245.0,0.0,华为,EVR-AL00,138.0,245.0,138.3,66.0,0.0,15953327.0,0.0,否,银卡,-1.0,-1.0,-1.0,-1.0,-1
1126,2.0,-1.0,-1.0,-1.0,-1.0,-1.0,-1.0,-1.0,-1.0,-1.0,-1.0,-1.0,-1.0,-1.0,63.0,18.0,17.0,否,5G,否,0.0,是,0.0,0.0,601.0,0.0,华为,NTH-AN00,388.0,601.0,388.0,196.0,0.0,37000494.0,0.0,是,白金卡,-1.0,-1.0,-1.0,-1.0,-1
1127,2.0,-1.0,-1.0,-1.0,-1.0,-1.0,-1.0,-1.0,-1.0,-1.0,-1.0,-1.0,-1.0,-1.0,10.0,26.0,1.0,否,4G,否,0.0,是,0.0,0.0,150.0,0.0,小米科技,M2012K11AC,90.0,150.0,68.0,65.0,0.0,49543.0,0.0,否,银卡,-1.0,-1.0,-1.0,-1.0,-1
1128,2.0,-1.0,-1.0,-1.0,-1.0,-1.0,-1.0,-1.0,-1.0,-1.0,-1.0,-1.0,-1.0,-1.0,4.0,8.0,0.0,否,4G,否,0.0,是,0.0,0.0,288.0,0.0,苹果,A2111,19.0,288.0,19.0,262.0,0.0,1258206.0,0.0,否,三星,-1.0,-1.0,-1.0,-1.0,-1
1129,1.0,1.0,-1.0,-1.0,-1.0,-1.0,-1.0,-1.0,-1.0,1.0,-1.0,-1.0,-1.0,-1.0,1.0,14.0,1.0,否,4G,否,9.68,是,2.03,0.0,279.0,0.0,华为,ALP-AL00,51.13,279.0,49.0,486.0,0.0,21064096.0,0.0,否,三星,-1.0,-1.0,-1.0,-1.0,-1
1130,1.0,1.0,1.0,-1.0,-1.0,-1.0,-1.0,-1.0,1.0,-1.0,-1.0,1.0,-1.0,-1.0,5.0,31.0,9.0,否,5G,否,0.0,是,0.0,0.0,772.0,0.0,苹果,A2644,151.59,772.0,141.0,469.0,0.0,20942451.0,0.0,是,三星,-1.0,-1.0,-1.0,-1.0,-1
1131,1.0,1.0,-1.0,-1.0,-1.0,-1.0,-1.0,-1.0,1.0,1.0,1.0,1.0,-1.0,-1.0,13.0,49.0,0.0,否,5G,否,0.0,是,0.0,0.0,522.0,0.0,苹果,A2408,105.1,522.0,105.0,314.0,0.0,5804409.0,0.0,是,三星,-1.0,-1.0,-1.0,-1.0,-1
1132,1.0,-1.0,-1.0,-1.0,-1.0,1.0,-1.0,-1.0,-1.0,-1.0,-1.0,1.0,-1.0,1.0,85.0,2.0,0.0,否,2G,否,0.0,否,0.0,0.0,127.0,0.0,华为,VTR-AL00,18.0,127.0,18.1,82.0,0.0,161.0,0.0,否,三星,-1.0,-1.0,-1.0,-1.0,-1
1133,2.0,-1.0,-1.0,-1.0,-1.0,-1.0,-1.0,-1.0,-1.0,-1.0,-1.0,-1.0,-1.0,-1.0,2.0,5.0,0.0,否,5G,否,0.0,是,0.0,0.0,155.0,0.0,小米科技,M2007J17C,18.0,155.0,18.15,143.0,0.0,5837454.0,0.0,是,三星,-1.0,-1.0,-1.0,-1.0,-1
1134,1.0,1.0,1.0,-1.0,-1.0,-1.0,-1.0,-1.0,1.0,-1.0,1.0,-1.0,-1.0,1.0,24.0,33.0,1.0,否,4G,否,0.0,是,0.0,0.0,204.0,0.0,华为,HUAWEI NXT-AL10,89.0,204.0,89.0,142.0,0.0,19154373.0,0.0,否,三星,-1.0,-1.0,-1.0,-1.0,-1
1135,2.0,-1.0,-1.0,-1.0,-1.0,-1.0,-1.0,-1.0,-1.0,-1.0,-1.0,-1.0,-1.0,-1.0,18.0,8.0,0.0,否,4G,否,0.0,是,0.0,0.0,196.0,0.0,苹果,A2104,108.1,196.0,108.0,267.0,0.0,20434394.0,0.0,否,三星,-1.0,-1.0,-1.0,-1.0,-1
1136,2.0,-1.0,-1.0,-1.0,-1.0,-1.0,-1.0,-1.0,-1.0,-1.0,-1.0,-1.0,-1.0,-1.0,0.0,3.0,0.0,否,4G,否,0.0,是,0.0,0.0,141.0,0.0,小米科技,M1804E4A,27.4,141.0,28.48,147.0,0.0,5829644.0,0.0,否,三星,-1.0,-1.0,-1.0,-1.0,-1
1137,2.0,-1.0,-1.0,-1.0,-1.0,-1.0,-1.0,-1.0,-1.0,-1.0,-1.0,-1.0,-1.0,-1.0,10.0,26.0,4.0,否,4G,否,0.0,是,0.0,0.0,823.0,0.0,欧珀,PADM00,55.0,823.0,55.0,317.0,0.0,4940471.0,0.0,否,三星,-1.0,-1.0,-1.0,-1.0,-1
1138,1.0,-1.0,-1.0,-1.0,-1.0,-1.0,1.0,-1.0,1.0,-1.0,-1.0,1.0,-1.0,1.0,0.0,0.0,0.0,否,4G,是,0.0,是,0.0,0.0,216.0,0.0,华为,ART-AL00x,80.0,216.0,97.29,1029.0,0.0,8583.0,0.0,否,三星,-1.0,-1.0,1.0,-1.0,-1
1139,2.0,-1.0,-1.0,-1.0,-1.0,-1.0,-1.0,-1.0,-1.0,-1.0,-1.0,-1.0,-1.0,-1.0,4.0,4.0,1.0,否,4G,否,0.0,是,0.0,0.0,177.0,0.0,苹果,iPhone 8 A1863,18.6,177.0,27.93,117.0,0.0,1262990.0,0.0,否,三星,-1.0,-1.0,-1.0,-1.0,-1
1140,2.0,-1.0,-1.0,-1.0,-1.0,-1.0,-1.0,-1.0,-1.0,-1.0,-1.0,-1.0,-1.0,-1.0,6.0,7.0,0.0,否,5G,否,0.0,是,0.0,0.0,157.0,0.0,苹果,A2634,40.14,157.0,39.0,96.0,0.0,18148888.0,0.0,是,二星,-1.0,-1.0,-1.0,-1.0,-1
1141,2.0,-1.0,-1.0,-1.0,-1.0,-1.0,-1.0,-1.0,-1.0,-1.0,-1.0,-1.0,-1.0,-1.0,33.0,19.0,0.0,否,4G,否,0.0,是,0.0,0.0,265.0,0.0,华为,HMA-AL00,25.0,265.0,21.0,129.0,4.3486876429459e-05,8715273.0,379.0,否,三星,-1.0,-1.0,-1.0,-1.0,-1
1142,1.0,1.0,-1.0,-1.0,-1.0,-1.0,-1.0,-1.0,1.0,-1.0,-1.0,1.0,-1.0,-1.0,7.0,18.0,1.0,否,4G,否,0.0,是,0.0,0.0,321.0,0.0,苹果,A2104,145.05,321.0,128.0,266.0,0.0,10317184.0,0.0,否,银卡,-1.0,-1.0,-1.0,-1.0,-1
1143,1.0,1.0,-1.0,-1.0,-1.0,-1.0,-1.0,-1.0,1.0,-1.0,-1.0,-1.0,-1.0,-1.0,41.0,98.0,5.0,是,4G,否,0.0,是,0.0,0.0,835.0,0.0,华为,CLT-AL01,89.1,835.0,89.0,452.0,0.0,9653928.0,0.0,否,三星,-1.0,-1.0,-1.0,-1.0,1
1144,2.0,-1.0,-1.0,-1.0,-1.0,-1.0,-1.0,-1.0,-1.0,-1.0,-1.0,-1.0,-1.0,-1.0,9.0,56.0,4.0,否,4G,否,0.0,是,0.0,0.0,1407.0,0.0,华为,COR-AL00,8.0,1407.0,9.0,1202.0,0.0,10123003.0,0.0,否,三星,-1.0,-1.0,-1.0,-1.0,-1
1145,1.0,-1.0,-1.0,-1.0,-1.0,-1.0,-1.0,1.0,1.0,-1.0,1.0,1.0,-1.0,-1.0,8.0,17.0,1.0,否,4G,否,0.0,是,0.0,0.0457516339869281,153.0,7.0,苹果,iPhone 7 A1660,30.0,153.0,30.3,156.0,0.136717463202535,2592434.0,354431.0,否,三星,-1.0,-1.0,-1.0,-1.0,-1
1146,2.0,-1.0,-1.0,-1.0,-1.0,-1.0,-1.0,-1.0,-1.0,-1.0,-1.0,-1.0,-1.0,-1.0,13.0,37.0,4.0,否,4G,否,0.0,是,0.0,0.0,620.0,0.0,华为,JAD-AL50,215.0,620.0,215.0,591.0,0.0,17920412.0,0.0,否,金卡,-1.0,-1.0,-1.0,-1.0,-1
1147,2.0,-1.0,-1.0,-1.0,-1.0,-1.0,-1.0,-1.0,-1.0,-1.0,-1.0,-1.0,-1.0,-1.0,43.0,0.0,0.0,否,4G,否,0.0,是,0.0,0.0,187.0,0.0,小米科技,M1903F2A,150.1,187.0,150.0,38.0,1.980326525347e-07,50496723.0,10.0,否,银卡,-1.0,-1.0,-1.0,-1.0,-1
1148,1.0,1.0,-1.0,-1.0,1.0,1.0,-1.0,1.0,1.0,-1.0,1.0,1.0,-1.0,1.0,0.0,0.0,0.0,否,4G,否,0.0,是,0.0,0.125677139761647,923.0,116.0,华为,ELE-AL00,21.5,923.0,22.15,959.0,0.999280416251522,18066.0,18053.0,否,二星,-1.0,-1.0,-1.0,-1.0,-1
1149,1.0,1.0,1.0,-1.0,-1.0,1.0,-1.0,1.0,1.0,1.0,1.0,-1.0,-1.0,1.0,52.0,18.0,2.0,否,5G,是,0.0,是,0.0,0.0,1138.0,0.0,欧珀,PDKM00,99.0,1138.0,95.0,249.0,0.0,35522534.0,0.0,是,银卡,-1.0,-1.0,-1.0,-1.0,-1
1150,1.0,1.0,-1.0,-1.0,-1.0,-1.0,-1.0,-1.0,-1.0,-1.0,-1.0,1.0,-1.0,-1.0,33.0,29.0,2.0,是,4G,否,0.0,是,0.0,0.0,745.0,0.0,华为,VOG-AL10,115.3,745.0,111.1,390.0,0.0,31238372.0,0.0,否,银卡,-1.0,-1.0,-1.0,-1.0,-1
1151,1.0,1.0,-1.0,-1.0,-1.0,-1.0,-1.0,1.0,1.0,-1.0,-1.0,-1.0,-1.0,1.0,0.0,4.0,1.0,否,5G,否,0.0,是,0.0,0.0,161.0,0.0,步步高,V2178A,140.0,161.0,140.0,139.0,0.0,60313424.0,0.0,是,银卡,-1.0,-1.0,-1.0,-1.0,-1
1152,2.0,-1.0,-1.0,-1.0,-1.0,-1.0,-1.0,-1.0,-1.0,-1.0,-1.0,-1.0,-1.0,-1.0,5.0,14.0,1.0,否,4G,否,0.0,是,0.0,0.0,203.0,0.0,华为,ELE-AL00,60.0,203.0,60.0,398.0,0.0,1482843.0,0.0,否,三星,-1.0,-1.0,-1.0,-1.0,-1
1153,2.0,-1.0,-1.0,-1.0,-1.0,-1.0,-1.0,-1.0,-1.0,-1.0,-1.0,-1.0,-1.0,-1.0,38.0,72.0,6.0,否,5G,否,35.95,是,6.38,0.0,742.0,0.0,小米科技,M2002J9E,74.76,742.0,49.56,245.0,0.0,50233792.0,0.0,是,三星,-1.0,-1.0,-1.0,-1.0,-1
1154,1.0,1.0,1.0,-1.0,-1.0,1.0,-1.0,1.0,1.0,1.0,-1.0,-1.0,-1.0,1.0,0.0,52.0,1.0,否,4G,否,0.0,是,0.0,0.0,732.0,0.0,苹果,A2639,21.0,732.0,21.0,501.0,0.0,41833951.0,0.0,否,二星,-1.0,-1.0,-1.0,-1.0,-1
1155,1.0,1.0,-1.0,-1.0,-1.0,1.0,-1.0,-1.0,1.0,-1.0,1.0,-1.0,-1.0,1.0,7.0,0.0,3.0,否,5G,否,0.0,是,0.0,0.0,231.0,0.0,苹果,A2408,53.51,231.0,48.0,202.0,0.0,2913138.0,0.0,是,三星,-1.0,-1.0,-1.0,-1.0,-1
1156,1.0,-1.0,-1.0,-1.0,-1.0,-1.0,1.0,-1.0,-1.0,-1.0,1.0,1.0,-1.0,-1.0,0.0,0.0,0.0,否,4G,是,0.04,是,0.29,0.0,145.0,0.0,步步高,V1911A,5.29,145.0,10.68,90.0,0.0,40043.0,0.0,否,三星,-1.0,-1.0,-1.0,-1.0,-1
1157,1.0,1.0,-1.0,-1.0,-1.0,-1.0,-1.0,-1.0,-1.0,-1.0,1.0,-1.0,-1.0,1.0,1.0,9.0,1.0,否,5G,否,0.0,是,0.0,0.0,427.0,0.0,苹果,A2404,88.0,427.0,95.0,412.0,0.0,2036574.0,0.0,是,三星,-1.0,-1.0,-1.0,-1.0,-1
1158,1.0,1.0,1.0,1.0,-1.0,-1.0,-1.0,-1.0,-1.0,1.0,1.0,1.0,-1.0,-1.0,24.0,21.0,0.0,否,5G,否,0.0,是,0.0,0.0,442.0,0.0,苹果,A2412,208.0,442.0,208.0,243.0,0.0,65128193.0,0.0,是,银卡,-1.0,-1.0,-1.0,-1.0,-1
1159,2.0,-1.0,-1.0,-1.0,-1.0,-1.0,-1.0,-1.0,-1.0,-1.0,-1.0,-1.0,-1.0,-1.0,54.0,13.0,0.0,否,4G,否,0.0,是,0.0,0.0,209.0,0.0,华为,BLA-AL00,44.9,209.0,42.9,216.0,0.0,43165297.0,0.0,否,三星,-1.0,-1.0,-1.0,-1.0,-1
1160,2.0,-1.0,-1.0,-1.0,-1.0,-1.0,-1.0,-1.0,-1.0,-1.0,-1.0,-1.0,-1.0,-1.0,5.0,25.0,2.0,否,4G,否,0.0,是,0.0,0.0,202.0,0.0,苹果,A2404,25.0,202.0,25.0,169.0,0.0,53296.0,0.0,否,三星,-1.0,-1.0,-1.0,-1.0,-1
1161,2.0,-1.0,-1.0,-1.0,-1.0,-1.0,-1.0,-1.0,-1.0,-1.0,-1.0,-1.0,-1.0,-1.0,0.0,8.0,0.0,否,4G,否,0.0,是,0.0,0.0,341.0,0.0,华为,OCE-AN10,95.0,341.0,95.0,950.0,0.0,44529957.0,0.0,否,银卡,-1.0,-1.0,-1.0,-1.0,-1
1162,2.0,-1.0,-1.0,-1.0,-1.0,-1.0,-1.0,-1.0,-1.0,-1.0,-1.0,-1.0,-1.0,-1.0,0.0,0.0,1.0,否,5G,否,0.0,是,0.0,0.0,363.0,0.0,苹果,A2644,60.0,363.0,60.0,431.0,0.0,5106306.0,0.0,是,三星,-1.0,-1.0,-1.0,-1.0,-1
1163,2.0,-1.0,-1.0,-1.0,-1.0,-1.0,-1.0,-1.0,-1.0,-1.0,-1.0,-1.0,-1.0,-1.0,1.0,18.0,1.0,否,5G,否,0.0,是,0.0,0.0,291.0,0.0,步步高,V2073A,60.0,291.0,60.0,292.0,0.0,2586230.0,0.0,是,三星,-1.0,-1.0,-1.0,-1.0,-1
1164,1.0,1.0,1.0,-1.0,-1.0,-1.0,-1.0,-1.0,-1.0,-1.0,-1.0,1.0,-1.0,1.0,6.0,32.0,5.0,否,4G,否,0.0,是,0.0,0.0,800.0,0.0,苹果,A2223,298.0,800.0,298.0,741.0,0.0,10743168.0,0.0,否,白金卡,-1.0,-1.0,-1.0,-1.0,-1
1165,2.0,-1.0,-1.0,-1.0,-1.0,-1.0,-1.0,-1.0,-1.0,-1.0,-1.0,-1.0,-1.0,-1.0,1.0,14.0,0.0,否,4G,否,0.0,是,0.0,0.0,185.0,0.0,苹果,iPhone X A1865,38.45,185.0,60.49,476.0,0.0,283145.0,0.0,否,三星,-1.0,-1.0,-1.0,-1.0,-1
1166,2.0,-1.0,-1.0,-1.0,-1.0,-1.0,-1.0,-1.0,-1.0,-1.0,-1.0,-1.0,-1.0,-1.0,0.0,7.0,1.0,否,4G,否,0.0,是,0.0,0.0,242.0,0.0,苹果,A2412,15.0,242.0,15.0,244.0,0.0,11134497.0,0.0,否,三星,-1.0,-1.0,-1.0,-1.0,-1
1167,1.0,1.0,-1.0,-1.0,-1.0,-1.0,-1.0,-1.0,-1.0,-1.0,-1.0,1.0,-1.0,1.0,40.0,14.0,0.0,否,4G,否,0.0,是,0.0,0.0,193.0,0.0,苹果,A2100,198.0,193.0,198.0,227.0,0.0,5097713.0,0.0,否,银卡,-1.0,-1.0,-1.0,-1.0,-1
1168,2.0,-1.0,-1.0,-1.0,-1.0,-1.0,-1.0,-1.0,-1.0,-1.0,-1.0,-1.0,-1.0,-1.0,48.0,17.0,1.0,否,4G,否,0.0,是,0.0,0.0,248.0,0.0,华为,ELE-AL00,78.0,248.0,39.0,154.0,0.0,34493095.0,0.0,否,三星,-1.0,-1.0,-1.0,-1.0,-1
1169,1.0,1.0,-1.0,-1.0,-1.0,-1.0,-1.0,-1.0,-1.0,-1.0,-1.0,1.0,-1.0,-1.0,16.0,3.0,5.0,否,5G,否,0.0,是,0.0,0.0,976.0,0.0,华为,LIO-AN00,130.0,976.0,128.0,250.0,0.0,39957572.0,0.0,是,银卡,-1.0,-1.0,-1.0,-1.0,-1
1170,1.0,1.0,-1.0,-1.0,-1.0,-1.0,-1.0,-1.0,-1.0,-1.0,1.0,-1.0,-1.0,-1.0,1.0,4.0,1.0,否,5G,否,0.0,是,0.0,0.0,420.0,0.0,华为,ANA-AN00,145.0,420.0,145.0,245.0,0.0,11839153.0,0.0,是,银卡,-1.0,-1.0,-1.0,-1.0,-1
1171,1.0,-1.0,-1.0,-1.0,-1.0,-1.0,-1.0,-1.0,-1.0,-1.0,-1.0,-1.0,-1.0,1.0,5.0,5.0,0.0,否,4G,否,0.0,是,0.0,0.0,159.0,0.0,华为,BND-AL10,10.0,159.0,12.32,36.0,0.0,1161055.0,0.0,否,三星,1.0,-1.0,-1.0,-1.0,-1
1172,1.0,1.0,1.0,-1.0,-1.0,-1.0,-1.0,-1.0,-1.0,-1.0,1.0,1.0,-1.0,1.0,1.0,9.0,1.0,否,4G,否,0.0,是,0.0,0.0,226.0,0.0,苹果,iPhone 6S A1700,59.7,226.0,49.3,316.0,0.0,8051936.0,0.0,否,三星,-1.0,-1.0,-1.0,-1.0,-1
1173,1.0,1.0,-1.0,-1.0,-1.0,-1.0,-1.0,-1.0,-1.0,-1.0,-1.0,1.0,-1.0,1.0,3.0,0.0,0.0,否,4G,否,0.0,是,0.0,0.0,203.0,0.0,苹果,iPhone 8 Plus A1864,11.0,203.0,35.01,193.0,0.0,2009465.0,0.0,否,二星,-1.0,-1.0,-1.0,-1.0,-1
1174,2.0,-1.0,-1.0,-1.0,-1.0,-1.0,-1.0,-1.0,-1.0,-1.0,-1.0,-1.0,-1.0,-1.0,0.0,0.0,0.0,否,5G,否,0.0,是,0.0,0.0,127.0,0.0,小米科技,M2007J3SC,65.0,127.0,90.9,37.0,0.0,3964258.0,0.0,是,三星,-1.0,-1.0,-1.0,-1.0,-1
1175,2.0,-1.0,-1.0,-1.0,-1.0,-1.0,-1.0,-1.0,-1.0,-1.0,-1.0,-1.0,-1.0,-1.0,0.0,0.0,0.0,否,4G,否,22.86,是,6.38,0.0,171.0,0.0,华为,NZA-AL00,25.38,171.0,29.6,113.0,0.0,525049.0,0.0,否,二星,-1.0,-1.0,-1.0,-1.0,-1
1176,2.0,-1.0,-1.0,-1.0,-1.0,-1.0,-1.0,-1.0,-1.0,-1.0,-1.0,-1.0,-1.0,-1.0,5.0,5.0,2.0,否,4G,否,85.93,是,35.0,0.0,119.0,0.0,小米科技,M2011K2C,75.7,119.0,90.6,210.0,0.0,50278670.0,0.0,否,二星,-1.0,-1.0,-1.0,-1.0,-1
1177,2.0,-1.0,-1.0,-1.0,-1.0,-1.0,-1.0,-1.0,-1.0,-1.0,-1.0,-1.0,-1.0,-1.0,9.0,0.0,1.0,否,5G,否,0.0,是,0.0,0.0,165.0,0.0,华为,ANG-AN00,68.0,165.0,68.0,98.0,0.0,37910058.0,0.0,是,二星,-1.0,-1.0,-1.0,-1.0,-1
1178,1.0,1.0,1.0,1.0,1.0,1.0,1.0,1.0,1.0,1.0,1.0,1.0,1.0,1.0,3.0,19.0,1.0,否,4G,否,0.0,是,0.0,0.0,363.0,0.0,苹果,A2223,85.0,363.0,95.83,519.0,0.0,16595030.0,0.0,否,三星,-1.0,-1.0,-1.0,-1.0,-1
1179,2.0,-1.0,-1.0,-1.0,-1.0,-1.0,-1.0,-1.0,-1.0,-1.0,-1.0,-1.0,-1.0,-1.0,9.0,41.0,19.0,否,4G,否,0.0,是,0.0,0.0,760.0,0.0,华为,ANA-AN00,205.0,760.0,205.0,480.0,0.0,3873875.0,0.0,否,银卡,-1.0,-1.0,-1.0,-1.0,-1
1180,1.0,1.0,1.0,-1.0,-1.0,1.0,-1.0,1.0,1.0,-1.0,-1.0,1.0,-1.0,1.0,25.0,8.0,3.0,否,5G,否,0.0,是,0.0,0.0,1571.0,0.0,华为,TAS-AN00,190.8,1571.0,155.0,707.0,0.0,20530591.0,0.0,是,银卡,-1.0,-1.0,-1.0,-1.0,-1
1181,1.0,-1.0,-1.0,-1.0,-1.0,-1.0,-1.0,-1.0,1.0,-1.0,-1.0,1.0,-1.0,1.0,19.0,25.0,1.0,否,4G,否,0.0,是,0.0,0.0,1760.0,0.0,华为,CDY-AN00,51.3,1760.0,51.8,493.0,0.0,8938522.0,0.0,否,三星,1.0,-1.0,-1.0,-1.0,1
1182,1.0,1.0,-1.0,-1.0,-1.0,-1.0,-1.0,-1.0,-1.0,-1.0,-1.0,-1.0,-1.0,1.0,3.0,41.0,1.0,否,4G,否,0.0,是,0.0,0.0,370.0,0.0,华为,HLK-AL00,33.7,370.0,36.8,377.0,0.0,20556534.0,0.0,否,一星,-1.0,-1.0,-1.0,-1.0,-1
1183,1.0,-1.0,1.0,-1.0,-1.0,-1.0,-1.0,-1.0,1.0,-1.0,-1.0,1.0,-1.0,-1.0,18.0,22.0,3.0,否,4G,否,0.0,是,0.0,0.0,268.0,0.0,华为,YAL-AL00,21.0,268.0,21.0,280.0,0.0,51602124.0,0.0,否,二星,-1.0,-1.0,-1.0,-1.0,-1
1184,1.0,-1.0,1.0,-1.0,-1.0,-1.0,-1.0,-1.0,-1.0,-1.0,-1.0,1.0,-1.0,-1.0,3.0,6.0,3.0,否,5G,否,0.0,是,0.0,0.0,235.0,0.0,华为,TAS-AN00,60.0,235.0,60.0,408.0,0.0,9530069.0,0.0,是,二星,-1.0,-1.0,-1.0,-1.0,-1
1185,1.0,1.0,-1.0,-1.0,-1.0,-1.0,-1.0,1.0,-1.0,1.0,-1.0,-1.0,-1.0,-1.0,3.0,0.0,2.0,否,5G,否,0.0,是,0.0,0.0,167.0,0.0,苹果,A2639,88.3,167.0,88.0,282.0,0.0,10366010.0,0.0,是,三星,-1.0,-1.0,-1.0,-1.0,-1
1186,2.0,-1.0,-1.0,-1.0,-1.0,-1.0,-1.0,-1.0,-1.0,-1.0,-1.0,-1.0,-1.0,-1.0,1.0,13.0,4.0,否,5G,否,0.0,是,0.0,0.0,397.0,0.0,小米科技,M2001J1E,58.0,397.0,58.0,264.0,0.0,4162516.0,0.0,是,白金卡,-1.0,-1.0,-1.0,-1.0,-1
1187,2.0,-1.0,-1.0,-1.0,-1.0,-1.0,-1.0,-1.0,-1.0,-1.0,-1.0,-1.0,-1.0,-1.0,2.0,0.0,0.0,否,4G,否,0.0,是,0.0,0.0,1198.0,0.0,华为,HLK-AL00,15.0,1198.0,15.0,1159.0,0.0,3747766.0,0.0,否,三星,-1.0,-1.0,-1.0,-1.0,-1
1188,1.0,1.0,1.0,-1.0,-1.0,-1.0,-1.0,1.0,1.0,1.0,1.0,1.0,-1.0,1.0,2.0,0.0,0.0,否,5G,否,50.11,是,10.0,0.0,207.0,0.0,苹果,A2412,19.1,207.0,9.1,227.0,0.0,13675258.0,0.0,是,三星,-1.0,-1.0,-1.0,-1.0,1
1189,2.0,-1.0,-1.0,-1.0,-1.0,-1.0,-1.0,-1.0,-1.0,-1.0,-1.0,-1.0,-1.0,-1.0,1.0,1.0,0.0,否,4G,否,0.0,是,0.0,0.0,144.0,0.0,欧珀,PBCM10,35.8,144.0,35.0,204.0,0.0,8976669.0,0.0,否,三星,-1.0,-1.0,-1.0,-1.0,-1
1190,1.0,-1.0,-1.0,-1.0,-1.0,1.0,-1.0,-1.0,-1.0,1.0,-1.0,-1.0,-1.0,-1.0,4.0,1.0,3.0,否,5G,否,0.0,是,0.0,0.0,219.0,0.0,小米科技,M2001J2C,62.0,219.0,63.25,286.0,0.0,6454486.0,0.0,是,三星,-1.0,-1.0,-1.0,-1.0,-1
1191,1.0,-1.0,-1.0,-1.0,-1.0,1.0,-1.0,-1.0,-1.0,-1.0,1.0,1.0,-1.0,-1.0,17.0,24.0,0.0,否,4G,否,0.0,是,0.0,0.0,327.0,0.0,华为,EBG-AN10,69.0,327.0,84.0,320.0,0.0,12744262.0,0.0,否,三星,-1.0,-1.0,-1.0,-1.0,-1
1192,2.0,-1.0,-1.0,-1.0,-1.0,-1.0,-1.0,-1.0,-1.0,-1.0,-1.0,-1.0,-1.0,-1.0,50.0,0.0,0.0,否,4G,否,0.0,是,0.0,0.0,326.0,0.0,华为,GLK-AL00,121.0,326.0,121.0,397.0,0.0,528837.0,0.0,否,银卡,-1.0,-1.0,-1.0,-1.0,-1
1193,2.0,-1.0,-1.0,-1.0,-1.0,-1.0,-1.0,-1.0,-1.0,-1.0,-1.0,-1.0,-1.0,-1.0,1.0,2.0,0.0,否,5G,否,0.0,是,0.0,0.0,209.0,0.0,华为,ELS-AN00,45.5,209.0,45.0,1.0,0.0,25197003.0,0.0,是,一星,-1.0,-1.0,-1.0,-1.0,-1
1194,2.0,-1.0,-1.0,-1.0,-1.0,-1.0,-1.0,-1.0,-1.0,-1.0,-1.0,-1.0,-1.0,-1.0,31.0,0.0,0.0,否,5G,否,0.0,是,0.0,0.0,118.0,0.0,华为,TAS-AN00,18.0,118.0,0.0,0.0,0.0,7051011.0,0.0,是,未评级,-1.0,-1.0,-1.0,-1.0,-1
1195,2.0,-1.0,-1.0,-1.0,-1.0,-1.0,-1.0,-1.0,-1.0,-1.0,-1.0,-1.0,-1.0,-1.0,17.0,8.0,0.0,否,4G,否,0.0,是,0.0,0.0,214.0,0.0,小米科技,M1910F4E,50.31,214.0,45.65,307.0,0.0,16394126.0,0.0,否,三星,-1.0,-1.0,-1.0,-1.0,-1
1196,1.0,1.0,-1.0,-1.0,-1.0,-1.0,-1.0,-1.0,-1.0,-1.0,-1.0,-1.0,-1.0,1.0,189.0,10.0,3.0,否,5G,是,0.0,是,0.0,0.0,200.0,0.0,欧珀,PEGM10,50.0,200.0,49.0,202.0,0.0,36161770.0,0.0,是,三星,-1.0,-1.0,-1.0,-1.0,-1
1197,1.0,1.0,-1.0,-1.0,-1.0,-1.0,-1.0,-1.0,-1.0,-1.0,1.0,1.0,-1.0,-1.0,0.0,5.0,1.0,否,4G,否,0.0,是,0.0,0.0,1269.0,0.0,华为,BLA-AL00,73.96,1269.0,58.99,940.0,0.0,14528728.0,0.0,否,三星,-1.0,-1.0,-1.0,-1.0,-1
1198,1.0,1.0,-1.0,-1.0,-1.0,1.0,-1.0,1.0,-1.0,1.0,1.0,-1.0,-1.0,1.0,0.0,15.0,0.0,否,4G,否,0.0,是,0.0,0.0,339.0,0.0,苹果,A2104,58.0,339.0,58.0,391.0,0.0,7356609.0,0.0,否,三星,-1.0,-1.0,-1.0,-1.0,-1
1199,2.0,-1.0,-1.0,-1.0,-1.0,-1.0,-1.0,-1.0,-1.0,-1.0,-1.0,-1.0,-1.0,-1.0,0.0,29.0,6.0,否,4G,否,0.0,是,0.0,0.0,1028.0,0.0,华为,LYA-AL00,110.56,1028.0,52.9,566.0,0.0,11933720.0,0.0,否,三星,-1.0,-1.0,-1.0,-1.0,-1
1200,1.0,1.0,1.0,-1.0,-1.0,1.0,1.0,1.0,1.0,-1.0,1.0,1.0,-1.0,1.0,15.0,9.0,1.0,否,4G,否,0.0,是,0.0,0.0,136.0,0.0,苹果,iPhone 8 A1863,49.0,136.0,49.1,50.0,0.0,18970590.0,0.0,否,三星,-1.0,-1.0,-1.0,-1.0,-1
1201,1.0,-1.0,-1.0,-1.0,-1.0,1.0,-1.0,-1.0,-1.0,-1.0,-1.0,1.0,-1.0,-1.0,0.0,0.0,0.0,否,2G,否,0.0,否,0.0,0.0,127.0,0.0,苹果,A2108,10.0,127.0,10.0,4.0,0.0,0.0,0.0,否,三星,1.0,-1.0,-1.0,-1.0,-1
1202,2.0,-1.0,-1.0,-1.0,-1.0,-1.0,-1.0,-1.0,-1.0,-1.0,-1.0,-1.0,-1.0,-1.0,42.0,21.0,1.0,否,4G,否,0.0,是,0.0,0.0,916.0,0.0,华为,BAC-TL00,184.35,916.0,103.05,1234.0,0.0,2404514.0,0.0,否,银卡,-1.0,-1.0,-1.0,-1.0,-1
1203,2.0,-1.0,-1.0,-1.0,-1.0,-1.0,-1.0,-1.0,-1.0,-1.0,-1.0,-1.0,-1.0,-1.0,1.0,2.0,0.0,否,5G,否,0.0,是,0.0,0.0,183.0,0.0,华为,TAS-AN00,60.0,183.0,60.0,87.0,0.0,18438303.0,0.0,是,三星,-1.0,-1.0,-1.0,-1.0,-1
1204,1.0,1.0,-1.0,-1.0,-1.0,1.0,-1.0,-1.0,-1.0,-1.0,-1.0,1.0,-1.0,1.0,7.0,9.0,0.0,否,4G,否,0.0,是,0.0,0.0,357.0,0.0,realme,RMX3350,32.2,357.0,36.4,511.0,0.0,8384675.0,0.0,否,二星,-1.0,-1.0,-1.0,-1.0,-1
1205,2.0,-1.0,-1.0,-1.0,-1.0,-1.0,-1.0,-1.0,-1.0,-1.0,-1.0,-1.0,-1.0,-1.0,111.0,9.0,1.0,否,4G,否,0.0,是,0.0,0.0,184.0,0.0,华为,WLZ-AL10,41.0,184.0,57.0,287.0,0.0,15990105.0,0.0,否,三星,-1.0,-1.0,-1.0,-1.0,-1
1206,2.0,-1.0,-1.0,-1.0,-1.0,-1.0,-1.0,-1.0,-1.0,-1.0,-1.0,-1.0,-1.0,-1.0,29.0,26.0,3.0,否,5G,否,0.0,是,0.0,0.0,618.0,0.0,苹果,A2412,240.0,618.0,240.0,1213.0,0.0,141425890.0,0.0,是,银卡,-1.0,-1.0,-1.0,-1.0,-1
1207,1.0,1.0,1.0,-1.0,-1.0,1.0,-1.0,-1.0,1.0,1.0,-1.0,1.0,-1.0,1.0,11.0,15.0,1.0,否,4G,是,0.0,是,0.0,0.0,455.0,0.0,苹果,iPhone 8 A1863,137.32,455.0,134.09,269.0,0.0,60011893.0,0.0,否,银卡,-1.0,-1.0,-1.0,-1.0,-1
1208,1.0,-1.0,1.0,-1.0,-1.0,-1.0,-1.0,-1.0,-1.0,-1.0,-1.0,-1.0,-1.0,1.0,5.0,3.0,0.0,否,4G,是,0.0,是,0.0,0.0,242.0,0.0,苹果,A2223,42.0,242.0,42.0,178.0,0.0,2210537.0,0.0,否,三星,-1.0,-1.0,-1.0,-1.0,-1
1209,1.0,1.0,-1.0,-1.0,1.0,-1.0,-1.0,1.0,1.0,1.0,-1.0,1.0,-1.0,1.0,8.0,13.0,4.0,否,4G,否,0.0,是,0.0,0.0,220.0,0.0,苹果,iPhone X A1865,65.0,220.0,65.0,64.0,0.0,11625416.0,0.0,否,三星,-1.0,-1.0,-1.0,-1.0,-1
1210,2.0,-1.0,-1.0,-1.0,-1.0,-1.0,-1.0,-1.0,-1.0,-1.0,-1.0,-1.0,-1.0,-1.0,3.0,36.0,0.0,否,4G,否,0.0,是,0.0,0.0,281.0,0.0,华为,MHA-AL00,19.0,281.0,63.26,369.0,0.0,13435246.0,0.0,否,三星,-1.0,-1.0,-1.0,-1.0,-1
1211,2.0,-1.0,-1.0,-1.0,-1.0,-1.0,-1.0,-1.0,-1.0,-1.0,-1.0,-1.0,-1.0,-1.0,13.0,0.0,0.0,否,4G,否,0.0,是,0.0,0.0,152.0,0.0,华为,ANA-TN00,22.35,152.0,12.09,86.0,0.0,1903261.0,0.0,否,三星,-1.0,-1.0,-1.0,-1.0,-1
1212,2.0,-1.0,-1.0,-1.0,-1.0,-1.0,-1.0,-1.0,-1.0,-1.0,-1.0,-1.0,-1.0,-1.0,0.0,0.0,3.0,否,5G,否,0.0,是,0.0,0.0,269.0,0.0,小米科技,21091116AC,64.0,269.0,64.0,266.0,0.0,2865773.0,0.0,是,三星,-1.0,-1.0,-1.0,-1.0,-1
1213,2.0,-1.0,-1.0,-1.0,-1.0,-1.0,-1.0,-1.0,-1.0,-1.0,-1.0,-1.0,-1.0,-1.0,5.0,4.0,1.0,否,4G,否,0.0,是,0.0,0.0,171.0,0.0,苹果,A2223,54.36,171.0,45.0,40.0,0.0,4686003.0,0.0,否,三星,-1.0,-1.0,-1.0,-1.0,-1
1214,1.0,-1.0,1.0,-1.0,-1.0,-1.0,-1.0,1.0,1.0,-1.0,1.0,1.0,1.0,1.0,1.0,140.0,170.0,否,5G,否,0.0,是,0.0,0.0,1306.0,0.0,步步高,V1938T,370.0,1306.0,369.9,1219.0,0.0,134498328.0,0.0,是,白金卡,-1.0,-1.0,-1.0,-1.0,-1
1215,1.0,1.0,1.0,-1.0,-1.0,1.0,-1.0,1.0,1.0,-1.0,1.0,-1.0,1.0,-1.0,9.0,46.0,6.0,否,4G,否,0.0,是,0.0,0.0,886.0,0.0,华为,LIO-AL00,86.0,886.0,86.0,610.0,0.0,15056540.0,0.0,否,三星,-1.0,-1.0,-1.0,-1.0,-1
1216,1.0,1.0,-1.0,-1.0,-1.0,-1.0,-1.0,-1.0,-1.0,-1.0,1.0,1.0,-1.0,1.0,4.0,13.0,3.0,否,5G,否,0.0,是,0.0,0.0,799.0,0.0,苹果,A2404,20.6,799.0,19.1,860.0,0.0,7147153.0,0.0,是,三星,-1.0,-1.0,-1.0,-1.0,-1
1217,1.0,1.0,-1.0,-1.0,1.0,1.0,-1.0,1.0,1.0,-1.0,1.0,-1.0,-1.0,1.0,0.0,7.0,0.0,否,4G,否,0.0,是,0.0,0.0,268.0,0.0,华为,HJC-AN90,19.0,268.0,19.0,175.0,0.0,35509176.0,0.0,否,三星,-1.0,-1.0,-1.0,-1.0,-1
1218,2.0,-1.0,-1.0,-1.0,-1.0,-1.0,-1.0,-1.0,-1.0,-1.0,-1.0,-1.0,-1.0,-1.0,0.0,8.0,2.0,否,4G,否,0.0,是,0.0,0.0,227.0,0.0,小米科技,M2102J2SC,32.94,227.0,58.76,272.0,0.0,2161361.0,0.0,否,三星,-1.0,-1.0,-1.0,-1.0,-1
1219,1.0,-1.0,-1.0,-1.0,1.0,-1.0,1.0,-1.0,-1.0,-1.0,-1.0,1.0,-1.0,1.0,0.0,2.0,2.0,否,5G,否,0.0,是,0.0,0.0,469.0,0.0,小米科技,M2102K1AC,91.95,469.0,89.0,379.0,0.0,7623345.0,0.0,是,银卡,-1.0,-1.0,-1.0,-1.0,-1
1220,1.0,-1.0,-1.0,-1.0,1.0,1.0,-1.0,1.0,1.0,-1.0,1.0,-1.0,-1.0,1.0,0.0,24.0,1.0,否,4G,否,0.0,是,0.0,0.0,826.0,0.0,华为,PCT-AL10,121.2,826.0,120.0,601.0,0.0,18149156.0,0.0,否,银卡,-1.0,-1.0,-1.0,-1.0,-1
1221,1.0,-1.0,-1.0,-1.0,-1.0,-1.0,-1.0,-1.0,-1.0,-1.0,-1.0,1.0,-1.0,-1.0,2.0,1.0,1.0,否,5G,是,0.0,是,0.0,0.0,186.0,0.0,华为,ANY-AN00,49.0,186.0,40.0,186.0,0.0,51324266.0,0.0,是,三星,1.0,-1.0,-1.0,-1.0,-1
1222,1.0,-1.0,1.0,-1.0,-1.0,1.0,-1.0,-1.0,1.0,-1.0,-1.0,-1.0,1.0,-1.0,73.0,7.0,0.0,否,4G,否,0.0,是,0.0,0.0,199.0,0.0,华为,COR-AL10,40.0,199.0,40.0,190.0,0.0,19664454.0,0.0,否,三星,-1.0,-1.0,-1.0,-1.0,-1
1223,1.0,1.0,-1.0,-1.0,-1.0,-1.0,-1.0,-1.0,1.0,-1.0,-1.0,-1.0,-1.0,-1.0,2.0,1.0,1.0,否,4G,否,0.0,是,0.0,0.0,341.0,0.0,华为,ALP-AL00,48.0,341.0,48.0,85.0,0.0,2766625.0,0.0,否,三星,-1.0,-1.0,-1.0,-1.0,-1
1224,1.0,1.0,-1.0,-1.0,-1.0,1.0,-1.0,-1.0,1.0,1.0,-1.0,-1.0,-1.0,-1.0,2.0,9.0,2.0,否,4G,否,12.0,是,0.24,0.0,333.0,0.0,苹果,A2220,42.59,333.0,40.15,208.0,0.0,26370809.0,0.0,否,三星,-1.0,-1.0,-1.0,-1.0,-1
1225,1.0,1.0,1.0,-1.0,1.0,1.0,-1.0,1.0,1.0,-1.0,1.0,1.0,-1.0,1.0,0.0,1.0,1.0,否,5G,否,0.0,是,0.0,0.0,136.0,0.0,华为,LIO-AN00,43.0,136.0,33.0,65.0,0.0,3929673.0,0.0,是,三星,-1.0,-1.0,-1.0,-1.0,-1
1226,2.0,-1.0,-1.0,-1.0,-1.0,-1.0,-1.0,-1.0,-1.0,-1.0,-1.0,-1.0,-1.0,-1.0,39.0,4.0,2.0,否,4G,否,0.0,是,0.0,0.0,291.0,0.0,苹果,A2223,21.0,291.0,22.6,266.0,0.0,34880335.0,0.0,否,二星,-1.0,-1.0,-1.0,-1.0,-1
1227,2.0,-1.0,-1.0,-1.0,-1.0,-1.0,-1.0,-1.0,-1.0,-1.0,-1.0,-1.0,-1.0,-1.0,7.0,9.0,0.0,否,4G,否,173.51,是,5.0,0.0,203.0,0.0,苹果,iPhone 7Plus A1661,52.5,203.0,82.91,231.0,0.0,29231360.0,0.0,否,三星,-1.0,-1.0,-1.0,-1.0,-1
1228,1.0,-1.0,1.0,-1.0,-1.0,-1.0,-1.0,1.0,1.0,-1.0,-1.0,1.0,-1.0,-1.0,15.0,0.0,3.0,否,5G,否,3039.08,是,30.0,0.0,166.0,0.0,华为,TET-AN00,203.0,166.0,180.0,173.0,0.0,126117122.0,0.0,是,金卡,-1.0,-1.0,-1.0,-1.0,-1
1229,1.0,-1.0,1.0,-1.0,-1.0,1.0,-1.0,-1.0,1.0,-1.0,1.0,-1.0,-1.0,1.0,21.0,13.0,0.0,否,4G,否,0.0,是,0.0,0.0,309.0,0.0,华为,ELE-AL00,560.0,309.0,555.0,190.0,0.0,7434940.0,0.0,否,钻石卡,-1.0,-1.0,-1.0,-1.0,-1
1230,1.0,-1.0,-1.0,-1.0,-1.0,-1.0,-1.0,-1.0,-1.0,1.0,-1.0,-1.0,-1.0,1.0,6.0,4.0,0.0,否,4G,否,0.0,是,0.0,0.0,182.0,0.0,苹果,A2223,47.7,182.0,42.25,169.0,0.0,5563897.0,0.0,否,三星,1.0,-1.0,-1.0,-1.0,-1
1231,1.0,1.0,-1.0,-1.0,-1.0,1.0,1.0,-1.0,-1.0,-1.0,1.0,1.0,-1.0,1.0,17.0,3.0,0.0,否,5G,否,0.0,是,0.0,0.0,178.0,0.0,苹果,iPhone 7Plus A1661,29.0,178.0,29.0,167.0,0.0,4520686.0,0.0,是,三星,-1.0,-1.0,-1.0,-1.0,-1
1232,1.0,1.0,-1.0,-1.0,-1.0,-1.0,-1.0,-1.0,-1.0,1.0,-1.0,-1.0,-1.0,1.0,7.0,0.0,0.0,否,4G,否,0.0,是,0.0,0.0,341.0,0.0,华为,COL-AL10,10.2,341.0,10.2,169.0,0.0,18844810.0,0.0,否,二星,-1.0,-1.0,-1.0,-1.0,-1
1233,1.0,1.0,1.0,-1.0,-1.0,-1.0,-1.0,-1.0,1.0,-1.0,1.0,1.0,-1.0,-1.0,82.0,56.0,3.0,否,4G,否,0.0,是,0.0,0.0,915.0,0.0,苹果,A2223,15.0,915.0,16.0,790.0,0.0,7727868.0,0.0,否,三星,-1.0,-1.0,-1.0,-1.0,-1
1234,1.0,1.0,-1.0,-1.0,-1.0,-1.0,-1.0,1.0,1.0,-1.0,1.0,1.0,-1.0,-1.0,5.0,2.0,17.0,否,5G,否,0.0,是,0.0,0.0,449.0,0.0,欧珀,PEGM00,149.0,449.0,149.0,261.0,0.0,3403025.0,0.0,是,三星,-1.0,-1.0,-1.0,-1.0,-1
1235,2.0,-1.0,-1.0,-1.0,-1.0,-1.0,-1.0,-1.0,-1.0,-1.0,-1.0,-1.0,-1.0,-1.0,15.0,22.0,2.0,否,5G,否,0.0,是,0.0,0.0,1968.0,0.0,华为,LIO-AN00,98.0,1968.0,98.0,1385.0,0.0,31057758.0,0.0,是,三星,-1.0,-1.0,-1.0,-1.0,-1
1236,2.0,-1.0,-1.0,-1.0,-1.0,-1.0,-1.0,-1.0,-1.0,-1.0,-1.0,-1.0,-1.0,-1.0,25.0,18.0,0.0,是,4G,否,0.0,是,0.0,0.0,357.0,0.0,苹果,A2298,48.0,357.0,48.0,352.0,0.0,23751776.0,0.0,否,三星,-1.0,-1.0,-1.0,-1.0,-1
1237,1.0,-1.0,-1.0,-1.0,-1.0,-1.0,-1.0,-1.0,-1.0,-1.0,1.0,1.0,-1.0,1.0,35.0,86.0,41.0,否,5G,否,0.0,是,0.0,0.0,1081.0,0.0,苹果,A2644,168.0,1081.0,150.0,336.0,0.0,31129814.0,0.0,是,金卡,1.0,-1.0,-1.0,-1.0,-1
1238,1.0,-1.0,1.0,-1.0,-1.0,1.0,-1.0,-1.0,1.0,-1.0,1.0,1.0,-1.0,-1.0,0.0,7.0,0.0,否,4G,是,0.0,是,0.0,0.0,164.0,0.0,苹果,A2639,54.4,164.0,50.15,5.0,0.0,5898788.0,0.0,否,三星,-1.0,-1.0,-1.0,-1.0,-1
1239,1.0,-1.0,-1.0,-1.0,-1.0,-1.0,1.0,1.0,1.0,-1.0,-1.0,1.0,-1.0,-1.0,0.0,7.0,1.0,否,5G,否,1841.0,是,180.0,0.0,240.0,0.0,华为,TAS-AN00,265.0,240.0,85.0,126.0,0.0,35780923.0,0.0,是,三星,-1.0,-1.0,-1.0,-1.0,-1
1240,1.0,1.0,1.0,-1.0,-1.0,-1.0,-1.0,-1.0,-1.0,-1.0,1.0,1.0,-1.0,-1.0,4.0,26.0,4.0,否,5G,否,0.0,是,0.0,0.0,1090.0,0.0,小米科技,2201123C,92.15,1090.0,68.0,725.0,0.0,14423900.0,0.0,是,三星,-1.0,-1.0,-1.0,-1.0,-1
1241,1.0,1.0,-1.0,-1.0,-1.0,1.0,-1.0,-1.0,-1.0,1.0,-1.0,1.0,-1.0,1.0,7.0,18.0,2.0,否,4G,否,0.0,是,0.0,0.0,545.0,0.0,苹果,iPhone 8 Plus A1864,75.0,545.0,75.0,189.0,0.0,55905913.0,0.0,否,三星,-1.0,-1.0,-1.0,-1.0,-1
1242,1.0,1.0,1.0,-1.0,1.0,1.0,-1.0,1.0,1.0,-1.0,1.0,1.0,-1.0,1.0,14.0,4.0,2.0,否,5G,是,0.0,是,0.0,0.0,394.0,0.0,苹果,A2644,58.0,394.0,58.0,206.0,0.0,1936222.0,0.0,是,三星,-1.0,-1.0,-1.0,-1.0,-1
1243,1.0,1.0,1.0,-1.0,-1.0,-1.0,-1.0,-1.0,-1.0,-1.0,1.0,1.0,-1.0,1.0,3.0,6.0,0.0,否,4G,否,0.0,是,0.0,0.0,126.0,0.0,华为,LYA-AL10,39.95,126.0,39.0,93.0,0.00325541832389844,2836809.0,9235.0,否,三星,-1.0,-1.0,-1.0,-1.0,-1
1244,1.0,-1.0,1.0,-1.0,-1.0,1.0,-1.0,-1.0,1.0,1.0,-1.0,-1.0,-1.0,-1.0,6.0,0.0,0.0,否,5G,否,0.0,是,0.0,0.0,233.0,0.0,小米科技,M2012K11AC,9.6,233.0,9.0,94.0,0.0,1978408.0,0.0,是,三星,-1.0,-1.0,-1.0,-1.0,-1
1245,2.0,-1.0,-1.0,-1.0,-1.0,-1.0,-1.0,-1.0,-1.0,-1.0,-1.0,-1.0,-1.0,-1.0,7.0,10.0,2.0,否,4G,否,0.0,是,0.0,0.0,523.0,0.0,苹果,iPhone 7Plus A1661,162.0,523.0,140.0,313.0,0.0,15512009.0,0.0,否,银卡,-1.0,-1.0,-1.0,-1.0,-1
1246,2.0,-1.0,-1.0,-1.0,-1.0,-1.0,-1.0,-1.0,-1.0,-1.0,-1.0,-1.0,-1.0,-1.0,0.0,26.0,0.0,否,4G,否,0.0,是,0.0,0.0,256.0,0.0,华为,INE-AL00,9.24,256.0,11.36,346.0,0.0,27206637.0,0.0,否,三星,-1.0,-1.0,-1.0,-1.0,-1
1247,1.0,-1.0,-1.0,-1.0,-1.0,1.0,-1.0,1.0,1.0,1.0,1.0,1.0,1.0,-1.0,3.0,33.0,3.0,否,4G,否,0.0,是,0.0,0.0,706.0,0.0,苹果,A2220,143.2,706.0,115.97,2401.0,0.0,16680517.0,0.0,否,银卡,-1.0,-1.0,-1.0,-1.0,-1
1248,1.0,1.0,1.0,-1.0,1.0,1.0,-1.0,-1.0,1.0,-1.0,1.0,1.0,-1.0,1.0,8.0,0.0,0.0,否,4G,否,0.0,是,0.0,0.0,123.0,0.0,华为,ATH-AL00,27.2,123.0,27.0,543.0,0.0,22843062.0,0.0,否,三星,-1.0,-1.0,-1.0,-1.0,-1
1249,1.0,1.0,1.0,-1.0,-1.0,1.0,-1.0,-1.0,1.0,1.0,-1.0,1.0,-1.0,-1.0,11.0,10.0,2.0,否,5G,否,0.0,是,0.0,0.0,188.0,0.0,苹果,A2634,58.0,188.0,58.3,163.0,0.0,13248262.0,0.0,是,三星,-1.0,-1.0,-1.0,-1.0,-1
1250,2.0,-1.0,-1.0,-1.0,-1.0,-1.0,-1.0,-1.0,-1.0,-1.0,-1.0,-1.0,-1.0,-1.0,74.0,10.0,0.0,否,5G,否,0.0,是,0.0,0.0,185.0,0.0,华为,LYA-AL00P,158.0,185.0,158.0,387.0,0.000156402364083053,13209519.0,2066.0,是,银卡,-1.0,-1.0,-1.0,-1.0,-1
1251,2.0,-1.0,-1.0,-1.0,-1.0,-1.0,-1.0,-1.0,-1.0,-1.0,-1.0,-1.0,-1.0,-1.0,2.0,12.0,1.0,否,4G,否,15.7,是,4.93,0.0,228.0,0.0,苹果,iPhone X A1865,54.47,228.0,103.65,185.0,0.0,9937266.0,0.0,否,金卡,-1.0,-1.0,-1.0,-1.0,-1
1252,2.0,-1.0,-1.0,-1.0,-1.0,-1.0,-1.0,-1.0,-1.0,-1.0,-1.0,-1.0,-1.0,-1.0,10.0,0.0,0.0,否,5G,否,0.0,是,0.0,0.0,436.0,0.0,华为,NOH-AN00,128.0,436.0,128.0,290.0,0.0,23168266.0,0.0,是,银卡,-1.0,-1.0,-1.0,-1.0,-1
1253,2.0,-1.0,-1.0,-1.0,-1.0,-1.0,-1.0,-1.0,-1.0,-1.0,-1.0,-1.0,-1.0,-1.0,4.0,1.0,0.0,否,5G,否,0.0,是,0.0,0.0,219.0,0.0,华为,ELS-AN00,30.0,219.0,30.0,39.0,0.0,8412749.0,0.0,是,三星,-1.0,-1.0,-1.0,-1.0,-1
1254,2.0,-1.0,-1.0,-1.0,-1.0,-1.0,-1.0,-1.0,-1.0,-1.0,-1.0,-1.0,-1.0,-1.0,0.0,16.0,0.0,否,4G,否,0.0,是,0.0,0.0,144.0,0.0,小米科技,MDE5,23.12,144.0,20.0,22.0,0.0,10550825.0,0.0,否,三星,-1.0,-1.0,-1.0,-1.0,-1
1255,1.0,1.0,-1.0,-1.0,-1.0,-1.0,-1.0,-1.0,-1.0,-1.0,1.0,-1.0,-1.0,1.0,5.0,4.0,1.0,否,4G,否,0.0,是,0.0,0.0,166.0,0.0,华为,VOG-AL00,141.0,166.0,141.0,128.0,0.0,1969838.0,0.0,否,银卡,-1.0,-1.0,-1.0,-1.0,-1
1256,1.0,1.0,1.0,-1.0,-1.0,-1.0,-1.0,-1.0,1.0,-1.0,-1.0,-1.0,-1.0,-1.0,10.0,2.0,2.0,否,4G,否,0.0,是,0.0,0.0,168.0,0.0,华为,HMA-AL00,20.0,168.0,20.0,140.0,0.0,2010562.0,0.0,否,三星,-1.0,-1.0,-1.0,-1.0,-1
1257,2.0,-1.0,-1.0,-1.0,-1.0,-1.0,-1.0,-1.0,-1.0,-1.0,-1.0,-1.0,-1.0,-1.0,8.0,0.0,0.0,否,4G,否,0.0,是,0.0,0.0,256.0,0.0,华为,ART-AL00x,18.0,256.0,18.0,138.0,0.0,3353118.0,0.0,否,二星,-1.0,-1.0,-1.0,-1.0,-1
1258,2.0,-1.0,-1.0,-1.0,-1.0,-1.0,-1.0,-1.0,-1.0,-1.0,-1.0,-1.0,-1.0,-1.0,2.0,2.0,0.0,否,4G,否,0.0,是,0.0,0.0,119.0,0.0,小米科技,2016112,70.0,119.0,70.0,75.0,0.0,55444.0,0.0,否,三星,-1.0,-1.0,-1.0,-1.0,-1
1259,1.0,1.0,-1.0,-1.0,-1.0,1.0,-1.0,-1.0,1.0,1.0,1.0,1.0,-1.0,1.0,20.0,5.0,5.0,否,5G,否,0.0,是,0.0,0.0,160.0,0.0,苹果,A2412,170.0,160.0,180.0,47.0,0.0,16356980.0,0.0,是,银卡,-1.0,-1.0,-1.0,-1.0,-1
1260,2.0,-1.0,-1.0,-1.0,-1.0,-1.0,-1.0,-1.0,-1.0,-1.0,-1.0,-1.0,-1.0,-1.0,0.0,2.0,0.0,否,4G,否,0.0,是,0.0,0.0,157.0,0.0,华为,DUB-AL00a,35.0,157.0,35.0,108.0,0.0,2144753.0,0.0,否,三星,-1.0,-1.0,-1.0,-1.0,-1
1261,1.0,-1.0,1.0,-1.0,-1.0,-1.0,-1.0,-1.0,-1.0,-1.0,1.0,-1.0,-1.0,1.0,31.0,0.0,0.0,否,4G,否,0.0,是,0.0,0.0,552.0,0.0,华为,ELE-AL00,58.0,552.0,58.0,344.0,0.0,16623074.0,0.0,否,三星,1.0,-1.0,-1.0,-1.0,-1
1262,2.0,-1.0,-1.0,-1.0,-1.0,-1.0,-1.0,-1.0,-1.0,-1.0,-1.0,-1.0,-1.0,-1.0,3.0,10.0,0.0,否,4G,否,0.0,是,0.0,0.0,174.0,0.0,苹果,A2104,126.8,174.0,127.1,196.0,0.0,3290636.0,0.0,否,银卡,-1.0,-1.0,-1.0,-1.0,-1
1263,2.0,-1.0,-1.0,-1.0,-1.0,-1.0,-1.0,-1.0,-1.0,-1.0,-1.0,-1.0,-1.0,-1.0,1.0,1.0,0.0,否,5G,是,0.0,是,0.0,0.0,258.0,0.0,步步高,V2072A,25.0,258.0,25.0,58.0,0.0,11645824.0,0.0,是,三星,-1.0,-1.0,-1.0,-1.0,-1
1264,1.0,1.0,1.0,-1.0,-1.0,-1.0,-1.0,1.0,1.0,-1.0,1.0,1.0,-1.0,-1.0,0.0,2.0,2.0,否,5G,否,0.0,是,0.0,0.0,578.0,0.0,华为,NOH-AN00,120.0,578.0,120.0,545.0,0.0,75235039.0,0.0,是,银卡,-1.0,-1.0,-1.0,-1.0,-1
1265,1.0,1.0,-1.0,-1.0,-1.0,-1.0,-1.0,-1.0,-1.0,-1.0,-1.0,1.0,-1.0,-1.0,89.0,9.0,1.0,否,5G,否,0.0,是,0.0,0.0,281.0,0.0,华为,NOH-AN00,107.9,281.0,104.0,175.0,0.0,14205969.0,0.0,是,三星,-1.0,-1.0,-1.0,-1.0,-1
1266,1.0,1.0,1.0,-1.0,1.0,1.0,1.0,1.0,1.0,1.0,1.0,1.0,-1.0,1.0,29.0,25.0,4.0,否,5G,否,43.8,是,1.29,0.0,815.0,0.0,步步高,V1924A,140.69,815.0,129.0,811.0,3.05894520672741e-07,35960108.0,11.0,是,银卡,1.0,-1.0,-1.0,-1.0,-1
1267,1.0,1.0,1.0,-1.0,-1.0,-1.0,-1.0,-1.0,-1.0,-1.0,-1.0,-1.0,-1.0,-1.0,13.0,20.0,4.0,否,5G,否,0.0,是,0.0,0.0,681.0,0.0,华为,NOH-AN00,140.0,681.0,140.0,713.0,0.0,45956835.0,0.0,是,银卡,-1.0,-1.0,-1.0,-1.0,1
1268,1.0,1.0,-1.0,-1.0,-1.0,-1.0,-1.0,-1.0,-1.0,-1.0,-1.0,1.0,-1.0,-1.0,7.0,17.0,1.0,否,4G,否,0.0,是,0.0,0.0,539.0,0.0,苹果,A2220,135.29,539.0,120.0,131.0,0.0,9705649.0,0.0,否,银卡,-1.0,-1.0,-1.0,-1.0,-1
1269,1.0,1.0,-1.0,-1.0,1.0,1.0,1.0,-1.0,1.0,1.0,1.0,1.0,-1.0,1.0,0.0,6.0,2.0,否,5G,否,0.0,是,0.0,0.0,488.0,0.0,步步高,V2031A,111.0,488.0,111.0,172.0,0.0,19497941.0,0.0,是,银卡,1.0,-1.0,-1.0,-1.0,1
1270,2.0,-1.0,-1.0,-1.0,-1.0,-1.0,-1.0,-1.0,-1.0,-1.0,-1.0,-1.0,-1.0,-1.0,0.0,0.0,0.0,否,4G,否,0.0,是,0.0,0.0,191.0,0.0,华为,WAS-AL00,0.0,191.0,67.25,131.0,0.0,752204.0,0.0,否,三星,-1.0,-1.0,-1.0,-1.0,-1
1271,1.0,1.0,1.0,1.0,1.0,1.0,-1.0,1.0,1.0,1.0,1.0,1.0,-1.0,1.0,7.0,24.0,11.0,否,4G,否,187.32,是,5.0,0.0,3190.0,0.0,苹果,iPhone X A1865,202.8,3190.0,138.3,2442.0,0.0,61271779.0,0.0,否,银卡,-1.0,-1.0,-1.0,-1.0,-1
1272,1.0,1.0,1.0,-1.0,-1.0,1.0,1.0,1.0,1.0,-1.0,1.0,1.0,-1.0,1.0,2.0,7.0,2.0,否,5G,否,0.0,是,0.0,0.0,494.0,0.0,苹果,A2644,112.7,494.0,125.0,425.0,0.0,19688978.0,0.0,是,银卡,-1.0,-1.0,-1.0,-1.0,-1
1273,1.0,-1.0,-1.0,-1.0,-1.0,-1.0,1.0,-1.0,1.0,1.0,-1.0,-1.0,-1.0,-1.0,11.0,0.0,0.0,否,4G,否,0.0,是,0.0,0.0,252.0,0.0,苹果,A2223,72.0,252.0,69.0,236.0,0.0,8143293.0,0.0,否,三星,-1.0,-1.0,-1.0,-1.0,-1
1274,2.0,-1.0,-1.0,-1.0,-1.0,-1.0,-1.0,-1.0,-1.0,-1.0,-1.0,-1.0,-1.0,-1.0,9.0,13.0,0.0,否,4G,否,0.0,是,0.0,0.0,1094.0,0.0,苹果,A2223,42.0,1094.0,42.0,790.0,0.0,4409041.0,0.0,否,三星,-1.0,-1.0,-1.0,-1.0,-1
1275,2.0,-1.0,-1.0,-1.0,-1.0,-1.0,-1.0,-1.0,-1.0,-1.0,-1.0,-1.0,-1.0,-1.0,7.0,1.0,0.0,否,4G,否,0.0,是,0.0,0.0,127.0,0.0,华为,HMA-AL00,34.5,127.0,35.14,241.0,0.0,10661430.0,0.0,否,三星,-1.0,-1.0,-1.0,-1.0,-1
1276,1.0,1.0,1.0,-1.0,-1.0,-1.0,-1.0,-1.0,1.0,1.0,1.0,1.0,1.0,1.0,23.0,60.0,6.0,否,5G,否,0.0,是,0.0,0.0,2763.0,0.0,苹果,A2644,55.22,2763.0,42.3,593.0,0.0,69659224.0,0.0,是,三星,-1.0,-1.0,-1.0,-1.0,-1
1277,2.0,-1.0,-1.0,-1.0,-1.0,-1.0,-1.0,-1.0,-1.0,-1.0,-1.0,-1.0,-1.0,-1.0,2.0,17.0,0.0,否,4G,否,0.0,是,0.0,0.0,248.0,0.0,苹果,iPhone XS (A1920),20.92,248.0,15.2,122.0,0.0,4165655.0,0.0,否,三星,-1.0,-1.0,-1.0,-1.0,-1
1278,2.0,-1.0,-1.0,-1.0,-1.0,-1.0,-1.0,-1.0,-1.0,-1.0,-1.0,-1.0,-1.0,-1.0,2.0,11.0,0.0,否,5G,否,0.0,是,0.0,0.0,190.0,0.0,苹果,A2408,72.0,190.0,72.0,152.0,0.0,13632861.0,0.0,是,三星,-1.0,-1.0,-1.0,-1.0,-1
1279,2.0,-1.0,-1.0,-1.0,-1.0,-1.0,-1.0,-1.0,-1.0,-1.0,-1.0,-1.0,-1.0,-1.0,6.0,0.0,1.0,否,5G,否,0.0,是,0.0,0.0,1020.0,0.0,华为,FRL-AN00a,31.0,1020.0,30.4,458.0,0.0,20188567.0,0.0,是,三星,-1.0,-1.0,-1.0,-1.0,-1
1280,2.0,-1.0,-1.0,-1.0,-1.0,-1.0,-1.0,-1.0,-1.0,-1.0,-1.0,-1.0,-1.0,-1.0,17.0,18.0,3.0,否,5G,否,1051.49,是,21.87,0.0,1059.0,0.0,华为,ELS-AN00,315.52,1059.0,291.2,746.0,0.0,27613060.0,0.0,是,白金卡,-1.0,-1.0,-1.0,-1.0,-1
1281,2.0,-1.0,-1.0,-1.0,-1.0,-1.0,-1.0,-1.0,-1.0,-1.0,-1.0,-1.0,-1.0,-1.0,62.0,12.0,2.0,否,4G,否,0.0,是,0.0,0.0,233.0,0.0,华为,EML-AL00,48.0,233.0,64.0,131.0,0.0,19403080.0,0.0,否,三星,-1.0,-1.0,-1.0,-1.0,-1
1282,2.0,-1.0,-1.0,-1.0,-1.0,-1.0,-1.0,-1.0,-1.0,-1.0,-1.0,-1.0,-1.0,-1.0,0.0,4.0,0.0,否,4G,否,0.0,是,0.0,0.0,350.0,0.0,苹果,A2104,18.0,350.0,20.0,397.0,0.0,126699.0,0.0,否,二星,-1.0,-1.0,-1.0,-1.0,-1
1283,1.0,1.0,-1.0,-1.0,-1.0,-1.0,-1.0,-1.0,-1.0,1.0,-1.0,1.0,-1.0,-1.0,9.0,0.0,0.0,否,4G,否,0.0,是,0.0,0.0,204.0,0.0,苹果,iPhone 8 A1906,18.6,204.0,18.45,191.0,0.0,56284.0,0.0,否,三星,-1.0,-1.0,-1.0,-1.0,-1
1284,1.0,1.0,-1.0,-1.0,-1.0,1.0,-1.0,-1.0,-1.0,-1.0,1.0,-1.0,-1.0,1.0,20.0,22.0,5.0,否,4G,否,0.0,是,0.0,0.0,464.0,0.0,苹果,iPhone X A1865,39.75,464.0,33.6,458.0,0.0,7049865.0,0.0,否,三星,-1.0,-1.0,-1.0,-1.0,-1
1285,1.0,-1.0,-1.0,-1.0,-1.0,1.0,-1.0,-1.0,-1.0,-1.0,-1.0,1.0,-1.0,-1.0,15.0,3.0,0.0,否,5G,否,0.0,是,0.0,0.0,176.0,0.0,苹果,A2404,71.0,176.0,71.3,25.0,0.0,13995668.0,0.0,是,二星,-1.0,-1.0,-1.0,-1.0,-1
1286,2.0,-1.0,-1.0,-1.0,-1.0,-1.0,-1.0,-1.0,-1.0,-1.0,-1.0,-1.0,-1.0,-1.0,4.0,7.0,8.0,否,5G,是,0.0,是,0.0,0.0,295.0,0.0,苹果,A2404,69.0,295.0,69.6,679.0,0.0,27731519.0,0.0,是,三星,-1.0,-1.0,-1.0,-1.0,-1
1287,1.0,-1.0,1.0,-1.0,-1.0,-1.0,-1.0,-1.0,-1.0,-1.0,1.0,-1.0,-1.0,-1.0,3.0,2.0,0.0,否,5G,是,0.0,是,0.0,0.0,266.0,0.0,华为,TAS-AN00,39.9,266.0,42.4,234.0,0.0,12807506.0,0.0,是,三星,-1.0,-1.0,-1.0,-1.0,-1
1288,1.0,1.0,1.0,-1.0,-1.0,-1.0,1.0,-1.0,1.0,-1.0,-1.0,1.0,-1.0,1.0,36.0,19.0,4.0,否,4G,否,0.0,是,0.0,0.0,265.0,0.0,苹果,A2408,120.0,265.0,120.0,327.0,0.0,30431907.0,0.0,否,三星,1.0,-1.0,-1.0,-1.0,-1
1289,2.0,-1.0,-1.0,-1.0,-1.0,-1.0,-1.0,-1.0,-1.0,-1.0,-1.0,-1.0,-1.0,-1.0,0.0,12.0,0.0,否,4G,否,0.0,是,0.0,0.0,951.0,0.0,华为,LRA-AL00,25.0,951.0,25.0,956.0,0.0,14576699.0,0.0,否,三星,-1.0,-1.0,-1.0,-1.0,-1
1290,1.0,1.0,-1.0,-1.0,-1.0,-1.0,1.0,-1.0,1.0,-1.0,1.0,-1.0,-1.0,-1.0,8.0,29.0,2.0,否,4G,否,0.0,是,0.0,0.0,530.0,0.0,华为,JNY-AL10,160.0,530.0,160.0,837.0,1.05648553881471e-06,44487121.0,47.0,否,银卡,-1.0,-1.0,-1.0,-1.0,-1
1291,2.0,-1.0,-1.0,-1.0,-1.0,-1.0,-1.0,-1.0,-1.0,-1.0,-1.0,-1.0,-1.0,-1.0,73.0,16.0,0.0,否,4G,否,0.0,是,0.0,0.0,542.0,0.0,华为,TAS-AN00,71.0,542.0,70.0,639.0,0.0,35480199.0,0.0,否,二星,-1.0,-1.0,-1.0,-1.0,-1
1292,1.0,1.0,-1.0,-1.0,-1.0,-1.0,-1.0,-1.0,-1.0,-1.0,-1.0,-1.0,-1.0,1.0,5.0,4.0,0.0,否,4G,否,0.0,是,0.0,0.0,127.0,0.0,华为,GLK-AL00,25.0,127.0,25.0,129.0,0.0,50820.0,0.0,否,一星,-1.0,-1.0,-1.0,-1.0,-1
1293,1.0,1.0,-1.0,-1.0,-1.0,1.0,-1.0,1.0,-1.0,-1.0,1.0,1.0,-1.0,-1.0,0.0,15.0,2.0,否,5G,否,0.0,是,0.0,0.018957345971564,211.0,4.0,万普拉斯,LE2100,1.0,211.0,29.3,414.0,0.001469877672836,1475633.0,2169.0,是,二星,-1.0,-1.0,-1.0,-1.0,-1
1294,2.0,-1.0,-1.0,-1.0,-1.0,-1.0,-1.0,-1.0,-1.0,-1.0,-1.0,-1.0,-1.0,-1.0,0.0,0.0,0.0,否,4G,否,0.0,是,0.0,0.0,336.0,0.0,苹果,A2223,25.0,336.0,29.5,386.0,0.0,1107.0,0.0,否,三星,-1.0,-1.0,-1.0,-1.0,-1
1295,2.0,-1.0,-1.0,-1.0,-1.0,-1.0,-1.0,-1.0,-1.0,-1.0,-1.0,-1.0,-1.0,-1.0,7.0,4.0,1.0,否,5G,否,0.0,是,0.0,0.0,811.0,0.0,苹果,A2412,156.0,811.0,156.0,973.0,0.0,26429689.0,0.0,是,三星,-1.0,-1.0,-1.0,-1.0,-1
1296,1.0,1.0,-1.0,-1.0,-1.0,1.0,-1.0,1.0,1.0,-1.0,-1.0,-1.0,-1.0,1.0,6.0,11.0,0.0,否,4G,否,0.0,是,0.0,0.0,135.0,0.0,苹果,iPhone 6S Plus A1687,33.0,135.0,33.0,186.0,0.0,6683815.0,0.0,否,三星,-1.0,-1.0,-1.0,-1.0,-1
1297,2.0,-1.0,-1.0,-1.0,-1.0,-1.0,-1.0,-1.0,-1.0,-1.0,-1.0,-1.0,-1.0,-1.0,14.0,15.0,1.0,否,4G,否,0.0,是,0.0,0.0,788.0,0.0,苹果,A2220,66.2,788.0,66.0,506.0,0.0,20518806.0,0.0,否,三星,-1.0,-1.0,-1.0,-1.0,-1
1298,1.0,1.0,1.0,-1.0,1.0,-1.0,-1.0,-1.0,-1.0,-1.0,-1.0,-1.0,-1.0,-1.0,4.0,21.0,3.0,否,4G,否,0.0,是,0.0,0.0,804.0,0.0,苹果,A2223,141.75,804.0,148.5,634.0,0.0,32036840.0,0.0,否,银卡,1.0,-1.0,-1.0,-1.0,1
1299,2.0,-1.0,-1.0,-1.0,-1.0,-1.0,-1.0,-1.0,-1.0,-1.0,-1.0,-1.0,-1.0,-1.0,1.0,7.0,0.0,否,4G,否,158.6,是,40.0,0.0,235.0,0.0,苹果,iPhone 7 A1660,57.1,235.0,35.65,211.0,0.0,1627889.0,0.0,否,三星,-1.0,-1.0,-1.0,-1.0,-1
1300,2.0,-1.0,-1.0,-1.0,-1.0,-1.0,-1.0,-1.0,-1.0,-1.0,-1.0,-1.0,-1.0,-1.0,6.0,11.0,1.0,否,4G,否,0.0,是,0.0,0.0,244.0,0.0,苹果,A2639,61.39,244.0,49.0,79.0,0.0,56875910.0,0.0,否,三星,-1.0,-1.0,-1.0,-1.0,-1
1301,2.0,-1.0,-1.0,-1.0,-1.0,-1.0,-1.0,-1.0,-1.0,-1.0,-1.0,-1.0,-1.0,-1.0,6.0,8.0,2.0,否,5G,否,0.0,是,0.0,0.0,777.0,0.0,苹果,A2404,209.0,777.0,49.0,465.0,0.0,17488900.0,0.0,是,三星,-1.0,-1.0,-1.0,-1.0,-1
1302,1.0,1.0,1.0,-1.0,-1.0,1.0,-1.0,-1.0,-1.0,1.0,1.0,1.0,-1.0,1.0,80.0,5.0,7.0,否,4G,否,0.0,是,0.0,0.0,243.0,0.0,华为,JEF-AN20,60.5,243.0,50.0,466.0,0.0,3076001.0,0.0,否,三星,-1.0,-1.0,-1.0,-1.0,-1
1303,2.0,-1.0,-1.0,-1.0,-1.0,-1.0,-1.0,-1.0,-1.0,-1.0,-1.0,-1.0,-1.0,-1.0,5.0,4.0,1.0,否,4G,否,0.0,是,0.0,0.0,113.0,0.0,步步高,V2034A,18.0,113.0,18.0,218.0,0.0,1878614.0,0.0,否,三星,-1.0,-1.0,-1.0,-1.0,-1
1304,1.0,-1.0,-1.0,-1.0,-1.0,-1.0,1.0,-1.0,-1.0,-1.0,-1.0,-1.0,-1.0,1.0,1.0,0.0,0.0,否,5G,否,0.0,是,0.0,0.0,223.0,0.0,华为,ANA-AN00,128.0,223.0,128.0,174.0,0.0,1756085.0,0.0,是,银卡,-1.0,-1.0,-1.0,-1.0,-1
1305,2.0,-1.0,-1.0,-1.0,-1.0,-1.0,-1.0,-1.0,-1.0,-1.0,-1.0,-1.0,-1.0,-1.0,0.0,5.0,0.0,否,5G,否,0.0,是,0.0,0.0,633.0,0.0,华为,LIO-AN00,100.3,633.0,20.0,539.0,0.0,2267369.0,0.0,是,银卡,-1.0,-1.0,-1.0,-1.0,-1
1306,1.0,1.0,-1.0,-1.0,-1.0,-1.0,-1.0,-1.0,-1.0,-1.0,1.0,-1.0,-1.0,-1.0,18.0,9.0,0.0,否,5G,否,0.0,是,0.0,0.0,299.0,0.0,苹果,A2404,114.0,299.0,114.0,353.0,0.0,23519123.0,0.0,是,银卡,-1.0,-1.0,-1.0,-1.0,-1
1307,1.0,1.0,1.0,-1.0,1.0,-1.0,-1.0,-1.0,1.0,-1.0,-1.0,-1.0,-1.0,-1.0,12.0,65.0,96.0,否,4G,否,0.0,是,0.0,0.0,1435.0,0.0,苹果,iPhone 8 Plus A1864,235.0,1435.0,235.3,1488.0,0.0,42273369.0,0.0,否,金卡,-1.0,-1.0,-1.0,-1.0,-1
1308,2.0,-1.0,-1.0,-1.0,-1.0,-1.0,-1.0,-1.0,-1.0,-1.0,-1.0,-1.0,-1.0,-1.0,0.0,0.0,2.0,否,5G,否,0.0,是,0.0,0.0,165.0,0.0,欧珀,PDKM00,0.0,165.0,0.0,47.0,0.0,1134564.0,0.0,是,三星,-1.0,-1.0,-1.0,-1.0,-1
1309,1.0,-1.0,1.0,-1.0,-1.0,-1.0,-1.0,1.0,-1.0,-1.0,-1.0,1.0,-1.0,1.0,42.0,79.0,3.0,否,4G,否,0.0,是,0.0,0.0,712.0,0.0,华为,JSN-AL00a,123.15,712.0,114.39,440.0,0.0,78347425.0,0.0,否,银卡,-1.0,-1.0,-1.0,-1.0,-1
1310,2.0,-1.0,-1.0,-1.0,-1.0,-1.0,-1.0,-1.0,-1.0,-1.0,-1.0,-1.0,-1.0,-1.0,6.0,38.0,0.0,否,4G,否,0.0,是,0.0,0.11304347826087,690.0,78.0,华为,HRY-AL00,68.96,690.0,83.8,1112.0,0.0975734948362701,21736323.0,2120889.0,否,三星,-1.0,-1.0,-1.0,-1.0,-1
1311,1.0,1.0,-1.0,-1.0,-1.0,-1.0,1.0,-1.0,1.0,-1.0,-1.0,1.0,-1.0,1.0,25.0,16.0,0.0,否,4G,否,0.0,是,0.0,0.0,426.0,0.0,华为,WLZ-AL10,69.0,426.0,69.0,499.0,0.0,7494159.0,0.0,否,三星,1.0,-1.0,-1.0,-1.0,-1
1312,1.0,-1.0,-1.0,-1.0,-1.0,1.0,1.0,1.0,1.0,-1.0,-1.0,-1.0,-1.0,-1.0,30.0,71.0,4.0,否,5G,否,0.0,是,0.0,0.0172910662824208,347.0,6.0,苹果,A2639,60.2,347.0,99.0,295.0,0.0993729358664752,13180470.0,1309782.0,是,三星,-1.0,-1.0,-1.0,-1.0,-1
1313,2.0,-1.0,-1.0,-1.0,-1.0,-1.0,-1.0,-1.0,-1.0,-1.0,-1.0,-1.0,-1.0,-1.0,17.0,0.0,0.0,否,4G,是,92.48,是,24.06,0.0,187.0,0.0,华为,VCE-AL00,44.06,187.0,20.0,219.0,0.0,19956644.0,0.0,否,一星,-1.0,-1.0,-1.0,-1.0,-1
1314,2.0,-1.0,-1.0,-1.0,-1.0,-1.0,-1.0,-1.0,-1.0,-1.0,-1.0,-1.0,-1.0,-1.0,2.0,0.0,3.0,否,5G,否,0.0,是,0.0,0.0,813.0,0.0,华为,JEF-AN00,110.0,813.0,110.0,1228.0,0.0,4130363.0,0.0,是,银卡,-1.0,-1.0,-1.0,-1.0,-1
1315,1.0,1.0,-1.0,-1.0,-1.0,-1.0,-1.0,-1.0,-1.0,1.0,-1.0,-1.0,-1.0,-1.0,25.0,1.0,0.0,否,4G,否,0.0,是,0.0,0.0,159.0,0.0,小米科技,M1805E2A,29.0,159.0,29.0,34.0,0.0,3786142.0,0.0,否,三星,-1.0,-1.0,-1.0,-1.0,-1
1316,1.0,1.0,-1.0,-1.0,-1.0,-1.0,-1.0,-1.0,1.0,-1.0,-1.0,-1.0,-1.0,-1.0,1.0,14.0,0.0,否,4G,否,0.0,是,0.0,0.0,336.0,0.0,小米科技,M1906G7T,362.48,336.0,66.12,304.0,3.75892792368474e-07,2660333.0,1.0,否,三星,1.0,-1.0,-1.0,-1.0,-1
1317,1.0,1.0,1.0,-1.0,-1.0,-1.0,-1.0,-1.0,-1.0,1.0,1.0,1.0,-1.0,-1.0,8.0,23.0,8.0,否,4G,否,0.0,是,0.0,0.0,679.0,0.0,苹果,A2104,147.2,679.0,149.75,566.0,0.0,32503613.0,0.0,否,银卡,-1.0,-1.0,-1.0,-1.0,-1
1318,2.0,-1.0,-1.0,-1.0,-1.0,-1.0,-1.0,-1.0,-1.0,-1.0,-1.0,-1.0,-1.0,-1.0,0.0,0.0,0.0,否,5G,否,0.0,是,0.0,0.0,226.0,0.0,华为,NOP-AN00,70.04,226.0,67.94,105.0,1.96134892900802e-05,11522682.0,226.0,是,银卡,-1.0,-1.0,-1.0,-1.0,-1
1319,1.0,1.0,1.0,-1.0,1.0,1.0,-1.0,1.0,-1.0,-1.0,1.0,1.0,-1.0,-1.0,13.0,1.0,0.0,否,5G,否,0.0,是,0.0,0.0,158.0,0.0,华为,ANA-AN00,10.0,158.0,180.0,423.0,0.0,31694051.0,0.0,是,三星,-1.0,-1.0,-1.0,-1.0,-1
1320,1.0,1.0,-1.0,-1.0,-1.0,-1.0,1.0,-1.0,-1.0,-1.0,1.0,-1.0,-1.0,1.0,6.0,0.0,4.0,否,5G,否,0.0,是,0.0,0.0,1135.0,0.0,华为,NOH-AN01,58.9,1135.0,48.9,720.0,0.0,59019083.0,0.0,是,三星,-1.0,-1.0,-1.0,-1.0,-1
1321,1.0,1.0,-1.0,-1.0,-1.0,-1.0,1.0,-1.0,1.0,1.0,-1.0,-1.0,-1.0,1.0,0.0,0.0,0.0,否,5G,否,0.0,是,0.0,0.0,169.0,0.0,步步高,V2156A,89.0,169.0,108.9,252.0,0.0,40310030.0,0.0,是,三星,-1.0,-1.0,-1.0,-1.0,-1
1322,2.0,-1.0,-1.0,-1.0,-1.0,-1.0,-1.0,-1.0,-1.0,-1.0,-1.0,-1.0,-1.0,-1.0,17.0,10.0,1.0,否,5G,否,0.0,是,0.0,0.0,410.0,0.0,华为,TAS-AN00,63.0,410.0,63.0,273.0,0.0,11304582.0,0.0,是,三星,-1.0,-1.0,-1.0,-1.0,-1
1323,1.0,-1.0,1.0,-1.0,-1.0,-1.0,-1.0,-1.0,-1.0,-1.0,1.0,-1.0,-1.0,-1.0,1.0,12.0,2.0,否,4G,否,0.0,是,0.0,0.0,674.0,0.0,苹果,A2104,224.0,674.0,190.0,183.0,0.0,141203245.0,0.0,否,金卡,-1.0,-1.0,-1.0,-1.0,-1
1324,1.0,1.0,-1.0,-1.0,-1.0,-1.0,-1.0,-1.0,-1.0,1.0,1.0,1.0,1.0,-1.0,23.0,11.0,0.0,否,5G,否,0.0,是,0.0,0.0,352.0,0.0,苹果,A2400,155.99,352.0,314.0,271.0,0.0,39305433.0,0.0,是,白金卡,-1.0,-1.0,-1.0,-1.0,-1
1325,2.0,-1.0,-1.0,-1.0,-1.0,-1.0,-1.0,-1.0,-1.0,-1.0,-1.0,-1.0,-1.0,-1.0,8.0,6.0,0.0,否,5G,否,0.0,是,0.0,0.0,252.0,0.0,苹果,A2629,27.75,252.0,23.75,337.0,0.0,12064085.0,0.0,是,三星,-1.0,-1.0,-1.0,-1.0,-1
1326,2.0,-1.0,-1.0,-1.0,-1.0,-1.0,-1.0,-1.0,-1.0,-1.0,-1.0,-1.0,-1.0,-1.0,25.0,23.0,3.0,否,4G,否,0.0,是,0.0,0.0,294.0,0.0,华为,LSA-AN00,90.0,294.0,90.0,297.0,0.000309314188456756,9630984.0,2979.0,否,银卡,-1.0,-1.0,-1.0,-1.0,-1
1327,1.0,1.0,-1.0,-1.0,-1.0,1.0,-1.0,-1.0,1.0,1.0,-1.0,1.0,-1.0,-1.0,8.0,5.0,0.0,否,5G,否,0.0,是,0.0,0.0903010033444816,299.0,27.0,小米科技,22041211AC,81.0,299.0,8.0,175.0,0.319985959359315,55407728.0,17729695.0,是,二星,-1.0,-1.0,-1.0,-1.0,-1
1328,2.0,-1.0,-1.0,-1.0,-1.0,-1.0,-1.0,-1.0,-1.0,-1.0,-1.0,-1.0,-1.0,-1.0,6.0,6.0,0.0,否,5G,是,0.0,是,0.0,0.123762376237624,808.0,100.0,华为,NOH-AN00,59.0,808.0,59.0,632.0,0.0510051599091595,16158424.0,824163.0,是,三星,-1.0,-1.0,-1.0,-1.0,-1
1329,1.0,1.0,-1.0,1.0,-1.0,-1.0,-1.0,-1.0,-1.0,-1.0,1.0,1.0,-1.0,-1.0,6.0,15.0,2.0,否,5G,否,0.0,是,0.0,0.0,473.0,0.0,华为,HLK-AL00,79.0,473.0,95.15,746.0,0.0,8985632.0,0.0,是,三星,-1.0,-1.0,-1.0,-1.0,-1
1330,1.0,1.0,-1.0,-1.0,-1.0,-1.0,-1.0,-1.0,-1.0,-1.0,1.0,-1.0,-1.0,-1.0,15.0,30.0,1.0,否,4G,是,0.0,是,0.0,0.0,193.0,0.0,华为,JAD-AL00,89.0,193.0,90.0,202.0,0.0,4568382.0,0.0,否,银卡,-1.0,-1.0,-1.0,-1.0,-1
1331,2.0,-1.0,-1.0,-1.0,-1.0,-1.0,-1.0,-1.0,-1.0,-1.0,-1.0,-1.0,-1.0,-1.0,30.0,10.0,0.0,否,4G,否,0.0,是,0.0,0.0065359477124183,153.0,1.0,苹果,iPhone X A1865,128.0,153.0,128.1,155.0,0.0295472143665261,2755962.0,81431.0,否,银卡,-1.0,-1.0,-1.0,-1.0,-1
1332,1.0,1.0,-1.0,-1.0,-1.0,-1.0,-1.0,-1.0,-1.0,-1.0,1.0,1.0,-1.0,-1.0,13.0,18.0,0.0,否,4G,否,0.0,是,0.0,0.0,352.0,0.0,苹果,iPhone X A1902,80.0,352.0,60.0,121.0,0.0,19303744.0,0.0,否,三星,-1.0,-1.0,-1.0,-1.0,-1
1333,1.0,-1.0,1.0,-1.0,-1.0,-1.0,-1.0,-1.0,-1.0,-1.0,-1.0,1.0,-1.0,-1.0,13.0,10.0,0.0,否,4G,是,0.0,是,0.0,0.0,231.0,0.0,苹果,A2412,48.3,231.0,56.17,288.0,0.0,12886265.0,0.0,否,三星,-1.0,-1.0,-1.0,-1.0,-1
1334,2.0,-1.0,-1.0,-1.0,-1.0,-1.0,-1.0,-1.0,-1.0,-1.0,-1.0,-1.0,-1.0,-1.0,5.0,12.0,3.0,否,4G,否,0.0,是,0.0,0.0,201.0,0.0,华为,HMA-AL00,29.2,201.0,29.0,155.0,0.0,9932285.0,0.0,否,三星,-1.0,-1.0,-1.0,-1.0,-1
1335,2.0,-1.0,-1.0,-1.0,-1.0,-1.0,-1.0,-1.0,-1.0,-1.0,-1.0,-1.0,-1.0,-1.0,6.0,7.0,1.0,否,4G,否,0.0,是,0.0,0.0,200.0,0.0,苹果,A2408,14.0,200.0,13.0,105.0,0.0,92937.0,0.0,否,三星,-1.0,-1.0,-1.0,-1.0,-1
1336,2.0,-1.0,-1.0,-1.0,-1.0,-1.0,-1.0,-1.0,-1.0,-1.0,-1.0,-1.0,-1.0,-1.0,18.0,6.0,5.0,否,5G,否,0.0,是,0.0,0.0,914.0,0.0,华为,RNA-AN00,170.1,914.0,161.5,1047.0,0.0,12158070.0,0.0,是,银卡,-1.0,-1.0,-1.0,-1.0,-1
1337,2.0,-1.0,-1.0,-1.0,-1.0,-1.0,-1.0,-1.0,-1.0,-1.0,-1.0,-1.0,-1.0,-1.0,0.0,35.0,0.0,否,4G,否,0.0,是,0.0,0.0387596899224806,258.0,10.0,步步高,V1921A,70.0,258.0,70.0,296.0,0.00135275674435197,43060957.0,58251.0,否,二星,-1.0,-1.0,-1.0,-1.0,-1
1338,2.0,-1.0,-1.0,-1.0,-1.0,-1.0,-1.0,-1.0,-1.0,-1.0,-1.0,-1.0,-1.0,-1.0,5.0,8.0,0.0,否,4G,否,0.0,是,0.0,0.0,508.0,0.0,华为,AQM-AL10,80.0,508.0,78.0,45.0,0.0,11666066.0,0.0,否,三星,-1.0,-1.0,-1.0,-1.0,-1
1339,2.0,-1.0,-1.0,-1.0,-1.0,-1.0,-1.0,-1.0,-1.0,-1.0,-1.0,-1.0,-1.0,-1.0,4.0,9.0,0.0,否,4G,否,0.0,是,0.0,0.0,278.0,0.0,小米科技,HMK20M1903F10A,60.3,278.0,61.39,225.0,0.0,17139548.0,0.0,否,三星,-1.0,-1.0,-1.0,-1.0,-1
1340,2.0,-1.0,-1.0,-1.0,-1.0,-1.0,-1.0,-1.0,-1.0,-1.0,-1.0,-1.0,-1.0,-1.0,5.0,23.0,0.0,否,4G,否,37.85,是,10.0,0.0,181.0,0.0,华为,NTH-AN00,83.0,181.0,68.0,231.0,0.0,11811077.0,0.0,否,三星,-1.0,-1.0,-1.0,-1.0,-1
1341,1.0,-1.0,1.0,-1.0,1.0,-1.0,-1.0,-1.0,1.0,1.0,-1.0,-1.0,-1.0,-1.0,5.0,12.0,0.0,否,5G,否,0.0,是,0.0,0.0,385.0,0.0,小米科技,M2001J2C,90.45,385.0,90.0,208.0,0.0,6294471.0,0.0,是,银卡,-1.0,-1.0,-1.0,-1.0,-1
1342,2.0,-1.0,-1.0,-1.0,-1.0,-1.0,-1.0,-1.0,-1.0,-1.0,-1.0,-1.0,-1.0,-1.0,0.0,12.0,1.0,否,4G,否,0.0,是,0.0,0.0,944.0,0.0,华为,LYA-AL00,60.0,944.0,60.0,768.0,9.81046091409362e-07,10193201.0,10.0,否,三星,-1.0,-1.0,-1.0,-1.0,-1
1343,1.0,1.0,-1.0,-1.0,1.0,1.0,-1.0,1.0,-1.0,-1.0,-1.0,1.0,-1.0,1.0,0.0,5.0,2.0,否,4G,是,4.9,是,0.58,0.0,161.0,0.0,苹果,A2223,11.42,161.0,10.6,74.0,0.0,1837854.0,0.0,否,二星,-1.0,-1.0,-1.0,-1.0,-1
1344,2.0,-1.0,-1.0,-1.0,-1.0,-1.0,-1.0,-1.0,-1.0,-1.0,-1.0,-1.0,-1.0,-1.0,8.0,22.0,1.0,否,5G,否,0.0,是,0.0,0.0,230.0,0.0,华为,FRL-AN00a,75.0,230.0,75.0,369.0,1.06424303053845e-05,10148058.0,108.0,是,三星,-1.0,-1.0,-1.0,-1.0,-1
1345,1.0,1.0,-1.0,-1.0,-1.0,-1.0,-1.0,-1.0,-1.0,-1.0,-1.0,-1.0,-1.0,1.0,8.0,40.0,4.0,否,5G,否,0.0,是,0.0,0.0,498.0,0.0,苹果,A2644,66.8,498.0,66.0,407.0,0.0,27492243.0,0.0,是,三星,-1.0,-1.0,-1.0,-1.0,-1
1346,2.0,-1.0,-1.0,-1.0,-1.0,-1.0,-1.0,-1.0,-1.0,-1.0,-1.0,-1.0,-1.0,-1.0,0.0,0.0,0.0,否,4G,否,0.0,是,0.0,0.0,480.0,0.0,华为,CDY-TN20,13.7,480.0,18.8,490.0,0.0,752.0,0.0,否,三星,-1.0,-1.0,-1.0,-1.0,-1
1347,2.0,-1.0,-1.0,-1.0,-1.0,-1.0,-1.0,-1.0,-1.0,-1.0,-1.0,-1.0,-1.0,-1.0,30.0,18.0,1.0,否,5G,是,0.0,是,0.0,0.0,267.0,0.0,苹果,A2412,220.0,267.0,220.0,552.0,0.0,82726401.0,0.0,是,银卡,-1.0,-1.0,-1.0,-1.0,-1
1348,1.0,-1.0,-1.0,-1.0,-1.0,-1.0,1.0,-1.0,1.0,-1.0,-1.0,1.0,-1.0,1.0,2.0,0.0,0.0,否,4G,否,0.0,是,0.0,0.0,510.0,0.0,苹果,iPhone 8 A1863,39.0,510.0,39.0,139.0,0.0,4088580.0,0.0,否,三星,-1.0,-1.0,-1.0,-1.0,-1
1349,2.0,-1.0,-1.0,-1.0,-1.0,-1.0,-1.0,-1.0,-1.0,-1.0,-1.0,-1.0,-1.0,-1.0,11.0,18.0,1.0,否,4G,否,0.0,是,0.0,0.0,233.0,0.0,苹果,A2220,90.0,233.0,90.0,103.0,0.0,30681168.0,0.0,否,三星,-1.0,-1.0,-1.0,-1.0,-1
1350,2.0,-1.0,-1.0,-1.0,-1.0,-1.0,-1.0,-1.0,-1.0,-1.0,-1.0,-1.0,-1.0,-1.0,14.0,22.0,0.0,否,4G,否,249.47,是,60.0,0.0,412.0,0.0,苹果,iPhone X A1865,161.3,412.0,124.8,811.0,0.0,17302669.0,0.0,否,三星,-1.0,-1.0,-1.0,-1.0,-1
1351,1.0,-1.0,-1.0,-1.0,-1.0,1.0,1.0,-1.0,1.0,-1.0,1.0,-1.0,-1.0,1.0,36.0,0.0,0.0,否,4G,否,0.0,是,0.0,0.0,152.0,0.0,华为,COL-AL10,48.0,152.0,48.0,189.0,0.0,25802134.0,0.0,否,三星,-1.0,-1.0,-1.0,-1.0,-1
1352,1.0,-1.0,-1.0,-1.0,-1.0,1.0,1.0,1.0,-1.0,-1.0,-1.0,1.0,-1.0,1.0,2.0,30.0,2.0,否,4G,否,1049.66,是,30.0,0.0,556.0,0.0,苹果,A2408,121.23,556.0,139.0,486.0,0.0,32793837.0,0.0,否,银卡,-1.0,-1.0,-1.0,-1.0,-1
1353,1.0,1.0,-1.0,-1.0,1.0,1.0,-1.0,-1.0,-1.0,1.0,-1.0,1.0,-1.0,1.0,10.0,27.0,1.0,否,4G,否,0.0,是,0.0,0.0,236.0,0.0,华为,VOG-AL00,21.0,236.0,21.5,241.0,0.0,35633348.0,0.0,否,二星,-1.0,-1.0,-1.0,-1.0,-1
1354,1.0,1.0,-1.0,-1.0,-1.0,-1.0,-1.0,-1.0,-1.0,-1.0,-1.0,1.0,-1.0,-1.0,7.0,34.0,0.0,否,4G,是,0.0,是,0.0,0.0,1205.0,0.0,华为,ALA-AN70,57.1,1205.0,72.0,884.0,0.0,50005829.0,0.0,否,三星,-1.0,-1.0,-1.0,-1.0,-1
1355,1.0,1.0,-1.0,-1.0,-1.0,-1.0,1.0,-1.0,1.0,-1.0,1.0,1.0,-1.0,1.0,40.0,27.0,4.0,否,4G,否,0.0,是,0.0,0.0,471.0,0.0,小米科技,M2004J7AC,75.9,471.0,58.94,793.0,0.0,44521918.0,0.0,否,三星,-1.0,-1.0,-1.0,-1.0,-1
1356,2.0,-1.0,-1.0,-1.0,-1.0,-1.0,-1.0,-1.0,-1.0,-1.0,-1.0,-1.0,-1.0,-1.0,5.0,1.0,0.0,否,4G,否,0.0,是,0.0,0.0,158.0,0.0,华为,YAL-AL00,28.0,158.0,28.0,206.0,0.0,10690727.0,0.0,否,三星,-1.0,-1.0,-1.0,-1.0,-1
1357,2.0,-1.0,-1.0,-1.0,-1.0,-1.0,-1.0,-1.0,-1.0,-1.0,-1.0,-1.0,-1.0,-1.0,6.0,14.0,3.0,否,4G,否,0.0,是,0.0,0.0,318.0,0.0,小米科技,M1803E1A,56.0,318.0,56.0,497.0,0.0,16971988.0,0.0,否,三星,-1.0,-1.0,-1.0,-1.0,-1
1358,2.0,-1.0,-1.0,-1.0,-1.0,-1.0,-1.0,-1.0,-1.0,-1.0,-1.0,-1.0,-1.0,-1.0,0.0,0.0,0.0,否,4G,否,0.0,是,0.0,0.0,166.0,0.0,三星,SM-C9000,39.0,166.0,40.43,144.0,0.0,1835884.0,0.0,否,三星,-1.0,-1.0,-1.0,-1.0,-1
1359,2.0,-1.0,-1.0,-1.0,-1.0,-1.0,-1.0,-1.0,-1.0,-1.0,-1.0,-1.0,-1.0,-1.0,0.0,1.0,0.0,否,5G,否,0.0,是,0.0,0.0,170.0,0.0,小米科技,22021211RC,40.0,170.0,30.0,305.0,0.0,27840653.0,0.0,是,三星,-1.0,-1.0,-1.0,-1.0,-1
1360,1.0,-1.0,-1.0,-1.0,-1.0,-1.0,1.0,-1.0,1.0,1.0,1.0,1.0,-1.0,1.0,0.0,7.0,0.0,否,5G,否,0.0,是,0.0,0.188589540412044,631.0,119.0,欧珀,PDYM20,69.0,631.0,50.36,95.0,0.338065449210776,289018.0,97707.0,是,未评级,-1.0,-1.0,-1.0,-1.0,-1
1361,1.0,1.0,1.0,-1.0,-1.0,-1.0,-1.0,1.0,1.0,1.0,1.0,-1.0,-1.0,1.0,5.0,8.0,2.0,否,5G,否,0.0,是,0.0,0.0,266.0,0.0,苹果,iPhone X A1865,168.66,266.0,209.45,390.0,0.0,39359118.0,0.0,是,银卡,-1.0,-1.0,-1.0,-1.0,-1
1362,1.0,-1.0,1.0,-1.0,-1.0,-1.0,-1.0,1.0,1.0,-1.0,-1.0,1.0,-1.0,-1.0,4.0,0.0,1.0,否,5G,否,0.0,是,0.0,0.0,231.0,0.0,苹果,A2404,100.0,231.0,100.0,117.0,0.0,10229550.0,0.0,是,三星,-1.0,-1.0,-1.0,-1.0,-1
1363,1.0,1.0,-1.0,-1.0,-1.0,-1.0,-1.0,-1.0,1.0,1.0,-1.0,-1.0,-1.0,-1.0,14.0,5.0,7.0,否,5G,否,0.0,是,0.0,0.0,280.0,0.0,索尼爱立信,XQ-AS72,139.0,280.0,139.0,437.0,0.0,20990249.0,0.0,是,银卡,-1.0,-1.0,-1.0,-1.0,-1
1364,1.0,1.0,-1.0,-1.0,-1.0,-1.0,-1.0,-1.0,-1.0,1.0,-1.0,1.0,-1.0,-1.0,4.0,2.0,0.0,否,4G,否,0.0,是,0.0,0.0,201.0,0.0,小米科技,M1804D2SE,0.0,201.0,0.0,70.0,0.0,87357.0,0.0,否,三星,-1.0,-1.0,-1.0,-1.0,-1
1365,2.0,-1.0,-1.0,-1.0,-1.0,-1.0,-1.0,-1.0,-1.0,-1.0,-1.0,-1.0,-1.0,-1.0,20.0,8.0,0.0,否,4G,否,39.27,是,10.0,0.0,234.0,0.0,苹果,iPhone 8 Plus A1864,69.0,234.0,65.0,183.0,0.0,21135189.0,0.0,否,三星,-1.0,-1.0,-1.0,-1.0,-1
1366,1.0,1.0,1.0,1.0,-1.0,-1.0,-1.0,-1.0,-1.0,-1.0,1.0,1.0,-1.0,1.0,34.0,5.0,0.0,否,4G,否,0.0,是,0.0,0.0,235.0,0.0,华为,ELS-AN00,37.99,235.0,35.0,96.0,0.0,2634247.0,0.0,否,三星,-1.0,-1.0,-1.0,-1.0,-1
1367,1.0,1.0,-1.0,-1.0,-1.0,-1.0,-1.0,-1.0,-1.0,-1.0,1.0,1.0,-1.0,-1.0,0.0,0.0,0.0,否,2G,否,0.0,否,0.0,0.0,443.0,0.0,华为,AQM-AL10,0.0,443.0,0.0,528.0,0.0,0.0,0.0,否,三星,-1.0,-1.0,-1.0,-1.0,-1
1368,2.0,-1.0,-1.0,-1.0,-1.0,-1.0,-1.0,-1.0,-1.0,-1.0,-1.0,-1.0,-1.0,-1.0,4.0,8.0,3.0,否,4G,是,6.19,是,1.74,0.0,350.0,0.0,苹果,A2223,55.34,350.0,110.2,1235.0,0.0,10671714.0,0.0,否,三星,-1.0,-1.0,-1.0,-1.0,-1
1369,1.0,1.0,-1.0,-1.0,-1.0,-1.0,-1.0,-1.0,-1.0,-1.0,1.0,-1.0,-1.0,-1.0,6.0,0.0,10.0,否,5G,否,0.0,是,0.0,0.0,1069.0,0.0,中邮通信,Hera-BD00,203.46,1069.0,149.16,1046.0,0.0,13706807.0,0.0,是,银卡,1.0,-1.0,-1.0,-1.0,-1
1370,2.0,-1.0,-1.0,-1.0,-1.0,-1.0,-1.0,-1.0,-1.0,-1.0,-1.0,-1.0,-1.0,-1.0,46.0,3.0,2.0,否,5G,否,0.0,是,0.0,0.0,384.0,0.0,苹果,A2412,40.1,384.0,32.9,119.0,0.0,16053670.0,0.0,是,三星,-1.0,-1.0,-1.0,-1.0,-1
1371,1.0,1.0,1.0,-1.0,-1.0,1.0,-1.0,1.0,-1.0,1.0,1.0,-1.0,-1.0,1.0,22.0,30.0,5.0,否,4G,否,0.0,是,0.0,0.0643642072213501,637.0,41.0,苹果,iPhone X A1865,80.0,637.0,80.1,300.0,0.0259043193101806,16375300.0,424191.0,否,银卡,-1.0,-1.0,-1.0,-1.0,-1
1372,1.0,1.0,-1.0,-1.0,-1.0,1.0,-1.0,-1.0,-1.0,1.0,-1.0,-1.0,-1.0,1.0,13.0,6.0,0.0,否,4G,否,0.0,是,0.0,0.0,175.0,0.0,苹果,iPhone 6S Plus A1687,70.0,175.0,55.0,266.0,0.0,1016068.0,0.0,否,三星,-1.0,-1.0,-1.0,-1.0,-1
1373,1.0,1.0,-1.0,-1.0,1.0,1.0,1.0,-1.0,1.0,-1.0,1.0,-1.0,-1.0,1.0,79.0,57.0,4.0,否,4G,否,0.0,是,0.0,0.0,529.0,0.0,华为,CDY-AN00,238.0,529.0,186.4,1069.0,0.0,56414075.0,0.0,否,金卡,-1.0,-1.0,-1.0,-1.0,-1
1374,1.0,1.0,-1.0,-1.0,-1.0,-1.0,-1.0,-1.0,1.0,-1.0,1.0,-1.0,-1.0,-1.0,0.0,8.0,0.0,否,4G,否,0.0,是,0.0,0.0,396.0,0.0,苹果,iPhone 6S PLUS A1699,91.0,396.0,91.0,471.0,0.0,17322908.0,0.0,否,银卡,-1.0,-1.0,-1.0,-1.0,-1
1375,2.0,-1.0,-1.0,-1.0,-1.0,-1.0,-1.0,-1.0,-1.0,-1.0,-1.0,-1.0,-1.0,-1.0,0.0,2.0,2.0,否,5G,否,0.0,是,0.0,0.0,819.0,0.0,华为,ANA-AN00,105.0,819.0,105.0,518.0,0.0,14385516.0,0.0,是,三星,-1.0,-1.0,-1.0,-1.0,-1
1376,1.0,1.0,-1.0,-1.0,-1.0,1.0,-1.0,1.0,-1.0,-1.0,1.0,1.0,-1.0,1.0,6.0,1.0,1.0,否,5G,否,0.0,是,0.0,0.0386029411764706,544.0,21.0,小米科技,M2102K1AC,178.0,544.0,142.93,673.0,0.0556311941114646,47758565.0,2656866.0,是,金卡,-1.0,-1.0,-1.0,-1.0,-1
1377,2.0,-1.0,-1.0,-1.0,-1.0,-1.0,-1.0,-1.0,-1.0,-1.0,-1.0,-1.0,-1.0,-1.0,14.0,7.0,0.0,否,4G,否,0.0,是,0.0,0.0,164.0,0.0,苹果,A2104,128.0,164.0,118.0,513.0,0.0,3116726.0,0.0,否,银卡,-1.0,-1.0,-1.0,-1.0,-1
1378,2.0,-1.0,-1.0,-1.0,-1.0,-1.0,-1.0,-1.0,-1.0,-1.0,-1.0,-1.0,-1.0,-1.0,15.0,7.0,0.0,否,4G,否,0.0,是,0.0,0.0,223.0,0.0,步步高,vivo Y67,43.1,223.0,42.93,187.0,0.0,2715706.0,0.0,否,三星,-1.0,-1.0,-1.0,-1.0,-1
1379,2.0,-1.0,-1.0,-1.0,-1.0,-1.0,-1.0,-1.0,-1.0,-1.0,-1.0,-1.0,-1.0,-1.0,0.0,19.0,1.0,否,4G,否,0.0,是,0.0,0.0,175.0,0.0,华为,ELE-AL00,0.0,175.0,0.0,463.0,0.0,65476.0,0.0,否,三星,-1.0,-1.0,-1.0,-1.0,-1
1380,1.0,1.0,-1.0,-1.0,-1.0,-1.0,-1.0,-1.0,-1.0,-1.0,-1.0,-1.0,-1.0,1.0,0.0,19.0,0.0,否,5G,否,0.0,是,0.0,0.0,422.0,0.0,苹果,A2404,59.0,422.0,50.16,555.0,0.0,15948216.0,0.0,是,三星,-1.0,-1.0,-1.0,-1.0,-1
1381,1.0,1.0,1.0,1.0,1.0,1.0,1.0,1.0,1.0,1.0,1.0,1.0,1.0,1.0,23.0,32.0,3.0,否,5G,否,0.0,是,0.0,0.0,669.0,0.0,苹果,A2412,100.4,669.0,100.1,593.0,0.0,3727407.0,0.0,是,三星,-1.0,-1.0,-1.0,-1.0,-1
1382,1.0,-1.0,-1.0,-1.0,-1.0,1.0,-1.0,-1.0,1.0,-1.0,-1.0,1.0,-1.0,-1.0,43.0,22.0,0.0,否,4G,否,0.0,是,0.0,0.0,393.0,0.0,华为,SPN-AL00,58.3,393.0,58.0,354.0,0.0,21689490.0,0.0,否,三星,-1.0,-1.0,-1.0,-1.0,-1
1383,1.0,1.0,-1.0,-1.0,-1.0,1.0,-1.0,-1.0,1.0,-1.0,-1.0,-1.0,-1.0,-1.0,33.0,15.0,0.0,否,4G,否,0.0,是,0.0,0.0,342.0,0.0,苹果,iPhone X A1865,57.8,342.0,75.3,310.0,1.09119302783774e-06,12829994.0,14.0,否,三星,1.0,-1.0,-1.0,-1.0,1
1384,1.0,1.0,-1.0,-1.0,-1.0,-1.0,-1.0,-1.0,-1.0,1.0,-1.0,-1.0,-1.0,-1.0,2.0,3.0,0.0,否,5G,否,0.0,是,0.0,0.0229885057471264,435.0,10.0,华为,BMH-AN10,169.0,435.0,169.0,419.0,0.0583992834429466,20617479.0,1204046.0,是,银卡,-1.0,-1.0,-1.0,-1.0,-1
1385,1.0,-1.0,-1.0,-1.0,-1.0,1.0,-1.0,-1.0,-1.0,1.0,1.0,1.0,1.0,1.0,22.0,10.0,4.0,否,5G,否,0.0,是,0.0,0.0,143.0,0.0,小米科技,M2006J10C,128.0,143.0,128.0,113.0,0.0,9240609.0,0.0,是,银卡,1.0,-1.0,-1.0,-1.0,1
1386,2.0,-1.0,-1.0,-1.0,-1.0,-1.0,-1.0,-1.0,-1.0,-1.0,-1.0,-1.0,-1.0,-1.0,50.0,19.0,3.0,否,5G,否,0.0,是,0.0,0.0,286.0,0.0,苹果,A2644,130.0,286.0,146.0,651.0,0.0,30271577.0,0.0,是,银卡,-1.0,-1.0,-1.0,-1.0,-1
1387,2.0,-1.0,-1.0,-1.0,-1.0,-1.0,-1.0,-1.0,-1.0,-1.0,-1.0,-1.0,-1.0,-1.0,19.0,16.0,4.0,否,4G,否,0.0,是,0.0,0.0,266.0,0.0,华为,KOZ-AL00,90.0,266.0,90.1,457.0,0.00505890476265573,27837053.0,140825.0,否,银卡,-1.0,-1.0,-1.0,-1.0,-1
1388,2.0,-1.0,-1.0,-1.0,-1.0,-1.0,-1.0,-1.0,-1.0,-1.0,-1.0,-1.0,-1.0,-1.0,13.0,2.0,2.0,否,5G,否,0.0,是,0.0,0.0,175.0,0.0,欧珀,PFCM00,111.0,175.0,100.0,122.0,0.0,53174215.0,0.0,是,银卡,-1.0,-1.0,-1.0,-1.0,-1
1389,2.0,-1.0,-1.0,-1.0,-1.0,-1.0,-1.0,-1.0,-1.0,-1.0,-1.0,-1.0,-1.0,-1.0,0.0,14.0,3.0,否,4G,否,0.0,是,0.0,0.0,389.0,0.0,小米科技,M2006C3LC,91.98,389.0,97.39,451.0,0.0,73579312.0,0.0,否,三星,-1.0,-1.0,-1.0,-1.0,-1
1390,2.0,-1.0,-1.0,-1.0,-1.0,-1.0,-1.0,-1.0,-1.0,-1.0,-1.0,-1.0,-1.0,-1.0,3.0,0.0,2.0,否,5G,否,0.0,是,0.0,0.0,500.0,0.0,华为,LIO-AN00m,190.0,500.0,189.0,449.0,0.0,11709371.0,0.0,是,银卡,-1.0,-1.0,-1.0,-1.0,-1
1391,1.0,-1.0,-1.0,-1.0,-1.0,1.0,-1.0,-1.0,-1.0,-1.0,-1.0,1.0,-1.0,1.0,1.0,4.0,1.0,否,4G,否,0.0,是,0.0,0.0,191.0,0.0,苹果,iPhone 7 A1660,77.0,191.0,77.0,96.0,0.0,21500441.0,0.0,否,三星,-1.0,-1.0,-1.0,-1.0,-1
1392,1.0,-1.0,1.0,-1.0,-1.0,1.0,-1.0,1.0,1.0,-1.0,-1.0,1.0,-1.0,-1.0,22.0,13.0,2.0,否,4G,否,0.0,是,0.0,0.0,357.0,0.0,苹果,A2104,10.0,357.0,10.0,348.0,0.0,2847054.0,0.0,否,三星,-1.0,-1.0,-1.0,-1.0,-1
1393,1.0,1.0,-1.0,1.0,-1.0,-1.0,-1.0,1.0,-1.0,-1.0,1.0,1.0,-1.0,1.0,4.0,0.0,0.0,否,4G,否,176.45,是,40.0,0.0,254.0,0.0,小米科技,MEE7,58.0,254.0,21.48,205.0,0.0,2456906.0,0.0,否,二星,-1.0,-1.0,-1.0,-1.0,-1
1394,2.0,-1.0,-1.0,-1.0,-1.0,-1.0,-1.0,-1.0,-1.0,-1.0,-1.0,-1.0,-1.0,-1.0,3.0,9.0,2.0,否,4G,是,0.0,是,0.0,0.0,585.0,0.0,华为,RTE-AL00,15.0,585.0,15.0,682.0,0.0,255795.0,0.0,否,二星,-1.0,-1.0,-1.0,-1.0,-1
1395,1.0,-1.0,1.0,-1.0,-1.0,-1.0,-1.0,1.0,-1.0,-1.0,1.0,1.0,1.0,1.0,1.0,57.0,4.0,否,4G,否,0.0,是,0.0,0.209137709137709,1554.0,325.0,苹果,A2408,339.0,1554.0,339.0,1554.0,0.426427415693537,13092472.0,5582989.0,否,白金卡,1.0,-1.0,-1.0,-1.0,-1
1396,1.0,-1.0,1.0,-1.0,-1.0,-1.0,-1.0,-1.0,1.0,-1.0,-1.0,-1.0,-1.0,1.0,5.0,40.0,2.0,否,5G,否,694.62,是,60.0,0.134099616858238,261.0,35.0,苹果,A2408,89.0,261.0,35.0,421.0,0.00254696467315019,8292616.0,21121.0,是,三星,-1.0,-1.0,-1.0,-1.0,-1
1397,2.0,-1.0,-1.0,-1.0,-1.0,-1.0,-1.0,-1.0,-1.0,-1.0,-1.0,-1.0,-1.0,-1.0,4.0,15.0,2.0,否,4G,否,0.0,是,0.0,0.0,695.0,0.0,苹果,A2223,100.0,695.0,190.72,712.0,0.0,25711119.0,0.0,否,三星,-1.0,-1.0,-1.0,-1.0,-1
1398,2.0,-1.0,-1.0,-1.0,-1.0,-1.0,-1.0,-1.0,-1.0,-1.0,-1.0,-1.0,-1.0,-1.0,5.0,1.0,34.0,否,5G,否,0.0,是,0.0,0.144082332761578,2332.0,336.0,华为,BRQ-AN00,260.0,2332.0,260.0,2757.0,0.0932578130781283,50215932.0,4683028.0,是,金卡,-1.0,-1.0,-1.0,-1.0,-1
1399,2.0,-1.0,-1.0,-1.0,-1.0,-1.0,-1.0,-1.0,-1.0,-1.0,-1.0,-1.0,-1.0,-1.0,22.0,20.0,1.0,否,4G,否,0.0,是,0.0,0.0,303.0,0.0,华为,SPN-AL00,1.8,303.0,2.45,199.0,0.0,3252654.0,0.0,否,三星,-1.0,-1.0,-1.0,-1.0,-1
1400,2.0,-1.0,-1.0,-1.0,-1.0,-1.0,-1.0,-1.0,-1.0,-1.0,-1.0,-1.0,-1.0,-1.0,29.0,0.0,0.0,否,4G,否,0.0,是,0.0,0.0,316.0,0.0,华为,BMH-AN10,57.85,316.0,51.43,67.0,0.0,21433106.0,0.0,否,三星,-1.0,-1.0,-1.0,-1.0,-1
1401,1.0,-1.0,-1.0,-1.0,-1.0,1.0,1.0,1.0,-1.0,-1.0,-1.0,1.0,-1.0,-1.0,1.0,11.0,0.0,否,4G,否,0.0,是,0.0,0.0,353.0,0.0,华为,LYA-AL00,60.0,353.0,60.0,333.0,0.0,10112864.0,0.0,否,三星,-1.0,-1.0,-1.0,-1.0,-1
1402,1.0,1.0,-1.0,-1.0,-1.0,-1.0,-1.0,-1.0,-1.0,-1.0,1.0,1.0,-1.0,1.0,33.0,0.0,0.0,否,4G,否,0.0,是,0.0,0.0,203.0,0.0,华为,STK-AL00,26.09,203.0,37.55,276.0,0.0,5111901.0,0.0,否,三星,-1.0,-1.0,-1.0,-1.0,-1
1403,1.0,1.0,1.0,-1.0,-1.0,-1.0,-1.0,-1.0,1.0,-1.0,-1.0,-1.0,-1.0,1.0,4.0,25.0,1.0,否,5G,否,0.0,是,0.0,0.0,273.0,0.0,苹果,A2412,187.74,273.0,188.4,329.0,0.0,25975858.0,0.0,是,金卡,-1.0,-1.0,-1.0,-1.0,-1
1404,2.0,-1.0,-1.0,-1.0,-1.0,-1.0,-1.0,-1.0,-1.0,-1.0,-1.0,-1.0,-1.0,-1.0,13.0,89.0,1.0,否,4G,是,0.0,是,0.0,0.0,828.0,0.0,小米科技,HMNote8M1906G7E,38.75,828.0,40.53,913.0,0.0,14239042.0,0.0,否,三星,-1.0,-1.0,-1.0,-1.0,-1
1405,2.0,-1.0,-1.0,-1.0,-1.0,-1.0,-1.0,-1.0,-1.0,-1.0,-1.0,-1.0,-1.0,-1.0,1.0,7.0,0.0,否,5G,否,0.0,是,0.0,0.0,248.0,0.0,华为,ELS-AN10,130.0,248.0,130.0,309.0,0.0,10333117.0,0.0,是,银卡,-1.0,-1.0,-1.0,-1.0,-1
1406,1.0,1.0,-1.0,-1.0,1.0,1.0,-1.0,-1.0,-1.0,-1.0,1.0,-1.0,1.0,-1.0,45.0,168.0,7.0,否,5G,否,0.0,是,0.0,0.0,1344.0,0.0,苹果,A2644,159.65,1344.0,145.0,731.0,0.0,10791051.0,0.0,是,银卡,-1.0,-1.0,-1.0,-1.0,-1
1407,1.0,-1.0,-1.0,-1.0,-1.0,1.0,-1.0,1.0,-1.0,-1.0,1.0,-1.0,-1.0,1.0,3.0,9.0,0.0,否,4G,否,0.0,是,0.0,0.0473372781065089,169.0,8.0,华为,HUAWEI NXT-AL10,84.2,169.0,49.0,94.0,0.00610726638628883,15665765.0,95675.0,否,三星,-1.0,-1.0,-1.0,-1.0,-1
1408,1.0,1.0,-1.0,-1.0,1.0,-1.0,-1.0,-1.0,1.0,-1.0,-1.0,1.0,-1.0,1.0,5.0,28.0,0.0,否,4G,否,0.0,是,0.0,0.0,367.0,0.0,苹果,A2100,100.2,367.0,138.0,419.0,0.0,10177168.0,0.0,否,银卡,-1.0,-1.0,-1.0,-1.0,-1
1409,1.0,-1.0,-1.0,-1.0,-1.0,1.0,-1.0,-1.0,-1.0,-1.0,-1.0,1.0,-1.0,1.0,15.0,11.0,0.0,否,4G,否,0.0,是,0.0,0.0,149.0,0.0,华为,TAS-AL00,30.0,149.0,30.0,348.0,3.58778173753718e-06,12542569.0,45.0,否,三星,-1.0,-1.0,-1.0,-1.0,-1
1410,2.0,-1.0,-1.0,-1.0,-1.0,-1.0,-1.0,-1.0,-1.0,-1.0,-1.0,-1.0,-1.0,-1.0,2.0,2.0,0.0,否,5G,否,0.0,是,0.0,0.0,116.0,0.0,步步高,V2001A,0.0,116.0,0.0,79.0,0.0,4380271.0,0.0,是,三星,-1.0,-1.0,-1.0,-1.0,-1
1411,1.0,1.0,-1.0,-1.0,-1.0,-1.0,-1.0,-1.0,-1.0,-1.0,-1.0,1.0,-1.0,1.0,1.0,1.0,0.0,否,5G,否,1208.12,是,14.56,0.0,233.0,0.0,苹果,A2634,102.56,233.0,90.0,352.0,0.0,17266104.0,0.0,是,三星,-1.0,-1.0,-1.0,-1.0,-1
1412,1.0,1.0,-1.0,-1.0,-1.0,-1.0,-1.0,-1.0,-1.0,-1.0,-1.0,1.0,-1.0,-1.0,12.0,0.0,0.0,否,4G,否,0.0,是,0.0,0.0,143.0,0.0,华为,HLK-AL00,22.9,143.0,16.3,44.0,0.0,8838779.0,0.0,否,三星,-1.0,-1.0,-1.0,-1.0,-1
1413,2.0,-1.0,-1.0,-1.0,-1.0,-1.0,-1.0,-1.0,-1.0,-1.0,-1.0,-1.0,-1.0,-1.0,0.0,2.0,1.0,否,5G,否,0.0,是,0.0,0.0,161.0,0.0,小米科技,M2102J2SC,85.9,161.0,82.0,312.0,0.0,55208202.0,0.0,是,三星,-1.0,-1.0,-1.0,-1.0,-1
1414,2.0,-1.0,-1.0,-1.0,-1.0,-1.0,-1.0,-1.0,-1.0,-1.0,-1.0,-1.0,-1.0,-1.0,9.0,3.0,3.0,否,5G,否,0.0,是,0.0,0.0,406.0,0.0,华为,ELS-AN00,258.0,406.0,249.0,425.0,0.0,171145145.0,0.0,是,金卡,-1.0,-1.0,-1.0,-1.0,-1
1415,1.0,1.0,-1.0,-1.0,-1.0,1.0,1.0,-1.0,-1.0,1.0,-1.0,1.0,-1.0,1.0,1.0,1.0,2.0,否,5G,否,0.0,是,0.0,0.0,463.0,0.0,小米科技,M2102K1AC,110.66,463.0,108.0,395.0,0.0,6138833.0,0.0,是,三星,-1.0,-1.0,-1.0,-1.0,-1
1416,2.0,-1.0,-1.0,-1.0,-1.0,-1.0,-1.0,-1.0,-1.0,-1.0,-1.0,-1.0,-1.0,-1.0,22.0,2.0,0.0,否,4G,否,0.0,是,0.0,0.0,137.0,0.0,华为,VOG-AL00,10.0,137.0,1.0,105.0,0.0,2825214.0,0.0,否,三星,-1.0,-1.0,-1.0,-1.0,-1
1417,1.0,1.0,-1.0,-1.0,-1.0,-1.0,-1.0,-1.0,1.0,-1.0,-1.0,1.0,-1.0,-1.0,0.0,1.0,1.0,否,4G,否,0.0,是,0.0,0.0,219.0,0.0,苹果,iPhone 6S A1633,75.0,219.0,86.93,263.0,0.0,8908750.0,0.0,否,三星,-1.0,-1.0,-1.0,-1.0,-1
1418,2.0,-1.0,-1.0,-1.0,-1.0,-1.0,-1.0,-1.0,-1.0,-1.0,-1.0,-1.0,-1.0,-1.0,68.0,21.0,13.0,否,4G,否,0.0,是,0.0,0.0,289.0,0.0,华为,HLK-AL00,49.0,289.0,49.0,228.0,0.0,9438189.0,0.0,否,三星,-1.0,-1.0,-1.0,-1.0,-1
1419,1.0,1.0,-1.0,-1.0,-1.0,-1.0,-1.0,-1.0,1.0,-1.0,-1.0,-1.0,-1.0,1.0,3.0,2.0,0.0,否,4G,否,0.0,是,0.0,0.0,220.0,0.0,苹果,A2223,49.0,220.0,49.0,117.0,0.0,7331706.0,0.0,否,三星,-1.0,-1.0,-1.0,-1.0,-1
1420,2.0,-1.0,-1.0,-1.0,-1.0,-1.0,-1.0,-1.0,-1.0,-1.0,-1.0,-1.0,-1.0,-1.0,38.0,0.0,0.0,否,4G,否,0.0,是,0.0,0.0,216.0,0.0,华为,BND-AL10,26.8,216.0,25.0,93.0,0.0,9717767.0,0.0,否,三星,-1.0,-1.0,-1.0,-1.0,-1
1421,1.0,1.0,-1.0,-1.0,-1.0,-1.0,-1.0,-1.0,1.0,-1.0,1.0,1.0,-1.0,-1.0,5.0,30.0,2.0,否,5G,否,0.0,是,0.0,0.0,637.0,0.0,华为,EBG-AN00,68.0,637.0,68.45,516.0,0.0,26354492.0,0.0,是,三星,-1.0,-1.0,-1.0,-1.0,-1
1422,2.0,-1.0,-1.0,-1.0,-1.0,-1.0,-1.0,-1.0,-1.0,-1.0,-1.0,-1.0,-1.0,-1.0,9.0,9.0,0.0,否,5G,否,8431.64,是,96.0,0.0,181.0,0.0,华为,EBG-AN00,412.0,181.0,348.0,287.0,0.0,202836525.0,0.0,是,金卡,-1.0,-1.0,-1.0,-1.0,-1
1423,2.0,-1.0,-1.0,-1.0,-1.0,-1.0,-1.0,-1.0,-1.0,-1.0,-1.0,-1.0,-1.0,-1.0,7.0,9.0,1.0,否,4G,否,0.0,是,0.0,0.0,286.0,0.0,苹果,iPhone X A1865,128.1,286.0,128.0,234.0,0.0,38932680.0,0.0,否,银卡,-1.0,-1.0,-1.0,-1.0,-1
1424,2.0,-1.0,-1.0,-1.0,-1.0,-1.0,-1.0,-1.0,-1.0,-1.0,-1.0,-1.0,-1.0,-1.0,1.0,5.0,0.0,否,4G,否,0.0,是,0.0,0.0,277.0,0.0,华为,NAM-AL00,9.0,277.0,9.0,220.0,0.0,10434837.0,0.0,否,三星,-1.0,-1.0,-1.0,-1.0,-1
1425,2.0,-1.0,-1.0,-1.0,-1.0,-1.0,-1.0,-1.0,-1.0,-1.0,-1.0,-1.0,-1.0,-1.0,0.0,0.0,0.0,否,4G,否,0.0,是,0.0,0.0,131.0,0.0,小米科技,M2010J19SC,0.3,131.0,12.8,182.0,0.0,281067.0,0.0,否,三星,-1.0,-1.0,-1.0,-1.0,-1
1426,2.0,-1.0,-1.0,-1.0,-1.0,-1.0,-1.0,-1.0,-1.0,-1.0,-1.0,-1.0,-1.0,-1.0,0.0,10.0,0.0,否,4G,否,0.0,是,0.0,0.0,154.0,0.0,三星,SM-G9730,19.0,154.0,19.0,142.0,0.0,62102.0,0.0,否,三星,-1.0,-1.0,-1.0,-1.0,-1
1427,1.0,1.0,-1.0,1.0,-1.0,-1.0,-1.0,-1.0,-1.0,-1.0,-1.0,-1.0,-1.0,-1.0,14.0,21.0,0.0,否,5G,否,0.0,是,0.0,0.0,421.0,0.0,苹果,A2408,42.05,421.0,122.61,1474.0,0.0,18468956.0,0.0,是,三星,-1.0,-1.0,-1.0,-1.0,1
1428,1.0,1.0,-1.0,-1.0,-1.0,1.0,-1.0,-1.0,-1.0,-1.0,-1.0,-1.0,-1.0,1.0,12.0,0.0,0.0,否,4G,否,0.0,是,0.0,0.0,169.0,0.0,步步高,vivo Y83A,66.0,169.0,66.0,167.0,0.0,14939690.0,0.0,否,三星,-1.0,-1.0,-1.0,-1.0,-1
1429,2.0,-1.0,-1.0,-1.0,-1.0,-1.0,-1.0,-1.0,-1.0,-1.0,-1.0,-1.0,-1.0,-1.0,35.0,1.0,6.0,否,5G,否,0.0,是,0.0,0.0,197.0,0.0,小米科技,M2007J3SC,61.1,197.0,56.2,310.0,0.0,33157063.0,0.0,是,三星,-1.0,-1.0,-1.0,-1.0,-1
1430,2.0,-1.0,-1.0,-1.0,-1.0,-1.0,-1.0,-1.0,-1.0,-1.0,-1.0,-1.0,-1.0,-1.0,40.0,40.0,13.0,否,4G,否,598.35,是,18.0,0.0,522.0,0.0,苹果,A2223,188.3,522.0,169.3,278.0,0.0,69605237.0,0.0,否,银卡,-1.0,-1.0,-1.0,-1.0,-1
1431,1.0,1.0,1.0,-1.0,1.0,-1.0,-1.0,-1.0,-1.0,-1.0,1.0,1.0,-1.0,-1.0,0.0,29.0,13.0,否,5G,否,0.0,是,0.0,0.0,1347.0,0.0,苹果,A2404,40.0,1347.0,40.0,1881.0,0.0,10551342.0,0.0,是,三星,-1.0,-1.0,-1.0,-1.0,-1
1432,1.0,1.0,-1.0,-1.0,-1.0,-1.0,-1.0,-1.0,-1.0,-1.0,-1.0,-1.0,1.0,1.0,29.0,6.0,1.0,否,4G,否,0.0,是,0.0,0.0,135.0,0.0,苹果,iPhone 8 A1863,18.0,135.0,18.0,193.0,0.0,4311482.0,0.0,否,三星,-1.0,-1.0,-1.0,-1.0,-1
1433,2.0,-1.0,-1.0,-1.0,-1.0,-1.0,-1.0,-1.0,-1.0,-1.0,-1.0,-1.0,-1.0,-1.0,25.0,32.0,3.0,否,4G,否,0.0,是,0.0,0.0,409.0,0.0,苹果,A2223,165.1,409.0,165.3,283.0,0.0,4121221.0,0.0,否,银卡,-1.0,-1.0,-1.0,-1.0,-1
1434,1.0,1.0,1.0,-1.0,-1.0,1.0,-1.0,-1.0,1.0,-1.0,-1.0,-1.0,-1.0,1.0,3.0,19.0,2.0,否,5G,否,0.0,是,0.0,0.0,306.0,0.0,苹果,A2220,23.18,306.0,18.73,193.0,0.0,3397590.0,0.0,是,三星,-1.0,-1.0,-1.0,-1.0,-1
1435,2.0,-1.0,-1.0,-1.0,-1.0,-1.0,-1.0,-1.0,-1.0,-1.0,-1.0,-1.0,-1.0,-1.0,0.0,0.0,3.0,否,5G,否,0.0,是,0.0,0.0,273.0,0.0,华为,ELS-AN00,32.98,273.0,26.04,151.0,0.0,24593933.0,0.0,是,三星,-1.0,-1.0,-1.0,-1.0,-1
1436,2.0,-1.0,-1.0,-1.0,-1.0,-1.0,-1.0,-1.0,-1.0,-1.0,-1.0,-1.0,-1.0,-1.0,35.0,11.0,4.0,否,4G,否,0.0,是,0.0,0.0,644.0,0.0,小米科技,M2004J7AC,125.0,644.0,125.0,1467.0,5.66452421772921e-05,4501702.0,255.0,否,银卡,-1.0,-1.0,-1.0,-1.0,-1
1437,2.0,-1.0,-1.0,-1.0,-1.0,-1.0,-1.0,-1.0,-1.0,-1.0,-1.0,-1.0,-1.0,-1.0,0.0,4.0,0.0,否,4G,否,0.0,是,0.0,0.0,186.0,0.0,华为,AKA-AL10,25.0,186.0,25.0,357.0,0.0,6802711.0,0.0,否,三星,-1.0,-1.0,-1.0,-1.0,-1
1438,2.0,-1.0,-1.0,-1.0,-1.0,-1.0,-1.0,-1.0,-1.0,-1.0,-1.0,-1.0,-1.0,-1.0,3.0,15.0,0.0,否,4G,否,0.0,是,0.0,0.0,399.0,0.0,华为,CLT-AL00,10.0,399.0,0.0,0.0,0.0,532175.0,0.0,否,未评级,-1.0,-1.0,-1.0,-1.0,-1
1439,2.0,-1.0,-1.0,-1.0,-1.0,-1.0,-1.0,-1.0,-1.0,-1.0,-1.0,-1.0,-1.0,-1.0,13.0,2.0,0.0,否,4G,否,74.91,是,24.36,0.0,435.0,0.0,华为,GLK-AL00,127.86,435.0,91.44,111.0,0.0,39121388.0,0.0,否,二星,-1.0,-1.0,-1.0,-1.0,-1
1440,2.0,-1.0,-1.0,-1.0,-1.0,-1.0,-1.0,-1.0,-1.0,-1.0,-1.0,-1.0,-1.0,-1.0,10.0,1.0,0.0,否,4G,否,0.0,是,0.0,0.0,310.0,0.0,华为,LYA-AL00,65.46,310.0,59.0,45.0,0.0,6274670.0,0.0,否,三星,-1.0,-1.0,-1.0,-1.0,-1
1441,2.0,-1.0,-1.0,-1.0,-1.0,-1.0,-1.0,-1.0,-1.0,-1.0,-1.0,-1.0,-1.0,-1.0,0.0,15.0,0.0,否,4G,否,0.0,是,0.0,0.0,571.0,0.0,华为,LYA-AL00,236.8,571.0,267.36,871.0,0.0,273387.0,0.0,否,白金卡,-1.0,-1.0,-1.0,-1.0,-1
1442,1.0,1.0,1.0,-1.0,-1.0,1.0,-1.0,-1.0,1.0,-1.0,-1.0,-1.0,-1.0,-1.0,2.0,24.0,0.0,否,4G,否,0.0,是,0.0,0.0,439.0,0.0,苹果,A2400,91.0,439.0,125.0,446.0,0.0,13742576.0,0.0,否,银卡,-1.0,-1.0,-1.0,-1.0,-1
1443,2.0,-1.0,-1.0,-1.0,-1.0,-1.0,-1.0,-1.0,-1.0,-1.0,-1.0,-1.0,-1.0,-1.0,54.0,3.0,16.0,否,5G,否,1858.52,是,27.0,0.0,125.0,0.0,步步高,V2121A,101.6,125.0,17.09,103.0,0.0,108733047.0,0.0,是,三星,-1.0,-1.0,-1.0,-1.0,-1
1444,1.0,-1.0,-1.0,-1.0,-1.0,-1.0,-1.0,-1.0,1.0,-1.0,1.0,-1.0,-1.0,-1.0,87.0,8.0,1.0,否,4G,否,0.0,是,0.0,0.0,243.0,0.0,华为,RTE-AL00,60.0,243.0,65.0,99.0,0.0,23741379.0,0.0,否,三星,1.0,-1.0,-1.0,-1.0,-1
1445,2.0,-1.0,-1.0,-1.0,-1.0,-1.0,-1.0,-1.0,-1.0,-1.0,-1.0,-1.0,-1.0,-1.0,0.0,5.0,0.0,否,5G,否,0.0,是,0.0,0.0,265.0,0.0,华为,ANA-AN00,21.0,265.0,21.0,121.0,0.0,127931041.0,0.0,是,二星,-1.0,-1.0,-1.0,-1.0,-1
1446,1.0,-1.0,-1.0,-1.0,-1.0,1.0,-1.0,1.0,1.0,-1.0,1.0,1.0,-1.0,-1.0,4.0,16.0,0.0,否,4G,是,0.0,是,0.0,0.0,367.0,0.0,苹果,iPhone 7Plus A1661,49.38,367.0,49.2,457.0,0.0,50606071.0,0.0,否,二星,-1.0,-1.0,-1.0,-1.0,-1
1447,1.0,-1.0,-1.0,-1.0,-1.0,-1.0,-1.0,-1.0,1.0,1.0,-1.0,-1.0,-1.0,1.0,0.0,4.0,1.0,否,4G,否,0.0,是,0.0,0.0,349.0,0.0,苹果,iPhone X A1865,21.0,349.0,25.8,331.0,0.0,6964376.0,0.0,否,准星,1.0,-1.0,-1.0,-1.0,-1
1448,1.0,-1.0,-1.0,-1.0,1.0,-1.0,-1.0,-1.0,-1.0,-1.0,-1.0,1.0,-1.0,-1.0,6.0,6.0,0.0,否,5G,否,0.0,是,0.0,0.0,200.0,0.0,苹果,A2412,69.0,200.0,68.0,276.0,0.0,5806664.0,0.0,是,三星,-1.0,-1.0,-1.0,-1.0,-1
1449,2.0,-1.0,-1.0,-1.0,-1.0,-1.0,-1.0,-1.0,-1.0,-1.0,-1.0,-1.0,-1.0,-1.0,148.0,25.0,0.0,否,4G,否,0.0,是,0.0,0.0,463.0,0.0,步步高,A1965A,50.0,463.0,60.66,670.0,0.0,22570729.0,0.0,否,二星,-1.0,-1.0,-1.0,-1.0,-1
1450,1.0,1.0,-1.0,-1.0,-1.0,-1.0,-1.0,-1.0,-1.0,-1.0,-1.0,1.0,-1.0,-1.0,0.0,8.0,0.0,否,4G,否,0.0,是,0.0,0.0,163.0,0.0,华为,STK-AL00,58.0,163.0,58.0,82.0,0.0,6257340.0,0.0,否,三星,-1.0,-1.0,-1.0,-1.0,-1
1451,2.0,-1.0,-1.0,-1.0,-1.0,-1.0,-1.0,-1.0,-1.0,-1.0,-1.0,-1.0,-1.0,-1.0,11.0,7.0,3.0,否,5G,是,0.0,是,0.0,0.0,192.0,0.0,苹果,A2408,100.0,192.0,100.0,114.0,0.0,4775725.0,0.0,是,三星,-1.0,-1.0,-1.0,-1.0,-1
1452,1.0,1.0,-1.0,-1.0,-1.0,-1.0,-1.0,-1.0,-1.0,1.0,-1.0,1.0,-1.0,-1.0,3.0,0.0,0.0,否,4G,否,0.0,是,0.0,0.0,121.0,0.0,小米科技,HMNote8M1908C3JE,8.0,121.0,9.75,81.0,0.0,2393.0,0.0,否,二星,-1.0,-1.0,-1.0,-1.0,-1
1453,1.0,-1.0,-1.0,-1.0,1.0,-1.0,1.0,-1.0,1.0,1.0,1.0,-1.0,-1.0,-1.0,91.0,22.0,0.0,否,5G,否,0.0,是,0.0,0.0,224.0,0.0,小米科技,M2002J9E,59.0,224.0,59.3,193.0,0.0,39826772.0,0.0,是,三星,-1.0,-1.0,-1.0,-1.0,-1
1454,1.0,1.0,-1.0,-1.0,1.0,-1.0,-1.0,-1.0,1.0,-1.0,1.0,1.0,-1.0,1.0,30.0,27.0,9.0,否,4G,否,0.0,是,0.0,0.0,295.0,0.0,苹果,A2100,44.1,295.0,99.1,400.0,0.000577605655898882,8152621.0,4709.0,否,三星,-1.0,-1.0,-1.0,-1.0,-1
1455,2.0,-1.0,-1.0,-1.0,-1.0,-1.0,-1.0,-1.0,-1.0,-1.0,-1.0,-1.0,-1.0,-1.0,10.0,10.0,2.0,否,5G,否,0.0,是,0.0,0.0,281.0,0.0,华为,CDY-AN00,60.0,281.0,60.0,178.0,0.0,33599941.0,0.0,是,二星,-1.0,-1.0,-1.0,-1.0,-1
1456,1.0,1.0,-1.0,-1.0,1.0,1.0,-1.0,1.0,1.0,1.0,1.0,1.0,-1.0,-1.0,0.0,0.0,0.0,否,4G,否,0.0,是,0.0,0.0,150.0,0.0,索尼爱立信,J9110,15.0,150.0,16.62,153.0,0.0,1059526.0,0.0,否,三星,-1.0,-1.0,-1.0,-1.0,-1
1457,2.0,-1.0,-1.0,-1.0,-1.0,-1.0,-1.0,-1.0,-1.0,-1.0,-1.0,-1.0,-1.0,-1.0,16.0,17.0,0.0,否,5G,否,0.0,是,0.0,0.0,715.0,0.0,苹果,A2412,138.0,715.0,208.0,302.0,0.0,28500483.0,0.0,是,银卡,-1.0,-1.0,-1.0,-1.0,-1
1458,1.0,1.0,1.0,-1.0,-1.0,1.0,-1.0,1.0,1.0,1.0,1.0,-1.0,-1.0,1.0,16.0,5.0,0.0,否,4G,否,0.0,是,0.0,0.0,167.0,0.0,苹果,A2223,70.0,167.0,70.0,534.0,0.0,22385182.0,0.0,否,三星,-1.0,-1.0,-1.0,-1.0,-1
1459,2.0,-1.0,-1.0,-1.0,-1.0,-1.0,-1.0,-1.0,-1.0,-1.0,-1.0,-1.0,-1.0,-1.0,0.0,11.0,1.0,否,4G,否,0.0,是,0.0,0.193370165745856,362.0,70.0,华为,VOG-AL00,98.0,362.0,99.45,320.0,0.295163864042704,17139117.0,5058848.0,否,三星,-1.0,-1.0,-1.0,-1.0,-1
1460,2.0,-1.0,-1.0,-1.0,-1.0,-1.0,-1.0,-1.0,-1.0,-1.0,-1.0,-1.0,-1.0,-1.0,0.0,6.0,1.0,否,4G,否,0.0,是,0.0,0.0,247.0,0.0,苹果,A2408,132.1,247.0,132.3,221.0,0.0,14152511.0,0.0,否,银卡,-1.0,-1.0,-1.0,-1.0,-1
1461,1.0,1.0,-1.0,-1.0,-1.0,-1.0,-1.0,-1.0,1.0,-1.0,1.0,1.0,-1.0,-1.0,18.0,7.0,1.0,否,5G,否,0.0,是,0.0,0.0,204.0,0.0,小米科技,21091116C,65.0,204.0,61.2,194.0,0.0,15945860.0,0.0,是,三星,-1.0,-1.0,-1.0,-1.0,-1
1462,1.0,1.0,-1.0,-1.0,-1.0,1.0,1.0,-1.0,1.0,-1.0,1.0,1.0,-1.0,1.0,0.0,4.0,0.0,否,4G,否,0.0,是,0.0,0.0,220.0,0.0,华为,BKL-AL20,21.3,220.0,17.8,135.0,0.0,2113155.0,0.0,否,三星,-1.0,-1.0,-1.0,-1.0,-1
1463,1.0,1.0,1.0,-1.0,-1.0,1.0,-1.0,-1.0,-1.0,-1.0,-1.0,1.0,-1.0,1.0,26.0,13.0,0.0,否,4G,否,0.0,是,0.0,0.0,418.0,0.0,苹果,iPhone 6S A1700,25.0,418.0,35.0,160.0,0.0,11732495.0,0.0,否,三星,-1.0,-1.0,-1.0,-1.0,-1
1464,1.0,1.0,-1.0,-1.0,-1.0,-1.0,-1.0,-1.0,-1.0,-1.0,1.0,1.0,-1.0,1.0,0.0,1.0,0.0,否,4G,否,0.0,是,0.0,0.0,170.0,0.0,华为,TEL-AN00a,19.0,170.0,19.0,55.0,0.0,494810.0,0.0,否,二星,-1.0,-1.0,-1.0,-1.0,-1
1465,2.0,-1.0,-1.0,-1.0,-1.0,-1.0,-1.0,-1.0,-1.0,-1.0,-1.0,-1.0,-1.0,-1.0,38.0,0.0,0.0,否,4G,否,38.01,是,10.0,0.0,157.0,0.0,步步高,V1813A,41.19,157.0,60.28,165.0,0.0,12505243.0,0.0,否,三星,-1.0,-1.0,-1.0,-1.0,-1
1466,1.0,1.0,1.0,-1.0,-1.0,-1.0,-1.0,-1.0,1.0,-1.0,-1.0,-1.0,-1.0,-1.0,33.0,4.0,0.0,否,5G,否,0.0,是,0.0,0.0,336.0,0.0,苹果,A2412,111.0,336.0,111.0,198.0,0.0,58073624.0,0.0,是,银卡,-1.0,-1.0,-1.0,-1.0,-1
1467,1.0,1.0,1.0,1.0,1.0,1.0,-1.0,-1.0,-1.0,-1.0,1.0,1.0,1.0,1.0,4.0,0.0,0.0,否,5G,否,0.0,是,0.0,0.0,189.0,0.0,苹果,A2400,99.5,189.0,100.52,468.0,0.0,4963796.0,0.0,是,未评级,-1.0,-1.0,-1.0,-1.0,-1
1468,2.0,-1.0,-1.0,-1.0,-1.0,-1.0,-1.0,-1.0,-1.0,-1.0,-1.0,-1.0,-1.0,-1.0,298.0,5.0,5.0,否,4G,否,0.0,是,0.0,0.0,197.0,0.0,华为,YAL-AL00,24.0,197.0,28.0,157.0,0.0,70310304.0,0.0,否,二星,-1.0,-1.0,-1.0,-1.0,-1
1469,2.0,-1.0,-1.0,-1.0,-1.0,-1.0,-1.0,-1.0,-1.0,-1.0,-1.0,-1.0,-1.0,-1.0,18.0,1.0,1.0,否,5G,否,0.0,是,0.0,0.0,164.0,0.0,苹果,A2404,67.0,164.0,67.3,532.0,0.0,6253748.0,0.0,是,银卡,-1.0,-1.0,-1.0,-1.0,-1
1470,2.0,-1.0,-1.0,-1.0,-1.0,-1.0,-1.0,-1.0,-1.0,-1.0,-1.0,-1.0,-1.0,-1.0,5.0,0.0,0.0,否,4G,否,0.0,是,0.0,0.0,188.0,0.0,苹果,iPhone 7 A1660,39.72,188.0,32.88,93.0,0.0,6470471.0,0.0,否,三星,-1.0,-1.0,-1.0,-1.0,-1
1471,1.0,-1.0,-1.0,-1.0,-1.0,-1.0,-1.0,-1.0,-1.0,-1.0,-1.0,-1.0,-1.0,1.0,0.0,8.0,0.0,否,4G,否,0.0,是,0.0,0.0,584.0,0.0,小米科技,M2011K2C,16.79,584.0,30.28,431.0,0.0,583476.0,0.0,否,银卡,1.0,-1.0,-1.0,-1.0,-1
1472,2.0,-1.0,-1.0,-1.0,-1.0,-1.0,-1.0,-1.0,-1.0,-1.0,-1.0,-1.0,-1.0,-1.0,31.0,9.0,1.0,否,4G,否,0.0,是,0.0,0.0,643.0,0.0,华为,ELE-AL00,74.97,643.0,42.45,386.0,0.0,20943702.0,0.0,否,三星,-1.0,-1.0,-1.0,-1.0,-1
1473,1.0,1.0,-1.0,-1.0,-1.0,-1.0,-1.0,-1.0,-1.0,1.0,1.0,-1.0,-1.0,1.0,13.0,5.0,7.0,否,4G,是,4.67,是,1.45,0.0,139.0,0.0,华为,PAR-AL00,1.6,139.0,0.0,113.0,0.0,1668444.0,0.0,否,三星,-1.0,-1.0,-1.0,-1.0,-1
1474,1.0,-1.0,1.0,-1.0,-1.0,-1.0,-1.0,-1.0,1.0,1.0,-1.0,-1.0,-1.0,1.0,8.0,31.0,4.0,否,4G,否,0.0,是,0.0,0.0,1236.0,0.0,苹果,A2223,130.7,1236.0,125.0,1288.0,0.0,79655795.0,0.0,否,银卡,-1.0,-1.0,-1.0,-1.0,-1
1475,1.0,-1.0,-1.0,-1.0,-1.0,-1.0,1.0,-1.0,-1.0,-1.0,-1.0,-1.0,-1.0,1.0,0.0,9.0,0.0,否,4G,否,0.0,是,0.0,0.0,203.0,0.0,华为,HLK-AL00,39.76,203.0,59.0,195.0,0.0,19110818.0,0.0,否,三星,-1.0,-1.0,-1.0,-1.0,-1
1476,2.0,-1.0,-1.0,-1.0,-1.0,-1.0,-1.0,-1.0,-1.0,-1.0,-1.0,-1.0,-1.0,-1.0,6.0,11.0,0.0,否,4G,否,0.0,是,0.0,0.0,403.0,0.0,华为,LYA-AL00,85.0,403.0,93.0,460.0,0.0,25442078.0,0.0,否,三星,-1.0,-1.0,-1.0,-1.0,-1
1477,2.0,-1.0,-1.0,-1.0,-1.0,-1.0,-1.0,-1.0,-1.0,-1.0,-1.0,-1.0,-1.0,-1.0,38.0,12.0,3.0,否,5G,否,0.0,是,0.0,0.0,484.0,0.0,苹果,A2412,161.1,484.0,161.0,553.0,0.0,39105879.0,0.0,是,银卡,-1.0,-1.0,-1.0,-1.0,-1
1478,1.0,1.0,1.0,-1.0,1.0,1.0,-1.0,1.0,1.0,1.0,-1.0,1.0,-1.0,1.0,9.0,8.0,0.0,否,5G,否,0.0,是,0.0,0.0,155.0,0.0,苹果,A2404,12.88,155.0,10.0,23.0,0.0,13171664.0,0.0,是,二星,-1.0,1.0,-1.0,-1.0,-1
1479,1.0,1.0,1.0,-1.0,-1.0,-1.0,-1.0,-1.0,-1.0,1.0,1.0,-1.0,-1.0,1.0,44.0,17.0,0.0,否,4G,否,0.0,是,0.0,0.0,619.0,0.0,苹果,A2223,49.0,619.0,49.9,782.0,0.0,15420286.0,0.0,否,三星,-1.0,-1.0,-1.0,-1.0,-1
1480,2.0,-1.0,-1.0,-1.0,-1.0,-1.0,-1.0,-1.0,-1.0,-1.0,-1.0,-1.0,-1.0,-1.0,0.0,28.0,1.0,否,4G,否,0.0,是,0.0,0.0,364.0,0.0,华为,VOG-AL00,62.2,364.0,63.4,535.0,0.0,134763.0,0.0,否,三星,-1.0,-1.0,-1.0,-1.0,-1
1481,2.0,-1.0,-1.0,-1.0,-1.0,-1.0,-1.0,-1.0,-1.0,-1.0,-1.0,-1.0,-1.0,-1.0,17.0,14.0,2.0,否,4G,否,2.1,是,0.87,0.0,431.0,0.0,苹果,A2223,41.08,431.0,20.83,217.0,0.0,148109.0,0.0,否,三星,-1.0,-1.0,-1.0,-1.0,-1
1482,1.0,1.0,1.0,-1.0,-1.0,1.0,-1.0,-1.0,-1.0,-1.0,-1.0,1.0,-1.0,-1.0,13.0,13.0,0.0,否,4G,否,0.0,是,0.0,0.0,406.0,0.0,苹果,iPhone 8 A1863,42.0,406.0,42.15,340.0,0.0,21665527.0,0.0,否,三星,-1.0,-1.0,-1.0,-1.0,-1
1483,1.0,1.0,-1.0,-1.0,-1.0,-1.0,-1.0,-1.0,1.0,-1.0,1.0,1.0,-1.0,-1.0,17.0,7.0,19.0,否,4G,否,0.0,是,0.0,0.0,169.0,0.0,苹果,iPhone 7 A1660,93.0,169.0,93.0,198.0,0.0,21218112.0,0.0,否,银卡,-1.0,-1.0,-1.0,-1.0,-1
1484,1.0,1.0,-1.0,-1.0,-1.0,-1.0,-1.0,-1.0,-1.0,-1.0,-1.0,1.0,-1.0,-1.0,4.0,6.0,0.0,否,4G,否,0.0,是,0.0,0.0,301.0,0.0,小米科技,M2007J17C,65.0,301.0,65.0,111.0,0.0,4264844.0,0.0,否,三星,-1.0,-1.0,-1.0,-1.0,-1
1485,1.0,1.0,-1.0,-1.0,-1.0,-1.0,-1.0,-1.0,-1.0,-1.0,1.0,-1.0,-1.0,-1.0,6.0,53.0,3.0,否,5G,否,9962.62,是,132.0,0.0,866.0,0.0,苹果,A2644,373.0,866.0,231.0,763.0,0.0,108848903.0,0.0,是,银卡,-1.0,-1.0,-1.0,-1.0,-1
1486,2.0,-1.0,-1.0,-1.0,-1.0,-1.0,-1.0,-1.0,-1.0,-1.0,-1.0,-1.0,-1.0,-1.0,14.0,7.0,1.0,否,5G,否,0.0,是,0.0,0.0,383.0,0.0,步步高,V2072A,100.0,383.0,100.0,439.0,0.00142644132894476,49173421.0,70143.0,是,三星,-1.0,-1.0,-1.0,-1.0,-1
1487,2.0,-1.0,-1.0,-1.0,-1.0,-1.0,-1.0,-1.0,-1.0,-1.0,-1.0,-1.0,-1.0,-1.0,11.0,13.0,0.0,否,4G,否,0.0,是,0.0,0.0,149.0,0.0,苹果,iPhone 8 Plus A1864,59.1,149.0,59.0,72.0,0.0,61846888.0,0.0,否,三星,-1.0,-1.0,-1.0,-1.0,-1
1488,2.0,-1.0,-1.0,-1.0,-1.0,-1.0,-1.0,-1.0,-1.0,-1.0,-1.0,-1.0,-1.0,-1.0,144.0,7.0,1.0,否,5G,否,73.48,是,1.23,0.0,186.0,0.0,华为,YOK-AN10,81.93,186.0,71.2,135.0,0.0,18787519.0,0.0,是,三星,-1.0,-1.0,-1.0,-1.0,-1
1489,2.0,-1.0,-1.0,-1.0,-1.0,-1.0,-1.0,-1.0,-1.0,-1.0,-1.0,-1.0,-1.0,-1.0,11.0,11.0,0.0,否,4G,否,0.0,是,0.0,0.0,310.0,0.0,华为,AQM-AL10,33.3,310.0,33.0,327.0,0.0,14436623.0,0.0,否,三星,-1.0,-1.0,-1.0,-1.0,-1
1490,1.0,1.0,-1.0,-1.0,-1.0,-1.0,-1.0,-1.0,-1.0,-1.0,-1.0,1.0,1.0,1.0,3.0,2.0,3.0,否,5G,否,0.0,是,0.0,0.0,327.0,0.0,小米科技,M2012K10C,95.0,327.0,95.0,276.0,1.93968550619983e-05,37016310.0,718.0,是,银卡,-1.0,-1.0,-1.0,-1.0,-1
1491,1.0,1.0,-1.0,-1.0,-1.0,-1.0,-1.0,-1.0,1.0,-1.0,1.0,-1.0,-1.0,-1.0,2.0,4.0,8.0,否,5G,否,0.0,是,0.0,0.0942249240121581,329.0,31.0,苹果,A2644,128.0,329.0,128.0,326.0,0.0667746024080989,21221886.0,1417083.0,是,三星,-1.0,-1.0,-1.0,-1.0,-1
1492,2.0,-1.0,-1.0,-1.0,-1.0,-1.0,-1.0,-1.0,-1.0,-1.0,-1.0,-1.0,-1.0,-1.0,26.0,11.0,1.0,否,4G,否,0.0,是,0.0,0.0,537.0,0.0,华为,MOA-AL20,135.0,537.0,135.0,470.0,0.0,45984231.0,0.0,否,金卡,-1.0,-1.0,-1.0,-1.0,-1
1493,2.0,-1.0,-1.0,-1.0,-1.0,-1.0,-1.0,-1.0,-1.0,-1.0,-1.0,-1.0,-1.0,-1.0,0.0,3.0,1.0,否,4G,否,0.0,是,0.0,0.0,194.0,0.0,苹果,iPhone 8 Plus A1864,49.2,194.0,48.29,274.0,0.0,3754625.0,0.0,否,三星,-1.0,-1.0,-1.0,-1.0,-1
1494,1.0,-1.0,-1.0,-1.0,-1.0,1.0,-1.0,-1.0,1.0,-1.0,1.0,-1.0,-1.0,-1.0,11.0,22.0,1.0,否,5G,否,0.0,是,0.0,0.0,330.0,0.0,苹果,A2412,118.0,330.0,110.0,306.0,0.0,12951359.0,0.0,是,三星,-1.0,-1.0,-1.0,-1.0,-1
1495,1.0,-1.0,-1.0,-1.0,-1.0,-1.0,1.0,-1.0,1.0,-1.0,-1.0,-1.0,-1.0,-1.0,6.0,38.0,2.0,否,5G,否,0.0,是,0.0,0.0,556.0,0.0,苹果,A2629,161.91,556.0,191.17,909.0,0.0,9950707.0,0.0,是,银卡,-1.0,-1.0,-1.0,-1.0,-1
1496,1.0,1.0,-1.0,-1.0,-1.0,-1.0,-1.0,-1.0,-1.0,-1.0,-1.0,-1.0,-1.0,1.0,1.0,7.0,0.0,否,4G,否,0.0,是,0.0,0.0,460.0,0.0,华为,CLT-AL00,60.0,460.0,55.0,192.0,0.0,10818709.0,0.0,否,三星,-1.0,-1.0,-1.0,-1.0,-1
1497,2.0,-1.0,-1.0,-1.0,-1.0,-1.0,-1.0,-1.0,-1.0,-1.0,-1.0,-1.0,-1.0,-1.0,13.0,0.0,0.0,否,5G,否,0.0,是,0.0,0.0,141.0,0.0,华为,LIO-AN00,130.0,141.0,130.0,95.0,0.0,11087847.0,0.0,是,三星,-1.0,-1.0,-1.0,-1.0,-1
1498,1.0,1.0,-1.0,-1.0,-1.0,1.0,-1.0,-1.0,-1.0,-1.0,1.0,1.0,-1.0,-1.0,3.0,13.0,0.0,否,4G,否,0.0,是,0.0,0.0,203.0,0.0,小米科技,M2102J2SC,18.0,203.0,29.0,346.0,0.0,5231155.0,0.0,否,三星,-1.0,-1.0,-1.0,-1.0,-1
1499,2.0,-1.0,-1.0,-1.0,-1.0,-1.0,-1.0,-1.0,-1.0,-1.0,-1.0,-1.0,-1.0,-1.0,3.0,34.0,4.0,否,4G,否,0.0,是,0.0,0.0,764.0,0.0,华为,TET-AN00,120.0,764.0,120.0,1112.0,0.0,291499.0,0.0,否,银卡,-1.0,-1.0,-1.0,-1.0,-1
1500,1.0,-1.0,1.0,-1.0,-1.0,1.0,-1.0,1.0,-1.0,-1.0,-1.0,1.0,-1.0,1.0,0.0,0.0,0.0,否,5G,否,0.0,是,0.0,0.0,846.0,0.0,华为,JEF-AN00,58.0,846.0,58.0,133.0,0.0,37829243.0,0.0,是,二星,-1.0,-1.0,-1.0,-1.0,-1
1501,1.0,1.0,1.0,-1.0,1.0,-1.0,-1.0,-1.0,1.0,-1.0,-1.0,1.0,-1.0,-1.0,14.0,16.0,0.0,否,4G,否,0.0,是,0.0,0.00520833333333333,192.0,1.0,华为,NAM-AL00,129.1,192.0,108.0,130.0,0.000730830052240879,22941038.0,16766.0,否,三星,-1.0,-1.0,-1.0,-1.0,-1
1502,1.0,-1.0,-1.0,-1.0,-1.0,-1.0,-1.0,1.0,1.0,-1.0,1.0,1.0,-1.0,1.0,9.0,6.0,2.0,否,5G,否,0.0,是,0.0,0.0,338.0,0.0,欧珀,PEYM00,98.0,338.0,113.0,470.0,0.0,115775266.0,0.0,是,三星,-1.0,-1.0,-1.0,-1.0,-1
1503,2.0,-1.0,-1.0,-1.0,-1.0,-1.0,-1.0,-1.0,-1.0,-1.0,-1.0,-1.0,-1.0,-1.0,61.0,7.0,14.0,否,5G,否,0.0,是,0.0,0.0,222.0,0.0,华为,OCE-AN50,70.0,222.0,63.0,240.0,0.0,13542419.0,0.0,是,三星,-1.0,-1.0,-1.0,-1.0,-1
1504,1.0,1.0,1.0,-1.0,-1.0,1.0,1.0,1.0,1.0,-1.0,1.0,-1.0,-1.0,1.0,6.0,5.0,1.0,否,5G,否,0.0,是,0.0,0.0,242.0,0.0,华为,KKG-AN00,9.0,242.0,8.0,218.0,0.0,4613350.0,0.0,是,三星,-1.0,-1.0,-1.0,-1.0,-1
1505,1.0,1.0,1.0,-1.0,-1.0,-1.0,-1.0,-1.0,-1.0,-1.0,1.0,1.0,-1.0,-1.0,14.0,10.0,1.0,否,4G,否,0.0,是,0.0,0.0,181.0,0.0,苹果,iPhone 8 Plus A1864,18.0,181.0,18.0,269.0,0.0,3862193.0,0.0,否,二星,1.0,-1.0,-1.0,-1.0,-1
1506,1.0,1.0,-1.0,-1.0,-1.0,-1.0,-1.0,-1.0,-1.0,-1.0,-1.0,1.0,1.0,-1.0,2.0,58.0,1.0,否,4G,否,0.0,是,0.0,0.0,1739.0,0.0,苹果,iPhone 8 Plus A1864,178.0,1739.0,178.0,1024.0,0.0,75820183.0,0.0,否,金卡,-1.0,-1.0,-1.0,-1.0,-1
1507,2.0,-1.0,-1.0,-1.0,-1.0,-1.0,-1.0,-1.0,-1.0,-1.0,-1.0,-1.0,-1.0,-1.0,1.0,12.0,0.0,否,4G,否,0.0,是,0.0,0.0,225.0,0.0,华为,ELS-AN00,51.0,225.0,51.0,147.0,0.0,30836533.0,0.0,否,三星,-1.0,-1.0,-1.0,-1.0,-1
1508,1.0,-1.0,-1.0,-1.0,-1.0,-1.0,-1.0,-1.0,1.0,-1.0,-1.0,1.0,-1.0,1.0,26.0,12.0,3.0,否,4G,否,0.0,是,0.0,0.0,360.0,0.0,华为,NOH-AN00,123.0,360.0,121.96,294.0,0.0,13660786.0,0.0,否,银卡,1.0,-1.0,-1.0,-1.0,-1
1509,2.0,-1.0,-1.0,-1.0,-1.0,-1.0,-1.0,-1.0,-1.0,-1.0,-1.0,-1.0,-1.0,-1.0,14.0,1.0,1.0,否,5G,是,0.0,是,0.0,0.0,251.0,0.0,小米科技,M2012K11AC,41.73,251.0,39.0,171.0,0.0,64561376.0,0.0,是,三星,-1.0,-1.0,-1.0,-1.0,-1
1510,1.0,1.0,-1.0,-1.0,-1.0,1.0,1.0,-1.0,-1.0,-1.0,1.0,1.0,-1.0,-1.0,18.0,10.0,1.0,否,5G,否,0.0,是,0.0,0.0,255.0,0.0,欧珀,PEGT00,68.0,255.0,58.29,274.0,0.0,48347016.0,0.0,是,三星,-1.0,-1.0,-1.0,-1.0,-1
1511,2.0,-1.0,-1.0,-1.0,-1.0,-1.0,-1.0,-1.0,-1.0,-1.0,-1.0,-1.0,-1.0,-1.0,0.0,79.0,1.0,否,4G,否,0.0,是,0.0,0.0,973.0,0.0,小米科技,M2007J3SC,79.0,973.0,75.0,1033.0,0.0,8267990.0,0.0,否,三星,-1.0,-1.0,-1.0,-1.0,-1
1512,1.0,-1.0,-1.0,-1.0,1.0,-1.0,-1.0,-1.0,1.0,-1.0,1.0,-1.0,-1.0,1.0,3.0,0.0,0.0,否,5G,否,0.0,是,0.0,0.0,1083.0,0.0,苹果,A2639,102.0,1083.0,0.0,0.0,0.0,706952.0,0.0,是,二星,-1.0,-1.0,-1.0,-1.0,-1
1513,1.0,-1.0,1.0,-1.0,-1.0,1.0,-1.0,-1.0,-1.0,-1.0,-1.0,1.0,-1.0,1.0,31.0,24.0,3.0,否,4G,否,0.0,是,0.0,0.0,483.0,0.0,华为,YAL-AL00,21.3,483.0,21.0,369.0,0.0,17030411.0,0.0,否,三星,-1.0,-1.0,-1.0,-1.0,-1
1514,1.0,-1.0,-1.0,-1.0,-1.0,-1.0,-1.0,-1.0,1.0,-1.0,-1.0,-1.0,-1.0,1.0,2.0,0.0,0.0,否,5G,否,0.0,是,0.0,0.0,239.0,0.0,小米科技,2201123C,59.0,239.0,44.0,217.0,0.0,4289851.0,0.0,是,三星,1.0,-1.0,-1.0,-1.0,-1
1515,1.0,1.0,-1.0,-1.0,-1.0,-1.0,-1.0,-1.0,-1.0,-1.0,1.0,-1.0,-1.0,-1.0,2.0,2.0,0.0,否,5G,否,0.0,是,0.0,0.0,292.0,0.0,华为,TAS-AN00,128.0,292.0,156.2,307.0,0.0,4300351.0,0.0,是,银卡,-1.0,-1.0,-1.0,-1.0,-1
1516,2.0,-1.0,-1.0,-1.0,-1.0,-1.0,-1.0,-1.0,-1.0,-1.0,-1.0,-1.0,-1.0,-1.0,0.0,0.0,1.0,否,5G,否,0.0,是,0.0,0.0,190.0,0.0,欧珀,PEAM00,23.2,190.0,24.4,247.0,0.0,10347914.0,0.0,是,三星,-1.0,-1.0,-1.0,-1.0,-1
1517,2.0,-1.0,-1.0,-1.0,-1.0,-1.0,-1.0,-1.0,-1.0,-1.0,-1.0,-1.0,-1.0,-1.0,11.0,18.0,1.0,否,5G,否,0.0,是,0.0,0.0,713.0,0.0,小米科技,M2102J2SC,28.0,713.0,28.0,366.0,2.13537003633235e-06,5151332.0,11.0,是,三星,-1.0,-1.0,-1.0,-1.0,-1
1518,1.0,-1.0,-1.0,-1.0,-1.0,1.0,-1.0,-1.0,-1.0,-1.0,-1.0,1.0,-1.0,-1.0,1.0,1.0,1.0,否,5G,否,0.0,是,0.0,0.0,796.0,0.0,欧珀,PFJM10,116.5,796.0,138.16,1062.0,0.0,7411010.0,0.0,是,三星,-1.0,-1.0,-1.0,-1.0,-1
1519,1.0,1.0,-1.0,-1.0,1.0,1.0,-1.0,-1.0,-1.0,-1.0,1.0,1.0,1.0,1.0,2.0,5.0,0.0,否,4G,否,0.0,是,0.0,0.0,163.0,0.0,步步高,vivo NEX A,115.0,163.0,115.0,67.0,0.0,1547312.0,0.0,否,三星,-1.0,-1.0,-1.0,-1.0,-1
1520,2.0,-1.0,-1.0,-1.0,-1.0,-1.0,-1.0,-1.0,-1.0,-1.0,-1.0,-1.0,-1.0,-1.0,0.0,14.0,2.0,否,4G,否,0.0,是,0.0,0.0,367.0,0.0,苹果,A2108,60.0,367.0,60.0,323.0,0.0,15092955.0,0.0,否,三星,-1.0,-1.0,-1.0,-1.0,-1
1521,2.0,-1.0,-1.0,-1.0,-1.0,-1.0,-1.0,-1.0,-1.0,-1.0,-1.0,-1.0,-1.0,-1.0,0.0,45.0,3.0,否,4G,否,0.0,是,0.0,0.0,598.0,0.0,欧珀,PCLM10,48.0,598.0,48.0,1092.0,0.0,4824920.0,0.0,否,三星,-1.0,-1.0,-1.0,-1.0,-1
1522,1.0,-1.0,-1.0,-1.0,1.0,1.0,-1.0,-1.0,1.0,-1.0,1.0,-1.0,-1.0,-1.0,25.0,6.0,1.0,否,4G,否,0.0,是,0.0,0.0,184.0,0.0,苹果,iPhone XS MAX (A1921),111.0,184.0,111.0,117.0,0.0,32008362.0,0.0,否,银卡,-1.0,-1.0,-1.0,-1.0,-1
1523,1.0,1.0,-1.0,-1.0,-1.0,1.0,-1.0,1.0,1.0,-1.0,-1.0,-1.0,-1.0,1.0,20.0,24.0,1.0,否,4G,否,0.0,是,0.0,0.0,284.0,0.0,小米科技,M1803E1A,24.0,284.0,29.0,347.0,0.0,4006357.0,0.0,否,三星,-1.0,-1.0,-1.0,-1.0,-1
1524,2.0,-1.0,-1.0,-1.0,-1.0,-1.0,-1.0,-1.0,-1.0,-1.0,-1.0,-1.0,-1.0,-1.0,2.0,0.0,0.0,否,4G,否,0.0,是,0.0,0.0,264.0,0.0,华为,EVR-AL00,37.0,264.0,37.0,76.0,0.0,12677384.0,0.0,否,三星,-1.0,-1.0,-1.0,-1.0,-1
1525,1.0,-1.0,-1.0,-1.0,1.0,-1.0,-1.0,-1.0,-1.0,-1.0,1.0,1.0,-1.0,1.0,3.0,36.0,7.0,否,4G,否,11.77,是,2.03,0.0,890.0,0.0,苹果,A2223,24.93,890.0,18.1,824.0,0.0,4129355.0,0.0,否,三星,-1.0,-1.0,-1.0,-1.0,-1
1526,1.0,1.0,-1.0,-1.0,-1.0,-1.0,-1.0,-1.0,-1.0,-1.0,-1.0,-1.0,-1.0,1.0,12.0,35.0,2.0,否,4G,否,0.0,是,0.0,0.0,449.0,0.0,苹果,A2404,80.0,449.0,80.1,438.0,2.53229610183538e-05,17691454.0,448.0,否,三星,-1.0,-1.0,-1.0,-1.0,-1
1527,1.0,1.0,1.0,-1.0,-1.0,1.0,-1.0,-1.0,1.0,1.0,1.0,1.0,-1.0,-1.0,5.0,10.0,3.0,否,4G,否,0.0,是,0.0,0.0,335.0,0.0,华为,EVR-AN00,112.73,335.0,110.71,286.0,0.0,17057099.0,0.0,否,银卡,1.0,-1.0,-1.0,-1.0,-1
1528,1.0,1.0,1.0,-1.0,-1.0,-1.0,-1.0,-1.0,1.0,1.0,-1.0,1.0,-1.0,-1.0,30.0,91.0,10.0,否,5G,否,0.0,是,0.0,0.0,327.0,0.0,苹果,A2412,10.0,327.0,10.4,352.0,0.0,20562334.0,0.0,是,一星,-1.0,-1.0,-1.0,-1.0,-1
1529,1.0,1.0,1.0,-1.0,1.0,1.0,-1.0,-1.0,1.0,1.0,1.0,1.0,-1.0,1.0,1.0,5.0,0.0,否,4G,否,0.0,是,0.0,0.0,190.0,0.0,苹果,iPhone X A1865,30.0,190.0,30.0,108.0,0.0,9744579.0,0.0,否,三星,1.0,-1.0,-1.0,-1.0,-1
1530,1.0,1.0,-1.0,-1.0,-1.0,1.0,-1.0,1.0,-1.0,-1.0,-1.0,1.0,-1.0,1.0,43.0,0.0,0.0,否,4G,否,0.0,是,0.0,0.0,141.0,0.0,华为,LYA-AL00,66.0,141.0,66.0,144.0,0.0,22548496.0,0.0,否,三星,-1.0,-1.0,-1.0,-1.0,-1
1531,2.0,-1.0,-1.0,-1.0,-1.0,-1.0,-1.0,-1.0,-1.0,-1.0,-1.0,-1.0,-1.0,-1.0,8.0,9.0,1.0,否,4G,否,0.0,是,0.0,0.0,162.0,0.0,华为,PCT-AL10,60.0,162.0,60.0,189.0,0.0,9070412.0,0.0,否,三星,-1.0,-1.0,-1.0,-1.0,-1
1532,2.0,-1.0,-1.0,-1.0,-1.0,-1.0,-1.0,-1.0,-1.0,-1.0,-1.0,-1.0,-1.0,-1.0,0.0,1.0,1.0,否,5G,否,0.0,是,0.0,0.0,162.0,0.0,小米科技,M2012K11AC,19.5,162.0,19.0,114.0,0.0,5586541.0,0.0,是,三星,-1.0,-1.0,-1.0,-1.0,-1
1533,1.0,1.0,-1.0,-1.0,-1.0,-1.0,-1.0,-1.0,-1.0,-1.0,1.0,-1.0,-1.0,1.0,49.0,7.0,0.0,否,4G,否,0.0,是,0.0,0.0,130.0,0.0,华为,LON-AL00,56.0,130.0,72.0,302.0,0.0,9806661.0,0.0,否,三星,1.0,-1.0,-1.0,-1.0,-1
1534,1.0,1.0,-1.0,-1.0,-1.0,1.0,-1.0,-1.0,1.0,1.0,1.0,1.0,1.0,1.0,2.0,0.0,3.0,否,5G,否,0.0,是,0.0,0.0,306.0,0.0,小米科技,M2007J17C,58.0,306.0,58.2,291.0,0.0,7176102.0,0.0,是,三星,-1.0,-1.0,-1.0,-1.0,-1
1535,2.0,-1.0,-1.0,-1.0,-1.0,-1.0,-1.0,-1.0,-1.0,-1.0,-1.0,-1.0,-1.0,-1.0,2.0,2.0,3.0,否,5G,是,0.0,是,0.0,0.0,261.0,0.0,华为,EBG-AN00,150.0,261.0,150.0,156.0,0.0,8411706.0,0.0,是,银卡,-1.0,-1.0,-1.0,-1.0,-1
1536,1.0,1.0,-1.0,-1.0,-1.0,-1.0,-1.0,-1.0,1.0,-1.0,1.0,-1.0,-1.0,1.0,7.0,22.0,0.0,否,4G,否,0.0,是,0.0,0.0,569.0,0.0,三星,SM-G9600/DS,199.0,569.0,48.3,633.0,0.0,4548697.0,0.0,否,三星,-1.0,-1.0,-1.0,-1.0,-1
1537,2.0,-1.0,-1.0,-1.0,-1.0,-1.0,-1.0,-1.0,-1.0,-1.0,-1.0,-1.0,-1.0,-1.0,5.0,31.0,0.0,否,4G,否,0.0,是,0.0,0.0,1028.0,0.0,华为,VOG-AL00,60.42,1028.0,48.06,456.0,0.0,8107728.0,0.0,否,二星,-1.0,-1.0,-1.0,-1.0,-1
1538,1.0,1.0,-1.0,-1.0,1.0,1.0,1.0,-1.0,-1.0,-1.0,-1.0,1.0,-1.0,1.0,0.0,22.0,0.0,否,4G,否,0.0,是,0.0,0.0,667.0,0.0,华为,ANG-AN00,59.4,667.0,59.3,806.0,0.0,309063.0,0.0,否,三星,-1.0,-1.0,-1.0,-1.0,-1
1539,2.0,-1.0,-1.0,-1.0,-1.0,-1.0,-1.0,-1.0,-1.0,-1.0,-1.0,-1.0,-1.0,-1.0,0.0,0.0,0.0,否,5G,否,0.0,是,0.0,0.0,362.0,0.0,中国移动,SP200,29.5,362.0,29.88,339.0,0.0,9059336.0,0.0,是,三星,-1.0,-1.0,-1.0,-1.0,-1
1540,2.0,-1.0,-1.0,-1.0,-1.0,-1.0,-1.0,-1.0,-1.0,-1.0,-1.0,-1.0,-1.0,-1.0,1.0,19.0,4.0,否,4G,否,0.0,是,0.0,0.0,506.0,0.0,苹果,A2412,106.37,506.0,125.75,661.0,0.0,31934312.0,0.0,否,三星,-1.0,-1.0,-1.0,-1.0,-1
1541,2.0,-1.0,-1.0,-1.0,-1.0,-1.0,-1.0,-1.0,-1.0,-1.0,-1.0,-1.0,-1.0,-1.0,25.0,0.0,0.0,否,5G,否,0.0,是,0.0,0.0,165.0,0.0,小米科技,M2001J11C,129.0,165.0,166.82,163.0,0.0,20353801.0,0.0,是,银卡,-1.0,-1.0,-1.0,-1.0,-1
1542,1.0,1.0,-1.0,-1.0,-1.0,1.0,1.0,-1.0,-1.0,-1.0,1.0,1.0,-1.0,-1.0,5.0,14.0,1.0,否,4G,否,0.0,是,0.0,0.0,223.0,0.0,华为,LIO-AL00,142.49,223.0,142.0,166.0,0.0,2295808.0,0.0,否,银卡,-1.0,-1.0,-1.0,-1.0,-1
1543,2.0,-1.0,-1.0,-1.0,-1.0,-1.0,-1.0,-1.0,-1.0,-1.0,-1.0,-1.0,-1.0,-1.0,27.0,90.0,3.0,否,5G,否,0.0,是,0.0,0.0,1708.0,0.0,苹果,A2634,199.3,1708.0,195.0,1392.0,0.0,76351257.0,0.0,是,银卡,-1.0,-1.0,-1.0,-1.0,-1
1544,1.0,-1.0,1.0,-1.0,-1.0,-1.0,-1.0,-1.0,-1.0,-1.0,1.0,-1.0,-1.0,1.0,30.0,11.0,4.0,否,4G,否,0.0,是,0.0,0.0,416.0,0.0,苹果,A2220,28.6,416.0,28.0,287.0,0.0,71663340.0,0.0,否,三星,-1.0,-1.0,-1.0,-1.0,-1
1545,1.0,-1.0,1.0,-1.0,-1.0,-1.0,-1.0,-1.0,1.0,-1.0,-1.0,-1.0,-1.0,-1.0,9.0,0.0,0.0,否,5G,否,0.16,是,5.0,0.0,170.0,0.0,苹果,A2644,31.4,170.0,24.4,134.0,0.0,2243438.0,0.0,是,一星,-1.0,-1.0,-1.0,-1.0,-1
1546,1.0,1.0,-1.0,-1.0,-1.0,-1.0,1.0,-1.0,1.0,-1.0,-1.0,-1.0,-1.0,1.0,12.0,45.0,1.0,否,4G,否,0.0,是,0.0,0.0,451.0,0.0,步步高,vivo X21A,81.41,451.0,75.0,154.0,0.0,2385579.0,0.0,否,三星,-1.0,-1.0,-1.0,-1.0,-1
1547,1.0,-1.0,-1.0,-1.0,-1.0,1.0,-1.0,-1.0,-1.0,-1.0,-1.0,-1.0,-1.0,1.0,4.0,0.0,0.0,否,5G,否,0.0,是,0.0,0.0,257.0,0.0,华为,NOH-AN00,35.0,257.0,35.0,265.0,0.0,37424655.0,0.0,是,三星,-1.0,-1.0,-1.0,-1.0,-1
1548,1.0,1.0,1.0,1.0,1.0,1.0,1.0,1.0,1.0,1.0,1.0,1.0,1.0,1.0,27.0,0.0,0.0,否,4G,否,0.0,是,0.0,0.0,1046.0,0.0,苹果,A2223,211.4,1046.0,131.5,424.0,0.0,10540910.0,0.0,否,银卡,1.0,-1.0,-1.0,-1.0,-1
1549,2.0,-1.0,-1.0,-1.0,-1.0,-1.0,-1.0,-1.0,-1.0,-1.0,-1.0,-1.0,-1.0,-1.0,3.0,0.0,12.0,否,5G,否,0.0,是,0.0,0.0,723.0,0.0,苹果,A2400,93.0,723.0,90.52,1176.0,0.0,22927868.0,0.0,是,三星,-1.0,-1.0,-1.0,-1.0,-1
1550,1.0,1.0,-1.0,1.0,-1.0,-1.0,1.0,-1.0,-1.0,-1.0,1.0,-1.0,-1.0,-1.0,5.0,59.0,5.0,否,4G,否,0.0,是,0.0,0.0,3413.0,0.0,华为,ARE-AL10,121.0,3413.0,121.0,3158.0,0.0,79954504.0,0.0,否,三星,-1.0,-1.0,-1.0,-1.0,-1
1551,2.0,-1.0,-1.0,-1.0,-1.0,-1.0,-1.0,-1.0,-1.0,-1.0,-1.0,-1.0,-1.0,-1.0,1.0,8.0,1.0,否,5G,否,0.0,是,0.0,0.0,158.0,0.0,苹果,A2412,172.1,158.0,145.8,168.0,0.0,3603754.0,0.0,是,银卡,-1.0,-1.0,-1.0,-1.0,-1
1552,1.0,1.0,-1.0,-1.0,-1.0,-1.0,-1.0,-1.0,1.0,-1.0,1.0,-1.0,-1.0,-1.0,0.0,51.0,6.0,否,4G,否,0.0,是,0.0,0.0,298.0,0.0,华为,WLZ-AN00,13.73,298.0,11.15,416.0,0.0,139341.0,0.0,否,三星,-1.0,-1.0,-1.0,-1.0,-1
1553,1.0,1.0,1.0,-1.0,-1.0,-1.0,-1.0,-1.0,1.0,1.0,1.0,-1.0,-1.0,1.0,1.0,6.0,0.0,否,4G,否,0.0,是,0.0,0.0,321.0,0.0,苹果,A2217,140.0,321.0,140.0,162.0,0.0,33806885.0,0.0,否,银卡,-1.0,-1.0,-1.0,-1.0,-1
1554,1.0,1.0,1.0,-1.0,-1.0,-1.0,-1.0,-1.0,-1.0,-1.0,1.0,1.0,-1.0,1.0,2.0,0.0,0.0,否,4G,否,0.0,是,0.0,0.0,467.0,0.0,华为,LIO-AN00,69.34,467.0,88.0,157.0,0.0,13334043.0,0.0,否,二星,-1.0,-1.0,-1.0,-1.0,-1
1555,1.0,1.0,1.0,-1.0,-1.0,1.0,1.0,1.0,1.0,1.0,1.0,1.0,-1.0,1.0,5.0,38.0,27.0,否,4G,否,0.0,是,0.0,0.0,795.0,0.0,苹果,iPhone 8 A1863,22.0,795.0,10.3,469.0,0.0102399715902651,3176376.0,32526.0,否,二星,-1.0,-1.0,-1.0,-1.0,-1
1556,2.0,-1.0,-1.0,-1.0,-1.0,-1.0,-1.0,-1.0,-1.0,-1.0,-1.0,-1.0,-1.0,-1.0,12.0,16.0,6.0,否,4G,否,0.0,是,0.0,0.0,267.0,0.0,苹果,A2100,58.5,267.0,58.0,245.0,0.0,1501016.0,0.0,否,三星,-1.0,-1.0,-1.0,-1.0,-1
1557,1.0,1.0,-1.0,-1.0,-1.0,1.0,-1.0,-1.0,-1.0,-1.0,1.0,-1.0,-1.0,1.0,173.0,15.0,2.0,否,4G,否,821.2,是,24.0,0.0,200.0,0.0,步步高,V2158A,173.1,200.0,146.5,206.0,0.0,57719266.0,0.0,否,三星,-1.0,-1.0,-1.0,-1.0,-1
1558,2.0,-1.0,-1.0,-1.0,-1.0,-1.0,-1.0,-1.0,-1.0,-1.0,-1.0,-1.0,-1.0,-1.0,43.0,37.0,1.0,否,5G,否,0.0,是,0.0,0.0911392405063291,395.0,36.0,苹果,A2639,75.0,395.0,75.0,218.0,0.226854206422783,7790206.0,1767241.0,是,三星,-1.0,-1.0,-1.0,-1.0,-1
1559,1.0,1.0,-1.0,-1.0,-1.0,-1.0,-1.0,-1.0,-1.0,-1.0,1.0,-1.0,1.0,1.0,1.0,31.0,6.0,否,5G,否,0.0,是,0.0,0.0,1143.0,0.0,苹果,A2404,50.3,1143.0,49.0,560.0,1.7271163339109e-06,16790994.0,29.0,是,三星,-1.0,-1.0,-1.0,-1.0,-1
1560,2.0,-1.0,-1.0,-1.0,-1.0,-1.0,-1.0,-1.0,-1.0,-1.0,-1.0,-1.0,-1.0,-1.0,13.0,4.0,5.0,否,5G,是,0.0,是,0.0,0.0,528.0,0.0,苹果,A2404,79.0,528.0,79.0,349.0,4.18575905193527e-07,45392006.0,19.0,是,三星,-1.0,-1.0,-1.0,-1.0,-1
1561,1.0,1.0,-1.0,-1.0,-1.0,1.0,-1.0,-1.0,1.0,-1.0,1.0,-1.0,-1.0,1.0,2.0,1.0,0.0,否,5G,否,0.0,是,0.0,0.0,817.0,0.0,华为,NOH-AN00,111.0,817.0,111.0,184.0,0.0,4159592.0,0.0,是,银卡,1.0,-1.0,-1.0,-1.0,-1
1562,2.0,-1.0,-1.0,-1.0,-1.0,-1.0,-1.0,-1.0,-1.0,-1.0,-1.0,-1.0,-1.0,-1.0,2.0,5.0,0.0,否,4G,否,0.0,是,0.0,0.0,145.0,0.0,华为,JAD-AL00,25.0,145.0,25.0,150.0,0.0,3116588.0,0.0,否,三星,-1.0,-1.0,-1.0,-1.0,-1
1563,1.0,-1.0,-1.0,-1.0,-1.0,-1.0,1.0,-1.0,-1.0,-1.0,-1.0,1.0,-1.0,1.0,0.0,15.0,0.0,否,4G,否,0.0,是,0.0,0.0,169.0,0.0,苹果,A2108,59.0,169.0,49.0,143.0,0.0,10951326.0,0.0,否,三星,-1.0,-1.0,-1.0,-1.0,-1
1564,1.0,-1.0,-1.0,-1.0,-1.0,-1.0,-1.0,-1.0,1.0,-1.0,-1.0,-1.0,-1.0,1.0,13.0,35.0,9.0,否,4G,否,0.0,是,0.0,0.0,1096.0,0.0,苹果,iPhone 8 Plus A1864,115.0,1096.0,109.0,656.0,0.000500452813555342,48835773.0,24440.0,否,银卡,1.0,-1.0,-1.0,-1.0,-1
1565,2.0,-1.0,-1.0,-1.0,-1.0,-1.0,-1.0,-1.0,-1.0,-1.0,-1.0,-1.0,-1.0,-1.0,15.0,5.0,0.0,否,5G,否,0.0,是,0.0,0.0465116279069767,172.0,8.0,华为,OCE-AN10,8.0,172.0,10.0,377.0,0.00137393204780808,62094774.0,85314.0,是,二星,-1.0,-1.0,-1.0,-1.0,-1
1566,2.0,-1.0,-1.0,-1.0,-1.0,-1.0,-1.0,-1.0,-1.0,-1.0,-1.0,-1.0,-1.0,-1.0,6.0,1.0,0.0,否,5G,否,0.0,是,0.0,0.0,269.0,0.0,小米科技,M2104K10AC,56.0,269.0,56.0,387.0,0.0,10182317.0,0.0,是,三星,-1.0,-1.0,-1.0,-1.0,-1
1567,2.0,-1.0,-1.0,-1.0,-1.0,-1.0,-1.0,-1.0,-1.0,-1.0,-1.0,-1.0,-1.0,-1.0,9.0,3.0,5.0,否,5G,否,0.0,是,0.0,0.0,878.0,0.0,华为,LIO-AN00P,166.48,878.0,185.86,996.0,0.0,13071209.0,0.0,是,三星,-1.0,-1.0,-1.0,-1.0,-1
1568,2.0,-1.0,-1.0,-1.0,-1.0,-1.0,-1.0,-1.0,-1.0,-1.0,-1.0,-1.0,-1.0,-1.0,18.0,17.0,0.0,否,5G,否,0.0,是,0.0,0.0,252.0,0.0,苹果,A2634,115.0,252.0,115.0,240.0,0.0,16260363.0,0.0,是,银卡,-1.0,-1.0,-1.0,-1.0,-1
1569,2.0,-1.0,-1.0,-1.0,-1.0,-1.0,-1.0,-1.0,-1.0,-1.0,-1.0,-1.0,-1.0,-1.0,3.0,0.0,1.0,否,5G,否,90.38,是,5.22,0.0,208.0,0.0,步步高,V2156A,18.22,208.0,41.0,31.0,0.0,2723950.0,0.0,是,三星,-1.0,-1.0,-1.0,-1.0,-1
1570,1.0,-1.0,1.0,-1.0,-1.0,1.0,-1.0,1.0,-1.0,1.0,1.0,1.0,-1.0,1.0,4.0,2.0,0.0,否,5G,是,0.0,是,0.0,0.0,264.0,0.0,华为,ELS-AN00,58.0,264.0,59.0,152.0,0.0,25925961.0,0.0,是,三星,-1.0,-1.0,-1.0,-1.0,-1
1571,2.0,-1.0,-1.0,-1.0,-1.0,-1.0,-1.0,-1.0,-1.0,-1.0,-1.0,-1.0,-1.0,-1.0,4.0,2.0,0.0,否,4G,否,0.0,是,0.0,0.0,317.0,0.0,小米科技,M1912G7BE,108.0,317.0,108.0,268.0,0.0,16244518.0,0.0,否,三星,-1.0,-1.0,-1.0,-1.0,-1
1572,2.0,-1.0,-1.0,-1.0,-1.0,-1.0,-1.0,-1.0,-1.0,-1.0,-1.0,-1.0,-1.0,-1.0,136.0,56.0,2.0,否,4G,是,0.0,是,0.0,0.0,643.0,0.0,小米科技,HMNote8ProM1906G7E,60.5,643.0,55.0,517.0,0.0,53420276.0,0.0,否,二星,-1.0,-1.0,-1.0,-1.0,-1
1573,1.0,-1.0,-1.0,-1.0,-1.0,-1.0,1.0,-1.0,1.0,-1.0,-1.0,-1.0,-1.0,-1.0,3.0,2.0,8.0,否,5G,否,0.0,是,0.0,0.0,1249.0,0.0,华为,NOH-AN00,232.95,1249.0,183.0,1113.0,0.0,9060500.0,0.0,是,银卡,-1.0,-1.0,-1.0,-1.0,-1
1574,1.0,1.0,-1.0,-1.0,1.0,-1.0,1.0,-1.0,-1.0,-1.0,1.0,1.0,-1.0,1.0,0.0,14.0,0.0,否,4G,否,0.0,是,0.0,0.0,175.0,0.0,步步高,V2099A,60.0,175.0,60.0,130.0,0.0,6244168.0,0.0,否,三星,-1.0,-1.0,-1.0,-1.0,-1
1575,1.0,-1.0,-1.0,-1.0,-1.0,1.0,-1.0,-1.0,1.0,-1.0,-1.0,1.0,-1.0,-1.0,40.0,9.0,0.0,否,4G,否,0.0,是,0.0,0.0,216.0,0.0,三星,SM-G9650/DS,60.4,216.0,53.7,89.0,0.0,17044156.0,0.0,否,三星,-1.0,-1.0,-1.0,-1.0,-1
1576,2.0,-1.0,-1.0,-1.0,-1.0,-1.0,-1.0,-1.0,-1.0,-1.0,-1.0,-1.0,-1.0,-1.0,2.0,44.0,7.0,否,5G,否,0.0,是,0.0,0.0349075975359343,974.0,34.0,华为,ANA-AN00,120.0,974.0,120.0,946.0,0.111012231543584,18114067.0,2010883.0,是,银卡,-1.0,-1.0,-1.0,-1.0,-1
1577,2.0,-1.0,-1.0,-1.0,-1.0,-1.0,-1.0,-1.0,-1.0,-1.0,-1.0,-1.0,-1.0,-1.0,2.0,9.0,0.0,否,4G,否,0.0,是,0.0,0.0,196.0,0.0,苹果,A2104,33.75,196.0,84.4,45.0,0.0,8790712.0,0.0,否,三星,-1.0,-1.0,-1.0,-1.0,-1
1578,1.0,1.0,-1.0,-1.0,-1.0,-1.0,-1.0,-1.0,1.0,-1.0,-1.0,-1.0,-1.0,-1.0,131.0,15.0,5.0,否,4G,否,0.0,是,0.0,0.0,348.0,0.0,华为,EVR-AL00,154.0,348.0,154.1,311.0,0.0,30191525.0,0.0,否,银卡,-1.0,-1.0,-1.0,-1.0,-1
1579,1.0,1.0,-1.0,-1.0,-1.0,-1.0,-1.0,-1.0,1.0,-1.0,-1.0,1.0,-1.0,1.0,1.0,10.0,1.0,否,4G,否,3.38,是,1.16,0.0,270.0,0.0,华为,PAR-AL00,6.98,270.0,69.56,122.0,0.0,139663.0,0.0,否,三星,-1.0,-1.0,-1.0,-1.0,-1
1580,1.0,-1.0,1.0,-1.0,-1.0,-1.0,-1.0,-1.0,-1.0,-1.0,1.0,-1.0,-1.0,-1.0,16.0,12.0,2.0,否,5G,否,0.0,是,0.0,0.0,403.0,0.0,苹果,A2634,47.27,403.0,130.08,338.0,0.0,69576349.0,0.0,是,银卡,-1.0,-1.0,-1.0,-1.0,-1
1581,1.0,1.0,-1.0,-1.0,-1.0,-1.0,-1.0,-1.0,1.0,-1.0,1.0,-1.0,-1.0,1.0,6.0,7.0,2.0,否,5G,否,0.0,是,0.0,0.0,202.0,0.0,苹果,A2644,212.9,202.0,172.9,201.0,0.0,435301.0,0.0,是,银卡,-1.0,-1.0,-1.0,-1.0,-1
1582,2.0,-1.0,-1.0,-1.0,-1.0,-1.0,-1.0,-1.0,-1.0,-1.0,-1.0,-1.0,-1.0,-1.0,5.0,62.0,6.0,否,5G,否,0.0,是,0.0,0.0,676.0,0.0,苹果,iPhone 8 Plus A1864,108.74,676.0,102.0,312.0,0.0,31719842.0,0.0,是,三星,-1.0,-1.0,-1.0,-1.0,-1
1583,1.0,1.0,1.0,-1.0,-1.0,1.0,-1.0,-1.0,1.0,1.0,1.0,1.0,-1.0,-1.0,9.0,5.0,0.0,否,4G,否,0.0,是,0.0,0.0,200.0,0.0,欧珀,OPPO R11 Plus,10.0,200.0,10.4,231.0,0.0,2602283.0,0.0,否,二星,-1.0,-1.0,-1.0,-1.0,-1
1584,2.0,-1.0,-1.0,-1.0,-1.0,-1.0,-1.0,-1.0,-1.0,-1.0,-1.0,-1.0,-1.0,-1.0,13.0,17.0,1.0,否,4G,否,0.0,是,0.0,0.0,281.0,0.0,华为,BRQ-AL00,82.4,281.0,80.0,284.0,0.0,58781703.0,0.0,否,二星,-1.0,-1.0,-1.0,-1.0,-1
1585,1.0,1.0,1.0,1.0,1.0,1.0,1.0,1.0,1.0,1.0,1.0,1.0,1.0,1.0,9.0,14.0,1.0,否,4G,否,0.0,是,0.0,0.0,161.0,0.0,小米科技,M1908C3JC,48.41,161.0,109.4,60.0,0.0,1936678.0,0.0,否,二星,-1.0,-1.0,-1.0,-1.0,-1
1586,1.0,-1.0,-1.0,-1.0,-1.0,1.0,1.0,-1.0,1.0,-1.0,-1.0,-1.0,-1.0,-1.0,25.0,21.0,3.0,否,4G,否,0.0,是,0.0,0.0,348.0,0.0,苹果,iPhone 8 Plus A1864,68.0,348.0,93.0,260.0,0.0,29713938.0,0.0,否,三星,-1.0,-1.0,-1.0,-1.0,-1
1587,2.0,-1.0,-1.0,-1.0,-1.0,-1.0,-1.0,-1.0,-1.0,-1.0,-1.0,-1.0,-1.0,-1.0,13.0,0.0,0.0,否,5G,否,0.0,是,0.0,0.0,615.0,0.0,华为,ANA-AN00,84.15,615.0,84.1,602.0,0.0,31940492.0,0.0,是,三星,-1.0,-1.0,-1.0,-1.0,-1
1588,1.0,1.0,-1.0,-1.0,-1.0,-1.0,-1.0,-1.0,-1.0,-1.0,-1.0,1.0,-1.0,1.0,7.0,3.0,3.0,否,5G,否,3189.79,是,39.0,0.0,274.0,0.0,小米科技,M2012K11C,129.1,274.0,120.13,161.0,0.0,46222471.0,0.0,是,银卡,-1.0,-1.0,-1.0,-1.0,-1
1589,2.0,-1.0,-1.0,-1.0,-1.0,-1.0,-1.0,-1.0,-1.0,-1.0,-1.0,-1.0,-1.0,-1.0,1.0,1.0,6.0,否,5G,否,0.0,是,0.0,0.0,343.0,0.0,中国移动,SP200,62.8,343.0,58.0,483.0,0.000470310267888661,41712889.0,19618.0,是,二星,-1.0,-1.0,-1.0,-1.0,-1
1590,2.0,-1.0,-1.0,-1.0,-1.0,-1.0,-1.0,-1.0,-1.0,-1.0,-1.0,-1.0,-1.0,-1.0,28.0,13.0,1.0,否,4G,否,0.0,是,0.0,0.0,230.0,0.0,步步高,V1941A,21.0,230.0,21.0,200.0,0.0655311926544244,8236795.0,539767.0,否,一星,-1.0,-1.0,-1.0,-1.0,-1
1591,1.0,-1.0,1.0,-1.0,-1.0,1.0,-1.0,1.0,1.0,-1.0,1.0,1.0,-1.0,1.0,0.0,23.0,2.0,否,5G,否,0.0,是,0.0,0.0,777.0,0.0,苹果,A2634,67.29,777.0,49.9,481.0,0.0,10649252.0,0.0,是,未评级,-1.0,-1.0,-1.0,-1.0,-1
1592,1.0,1.0,1.0,1.0,1.0,1.0,1.0,1.0,1.0,1.0,1.0,1.0,-1.0,-1.0,57.0,51.0,8.0,否,4G,是,0.0,是,0.0,0.0,1582.0,0.0,苹果,iPhone 7Plus A1661,115.0,1582.0,115.0,879.0,0.000169920288597908,9527997.0,1619.0,否,三星,-1.0,-1.0,-1.0,-1.0,-1
1593,2.0,-1.0,-1.0,-1.0,-1.0,-1.0,-1.0,-1.0,-1.0,-1.0,-1.0,-1.0,-1.0,-1.0,34.0,10.0,2.0,否,4G,否,166.95,是,5.0,0.0,323.0,0.0,华为,LRA-AL00,163.0,323.0,158.0,228.0,0.0,42551586.0,0.0,否,银卡,-1.0,-1.0,-1.0,-1.0,-1
1594,1.0,-1.0,1.0,-1.0,-1.0,-1.0,-1.0,-1.0,-1.0,1.0,-1.0,-1.0,-1.0,-1.0,8.0,81.0,2.0,否,5G,否,0.0,是,0.0,0.0,315.0,0.0,苹果,A2639,128.0,315.0,128.0,185.0,0.0,27558982.0,0.0,是,银卡,-1.0,-1.0,-1.0,-1.0,-1
1595,1.0,1.0,-1.0,-1.0,-1.0,-1.0,-1.0,-1.0,1.0,-1.0,-1.0,-1.0,-1.0,-1.0,92.0,11.0,1.0,否,4G,否,0.0,是,0.0,0.0,418.0,0.0,苹果,A2104,120.0,418.0,123.8,426.0,0.0,5624369.0,0.0,否,银卡,-1.0,-1.0,-1.0,-1.0,-1
1596,2.0,-1.0,-1.0,-1.0,-1.0,-1.0,-1.0,-1.0,-1.0,-1.0,-1.0,-1.0,-1.0,-1.0,0.0,12.0,0.0,否,4G,是,0.0,是,0.0,0.0,246.0,0.0,步步高,V2073A,115.0,246.0,115.0,294.0,0.0,45138790.0,0.0,否,银卡,-1.0,-1.0,-1.0,-1.0,-1
1597,2.0,-1.0,-1.0,-1.0,-1.0,-1.0,-1.0,-1.0,-1.0,-1.0,-1.0,-1.0,-1.0,-1.0,5.0,10.0,1.0,否,4G,否,0.0,是,0.0,0.0,350.0,0.0,苹果,A2220,96.4,350.0,96.3,771.0,0.0,13670654.0,0.0,否,银卡,-1.0,-1.0,-1.0,-1.0,-1
1598,1.0,-1.0,-1.0,-1.0,-1.0,-1.0,-1.0,1.0,1.0,-1.0,-1.0,-1.0,-1.0,-1.0,3.0,7.0,2.0,否,5G,否,210.7,是,5.0,0.0700808625336927,371.0,26.0,欧珀,PFUM10,163.0,371.0,181.6,723.0,0.0296487674702856,41208256.0,1221774.0,是,银卡,-1.0,-1.0,-1.0,-1.0,-1
1599,2.0,-1.0,-1.0,-1.0,-1.0,-1.0,-1.0,-1.0,-1.0,-1.0,-1.0,-1.0,-1.0,-1.0,2.0,16.0,3.0,否,4G,是,0.0,是,0.0,0.205461638491547,769.0,158.0,苹果,iPhone 8 Plus A1899,235.0,769.0,234.9,316.0,0.053104416703149,60689227.0,3222866.0,否,银卡,-1.0,-1.0,-1.0,-1.0,-1
1600,2.0,-1.0,-1.0,-1.0,-1.0,-1.0,-1.0,-1.0,-1.0,-1.0,-1.0,-1.0,-1.0,-1.0,7.0,19.0,3.0,否,5G,否,0.0,是,0.0,0.0,361.0,0.0,小米科技,M2001G7AE,295.0,361.0,145.0,460.0,0.0,64419855.0,0.0,是,银卡,-1.0,-1.0,-1.0,-1.0,-1
1601,2.0,-1.0,-1.0,-1.0,-1.0,-1.0,-1.0,-1.0,-1.0,-1.0,-1.0,-1.0,-1.0,-1.0,30.0,23.0,1.0,否,4G,否,0.0,是,0.0,0.0,543.0,0.0,小米科技,M2007J17C,35.0,543.0,35.0,258.0,0.0,24521614.0,0.0,否,三星,-1.0,-1.0,-1.0,-1.0,-1
1602,1.0,-1.0,-1.0,-1.0,-1.0,1.0,-1.0,-1.0,-1.0,-1.0,-1.0,1.0,-1.0,-1.0,23.0,3.0,0.0,否,4G,是,0.0,是,0.0,0.0,249.0,0.0,苹果,A2223,215.0,249.0,65.0,285.0,0.0,39240661.0,0.0,否,三星,-1.0,-1.0,-1.0,-1.0,-1
1603,1.0,-1.0,-1.0,-1.0,-1.0,1.0,1.0,1.0,1.0,-1.0,-1.0,1.0,-1.0,1.0,3.0,1.0,0.0,否,2G,否,0.0,否,0.0,0.0,195.0,0.0,华为,BLA-AL00,23.1,195.0,23.7,67.0,0.0,0.0,0.0,否,二星,-1.0,-1.0,-1.0,-1.0,-1
1604,2.0,-1.0,-1.0,-1.0,-1.0,-1.0,-1.0,-1.0,-1.0,-1.0,-1.0,-1.0,-1.0,-1.0,14.0,0.0,1.0,否,5G,是,0.0,是,0.0,0.0,350.0,0.0,华为,JEF-AN00,55.0,350.0,54.0,716.0,0.0,13787373.0,0.0,是,三星,-1.0,-1.0,-1.0,-1.0,-1
1605,2.0,-1.0,-1.0,-1.0,-1.0,-1.0,-1.0,-1.0,-1.0,-1.0,-1.0,-1.0,-1.0,-1.0,0.0,28.0,4.0,否,4G,否,59.29,是,7.0,0.0789473684210526,722.0,57.0,步步高,V2020A,36.1,722.0,68.3,898.0,0.109066689875846,26035676.0,2839625.0,否,二星,-1.0,-1.0,-1.0,-1.0,-1
1606,1.0,1.0,1.0,-1.0,-1.0,1.0,1.0,1.0,1.0,1.0,-1.0,-1.0,-1.0,1.0,64.0,3.0,2.0,否,5G,否,0.0,是,0.0,0.0,136.0,0.0,欧珀,PFGM00,90.0,136.0,90.0,114.0,0.0,2545313.0,0.0,是,银卡,-1.0,-1.0,-1.0,-1.0,-1
1607,2.0,-1.0,-1.0,-1.0,-1.0,-1.0,-1.0,-1.0,-1.0,-1.0,-1.0,-1.0,-1.0,-1.0,30.0,6.0,0.0,否,4G,否,0.0,是,0.0,0.0,232.0,0.0,苹果,iPhone 8 Plus A1864,80.15,232.0,65.0,178.0,0.00265899434113962,22551007.0,59963.0,否,二星,-1.0,-1.0,-1.0,-1.0,-1
1608,1.0,-1.0,1.0,-1.0,-1.0,-1.0,-1.0,-1.0,1.0,1.0,1.0,-1.0,-1.0,-1.0,3.0,18.0,5.0,否,4G,否,0.0,是,0.0,0.0,1908.0,0.0,苹果,A2223,139.43,1908.0,136.39,1653.0,0.0,10951213.0,0.0,否,银卡,-1.0,-1.0,-1.0,-1.0,-1
1609,1.0,-1.0,-1.0,-1.0,-1.0,1.0,-1.0,1.0,-1.0,-1.0,-1.0,1.0,-1.0,-1.0,1.0,0.0,0.0,否,5G,否,0.0,是,0.0,0.0,200.0,0.0,万普拉斯,LE2110,94.0,200.0,94.0,442.0,0.0,2318882.0,0.0,是,三星,-1.0,-1.0,-1.0,-1.0,-1
1610,2.0,-1.0,-1.0,-1.0,-1.0,-1.0,-1.0,-1.0,-1.0,-1.0,-1.0,-1.0,-1.0,-1.0,37.0,21.0,3.0,否,5G,否,0.0,是,0.0,0.0,493.0,0.0,苹果,A2634,147.2,493.0,147.1,662.0,0.0,15594992.0,0.0,是,银卡,-1.0,-1.0,-1.0,-1.0,-1
1611,2.0,-1.0,-1.0,-1.0,-1.0,-1.0,-1.0,-1.0,-1.0,-1.0,-1.0,-1.0,-1.0,-1.0,0.0,0.0,0.0,否,5G,否,0.0,是,0.0,0.0,212.0,0.0,华为,ANA-AN00,38.0,212.0,48.57,96.0,0.0,46617877.0,0.0,是,三星,-1.0,-1.0,-1.0,-1.0,-1
1612,2.0,-1.0,-1.0,-1.0,-1.0,-1.0,-1.0,-1.0,-1.0,-1.0,-1.0,-1.0,-1.0,-1.0,1.0,10.0,2.0,否,4G,否,0.0,是,0.0,0.0,437.0,0.0,华为,LYA-AL00,60.0,437.0,65.0,345.0,0.0,17915017.0,0.0,否,三星,-1.0,-1.0,-1.0,-1.0,-1
1613,2.0,-1.0,-1.0,-1.0,-1.0,-1.0,-1.0,-1.0,-1.0,-1.0,-1.0,-1.0,-1.0,-1.0,2.0,0.0,0.0,否,4G,否,0.0,是,0.0,0.0,157.0,0.0,华为,HUAWEI NXT-AL10,0.0,157.0,0.0,49.0,0.0,6125628.0,0.0,否,三星,-1.0,-1.0,-1.0,-1.0,-1
1614,1.0,-1.0,1.0,-1.0,-1.0,1.0,1.0,1.0,-1.0,1.0,-1.0,1.0,-1.0,1.0,9.0,8.0,0.0,否,4G,否,0.0,是,0.0,0.0,330.0,0.0,苹果,A2108,94.77,330.0,107.0,168.0,0.0,10686127.0,0.0,否,三星,-1.0,-1.0,-1.0,-1.0,-1
1615,2.0,-1.0,-1.0,-1.0,-1.0,-1.0,-1.0,-1.0,-1.0,-1.0,-1.0,-1.0,-1.0,-1.0,116.0,29.0,2.0,否,4G,否,0.0,是,0.0,0.0,391.0,0.0,华为,HLK-AL00,70.0,391.0,70.0,429.0,0.0,20237363.0,0.0,否,三星,-1.0,-1.0,-1.0,-1.0,-1
1616,2.0,-1.0,-1.0,-1.0,-1.0,-1.0,-1.0,-1.0,-1.0,-1.0,-1.0,-1.0,-1.0,-1.0,0.0,0.0,0.0,否,2G,否,0.0,否,0.0,0.0,353.0,0.0,华为,HRY-AL00Ta,11.4,353.0,11.3,297.0,0.0,0.0,0.0,否,一星,-1.0,-1.0,-1.0,-1.0,-1
1617,2.0,-1.0,-1.0,-1.0,-1.0,-1.0,-1.0,-1.0,-1.0,-1.0,-1.0,-1.0,-1.0,-1.0,6.0,26.0,1.0,否,4G,否,0.0,是,0.0,0.0,296.0,0.0,小米科技,M2104K10AC,28.38,296.0,63.0,170.0,0.0,28984316.0,0.0,否,三星,-1.0,-1.0,-1.0,-1.0,-1
1618,2.0,-1.0,-1.0,-1.0,-1.0,-1.0,-1.0,-1.0,-1.0,-1.0,-1.0,-1.0,-1.0,-1.0,31.0,24.0,6.0,否,4G,否,0.0,是,0.0,0.0,198.0,0.0,华为,STK-AL00,80.0,198.0,88.12,324.0,0.0,28047154.0,0.0,否,三星,-1.0,-1.0,-1.0,-1.0,-1
1619,1.0,-1.0,-1.0,-1.0,-1.0,-1.0,-1.0,-1.0,-1.0,-1.0,1.0,-1.0,-1.0,-1.0,0.0,0.0,3.0,否,5G,否,0.0,是,0.0,0.0,373.0,0.0,华为,NOH-AN00,59.55,373.0,48.0,184.0,0.0,23144267.0,0.0,是,三星,-1.0,-1.0,1.0,-1.0,-1
1620,2.0,-1.0,-1.0,-1.0,-1.0,-1.0,-1.0,-1.0,-1.0,-1.0,-1.0,-1.0,-1.0,-1.0,0.0,1.0,0.0,否,4G,否,0.0,是,0.0,0.03,200.0,6.0,华为,AQM-AL10,27.0,200.0,27.0,116.0,0.0943405153803843,507237.0,47853.0,否,三星,-1.0,-1.0,-1.0,-1.0,-1
1621,1.0,1.0,-1.0,-1.0,-1.0,-1.0,-1.0,1.0,-1.0,-1.0,1.0,1.0,-1.0,1.0,5.0,0.0,2.0,否,5G,否,0.0,是,0.0,0.0,813.0,0.0,华为,ELS-AN00,258.0,813.0,271.92,957.0,0.0,95710250.0,0.0,是,白金卡,-1.0,-1.0,-1.0,-1.0,-1
1622,2.0,-1.0,-1.0,-1.0,-1.0,-1.0,-1.0,-1.0,-1.0,-1.0,-1.0,-1.0,-1.0,-1.0,13.0,9.0,10.0,否,5G,否,1967.79,是,33.0,0.0,710.0,0.0,苹果,A2404,201.52,710.0,188.28,816.0,0.0,43820042.0,0.0,是,金卡,-1.0,-1.0,-1.0,-1.0,-1
1623,1.0,-1.0,-1.0,-1.0,-1.0,1.0,-1.0,-1.0,-1.0,1.0,1.0,1.0,-1.0,-1.0,6.0,7.0,5.0,否,5G,否,0.0,是,0.0,0.0,1547.0,0.0,华为,ANA-AN00,137.0,1547.0,113.0,1542.0,8.64245610734956e-06,16777638.0,145.0,是,银卡,-1.0,-1.0,-1.0,-1.0,-1
1624,2.0,-1.0,-1.0,-1.0,-1.0,-1.0,-1.0,-1.0,-1.0,-1.0,-1.0,-1.0,-1.0,-1.0,3.0,5.0,0.0,否,4G,否,0.0,是,0.0,0.0,201.0,0.0,苹果,A2104,133.0,201.0,123.0,53.0,0.0,36803915.0,0.0,否,银卡,-1.0,-1.0,-1.0,-1.0,-1
1625,1.0,1.0,-1.0,-1.0,-1.0,-1.0,-1.0,-1.0,1.0,-1.0,-1.0,1.0,-1.0,-1.0,4.0,5.0,0.0,否,4G,否,0.0,是,0.0,0.0,134.0,0.0,苹果,iPhone 7Plus A1661,49.0,134.0,70.25,122.0,0.0,71735083.0,0.0,否,三星,-1.0,-1.0,-1.0,-1.0,-1
1626,1.0,-1.0,1.0,-1.0,-1.0,1.0,-1.0,-1.0,-1.0,-1.0,1.0,-1.0,-1.0,1.0,7.0,50.0,3.0,否,4G,否,0.0,是,0.0,0.0,817.0,0.0,华为,LIO-AN00,158.1,817.0,183.29,1629.0,0.0,48151207.0,0.0,否,银卡,-1.0,-1.0,-1.0,-1.0,-1
1627,2.0,-1.0,-1.0,-1.0,-1.0,-1.0,-1.0,-1.0,-1.0,-1.0,-1.0,-1.0,-1.0,-1.0,5.0,23.0,1.0,否,4G,否,0.0,是,0.0,0.0,490.0,0.0,华为,STK-AL00,118.4,490.0,120.2,458.0,0.0,40753663.0,0.0,否,银卡,-1.0,-1.0,-1.0,-1.0,-1
1628,2.0,-1.0,-1.0,-1.0,-1.0,-1.0,-1.0,-1.0,-1.0,-1.0,-1.0,-1.0,-1.0,-1.0,0.0,12.0,1.0,否,4G,否,0.0,是,0.0,0.0,133.0,0.0,华为,TAS-AN00,38.75,133.0,38.0,142.0,0.0,57182.0,0.0,否,三星,-1.0,-1.0,-1.0,-1.0,-1
1629,1.0,1.0,1.0,-1.0,1.0,-1.0,-1.0,-1.0,1.0,1.0,1.0,-1.0,-1.0,1.0,0.0,11.0,23.0,否,4G,否,0.0,是,0.0,0.0,282.0,0.0,华为,ALP-AL00,160.0,282.0,159.9,185.0,0.0,18880161.0,0.0,否,银卡,-1.0,-1.0,-1.0,-1.0,-1
1630,1.0,1.0,1.0,-1.0,-1.0,-1.0,-1.0,-1.0,1.0,-1.0,1.0,-1.0,-1.0,-1.0,4.0,0.0,0.0,否,5G,否,0.0,是,0.0,0.0,454.0,0.0,华为,NOP-AN00,102.9,454.0,84.0,288.0,0.0,2922007.0,0.0,是,银卡,-1.0,-1.0,-1.0,-1.0,-1
1631,1.0,1.0,-1.0,-1.0,1.0,-1.0,-1.0,-1.0,-1.0,-1.0,1.0,1.0,-1.0,1.0,6.0,11.0,0.0,否,4G,否,0.0,是,0.0,0.0,179.0,0.0,华为,WLZ-AN00,9.0,179.0,10.33,218.0,0.0,1606530.0,0.0,否,三星,-1.0,-1.0,-1.0,-1.0,-1
1632,1.0,1.0,-1.0,-1.0,-1.0,-1.0,-1.0,-1.0,-1.0,-1.0,1.0,-1.0,-1.0,1.0,5.0,7.0,4.0,否,5G,否,0.0,是,0.0,0.0,990.0,0.0,华为,NOH-AN00,130.0,990.0,136.96,1435.0,0.0,21184604.0,0.0,是,银卡,-1.0,-1.0,-1.0,-1.0,-1
1633,1.0,1.0,-1.0,-1.0,-1.0,-1.0,-1.0,-1.0,-1.0,1.0,1.0,-1.0,-1.0,-1.0,10.0,11.0,4.0,否,4G,否,0.0,是,0.0,0.0,262.0,0.0,苹果,iPhone 8 Plus A1864,87.0,262.0,87.1,282.0,0.0,21640613.0,0.0,否,三星,-1.0,-1.0,-1.0,-1.0,-1
1634,1.0,1.0,-1.0,-1.0,-1.0,-1.0,-1.0,1.0,-1.0,-1.0,-1.0,1.0,-1.0,1.0,27.0,9.0,4.0,否,4G,否,0.0,是,0.0,0.0,254.0,0.0,华为,CLT-AL00,18.19,254.0,18.39,427.0,0.0,3683986.0,0.0,否,三星,-1.0,-1.0,-1.0,-1.0,-1
1635,1.0,-1.0,-1.0,-1.0,1.0,-1.0,-1.0,-1.0,-1.0,-1.0,1.0,1.0,-1.0,-1.0,2.0,14.0,1.0,否,4G,否,0.0,是,0.0,0.0,340.0,0.0,苹果,A2223,69.0,340.0,69.0,335.0,0.0,7791876.0,0.0,否,三星,-1.0,-1.0,-1.0,-1.0,-1
1636,1.0,1.0,1.0,-1.0,-1.0,-1.0,-1.0,-1.0,-1.0,-1.0,1.0,1.0,-1.0,1.0,2.0,11.0,0.0,否,4G,否,0.0,是,0.0,0.0,284.0,0.0,苹果,A2223,176.4,284.0,171.0,671.0,0.0,238403.0,0.0,否,银卡,1.0,-1.0,-1.0,-1.0,-1
1637,2.0,-1.0,-1.0,-1.0,-1.0,-1.0,-1.0,-1.0,-1.0,-1.0,-1.0,-1.0,-1.0,-1.0,0.0,15.0,0.0,否,5G,否,0.0,是,0.0,0.0,268.0,0.0,华为,EBG-AN10,59.1,268.0,134.9,248.0,0.0,3485954.0,0.0,是,三星,-1.0,-1.0,-1.0,-1.0,-1
1638,2.0,-1.0,-1.0,-1.0,-1.0,-1.0,-1.0,-1.0,-1.0,-1.0,-1.0,-1.0,-1.0,-1.0,4.0,63.0,5.0,否,4G,否,0.0,是,0.0,0.0,1374.0,0.0,华为,VOG-AL10,138.0,1374.0,138.1,979.0,0.0,14464726.0,0.0,否,银卡,-1.0,-1.0,-1.0,-1.0,-1
1639,1.0,-1.0,-1.0,-1.0,-1.0,-1.0,-1.0,-1.0,-1.0,-1.0,-1.0,1.0,1.0,-1.0,2.0,23.0,2.0,否,4G,否,0.0,是,0.0,0.0,1146.0,0.0,华为,LIO-AL00,185.0,1146.0,185.0,1170.0,0.0,20054819.0,0.0,否,银卡,1.0,-1.0,-1.0,-1.0,-1
1640,1.0,1.0,1.0,-1.0,1.0,1.0,1.0,1.0,1.0,1.0,1.0,1.0,1.0,1.0,29.0,35.0,2.0,否,5G,否,0.0,是,0.0,0.0,835.0,0.0,苹果,A2644,150.0,835.0,150.0,1128.0,0.0,59297045.0,0.0,是,银卡,-1.0,-1.0,-1.0,-1.0,-1
1641,1.0,-1.0,-1.0,-1.0,-1.0,-1.0,1.0,-1.0,-1.0,-1.0,-1.0,-1.0,1.0,-1.0,9.0,8.0,1.0,否,4G,否,0.0,是,0.0,0.0,135.0,0.0,步步高,vivo X20A,23.75,135.0,23.25,266.0,0.0,2468348.0,0.0,否,三星,-1.0,-1.0,-1.0,-1.0,-1
1642,1.0,1.0,-1.0,-1.0,-1.0,-1.0,-1.0,-1.0,-1.0,-1.0,-1.0,1.0,-1.0,1.0,20.0,27.0,2.0,否,4G,否,0.0,是,0.0,0.0,182.0,0.0,苹果,iPhone X A1865,59.2,182.0,58.9,194.0,0.0,693188.0,0.0,否,三星,1.0,-1.0,-1.0,-1.0,1
1643,2.0,-1.0,-1.0,-1.0,-1.0,-1.0,-1.0,-1.0,-1.0,-1.0,-1.0,-1.0,-1.0,-1.0,4.0,13.0,1.0,否,4G,否,0.0,是,0.0,0.0,208.0,0.0,苹果,A2404,10.0,208.0,10.3,156.0,0.0,8453359.0,0.0,否,三星,-1.0,-1.0,-1.0,-1.0,-1
1644,1.0,1.0,1.0,-1.0,-1.0,-1.0,-1.0,-1.0,1.0,1.0,1.0,1.0,-1.0,-1.0,42.0,22.0,6.0,否,5G,否,0.0,是,0.0,0.0162337662337662,1232.0,20.0,苹果,A2412,229.9,1232.0,284.63,2024.0,0.0345910592680622,82057331.0,2838450.0,是,金卡,-1.0,-1.0,-1.0,-1.0,-1
1645,2.0,-1.0,-1.0,-1.0,-1.0,-1.0,-1.0,-1.0,-1.0,-1.0,-1.0,-1.0,-1.0,-1.0,16.0,2.0,0.0,否,5G,否,0.0,是,0.0,0.0,214.0,0.0,苹果,A2404,98.9,214.0,99.3,384.0,0.0,31663436.0,0.0,是,三星,-1.0,-1.0,-1.0,-1.0,-1
1646,2.0,-1.0,-1.0,-1.0,-1.0,-1.0,-1.0,-1.0,-1.0,-1.0,-1.0,-1.0,-1.0,-1.0,6.0,41.0,1.0,否,4G,否,0.0,是,0.0,0.0733067729083665,2510.0,184.0,华为,ELE-AL00,140.0,2510.0,140.0,2960.0,0.15560459961113,25054118.0,3898536.0,否,银卡,-1.0,-1.0,-1.0,-1.0,-1
1647,1.0,1.0,1.0,-1.0,-1.0,1.0,-1.0,-1.0,-1.0,1.0,1.0,-1.0,-1.0,1.0,30.0,10.0,3.0,否,5G,否,0.0,是,0.0,0.0,624.0,0.0,苹果,A2408,165.0,624.0,165.0,513.0,0.0,36337696.0,0.0,是,银卡,-1.0,-1.0,-1.0,-1.0,-1
1648,1.0,1.0,1.0,-1.0,1.0,-1.0,-1.0,-1.0,1.0,1.0,1.0,-1.0,-1.0,1.0,0.0,0.0,1.0,否,5G,否,0.0,是,0.0,0.0,160.0,0.0,小米科技,M2104K10AC,58.0,160.0,58.0,243.0,0.0,5982907.0,0.0,是,三星,1.0,-1.0,-1.0,-1.0,-1
1649,2.0,-1.0,-1.0,-1.0,-1.0,-1.0,-1.0,-1.0,-1.0,-1.0,-1.0,-1.0,-1.0,-1.0,33.0,17.0,1.0,否,4G,否,0.0,是,0.0,0.0,455.0,0.0,欧珀,PCAM00,170.0,455.0,69.0,172.0,0.0,25533068.0,0.0,否,二星,-1.0,-1.0,-1.0,-1.0,-1
1650,2.0,-1.0,-1.0,-1.0,-1.0,-1.0,-1.0,-1.0,-1.0,-1.0,-1.0,-1.0,-1.0,-1.0,0.0,10.0,0.0,否,4G,否,0.0,是,0.0,0.0,427.0,0.0,华为,BLA-AL00,10.0,427.0,10.0,160.0,0.0,65531298.0,0.0,否,三星,-1.0,-1.0,-1.0,-1.0,-1
1651,2.0,-1.0,-1.0,-1.0,-1.0,-1.0,-1.0,-1.0,-1.0,-1.0,-1.0,-1.0,-1.0,-1.0,0.0,0.0,0.0,否,2G,否,0.0,否,0.0,0.0,239.0,0.0,小米科技,M1803E1A,28.19,239.0,28.0,186.0,0.0,0.0,0.0,否,三星,-1.0,-1.0,-1.0,-1.0,-1
1652,1.0,1.0,-1.0,-1.0,-1.0,1.0,-1.0,-1.0,1.0,-1.0,-1.0,1.0,-1.0,-1.0,12.0,17.0,1.0,否,5G,否,0.0,是,0.0,0.0,194.0,0.0,苹果,iPhone X A1901,127.0,194.0,125.0,269.0,0.0,46259903.0,0.0,是,银卡,-1.0,-1.0,-1.0,-1.0,-1
1653,1.0,-1.0,-1.0,-1.0,-1.0,-1.0,1.0,-1.0,-1.0,-1.0,-1.0,-1.0,-1.0,-1.0,2.0,16.0,0.0,否,4G,否,0.0,是,0.0,0.0,296.0,0.0,华为,MED-AL00,50.1,296.0,49.0,288.0,0.0,36721376.0,0.0,否,一星,-1.0,-1.0,-1.0,-1.0,1
1654,1.0,1.0,1.0,-1.0,-1.0,-1.0,-1.0,-1.0,1.0,-1.0,1.0,1.0,-1.0,-1.0,2.0,0.0,0.0,否,4G,否,0.0,是,0.0,0.0,154.0,0.0,华为,ELS-AN10,58.0,154.0,58.0,161.0,0.0,3671384.0,0.0,否,三星,-1.0,-1.0,-1.0,-1.0,-1
1655,2.0,-1.0,-1.0,-1.0,-1.0,-1.0,-1.0,-1.0,-1.0,-1.0,-1.0,-1.0,-1.0,-1.0,2.0,1.0,0.0,否,5G,否,0.0,是,0.0,0.0,216.0,0.0,华为,TAS-AN00,298.0,216.0,325.0,264.0,0.0,46500350.0,0.0,是,金卡,-1.0,-1.0,-1.0,-1.0,-1
1656,1.0,1.0,-1.0,-1.0,-1.0,-1.0,1.0,1.0,1.0,-1.0,1.0,-1.0,-1.0,1.0,13.0,33.0,7.0,否,4G,否,0.0,是,0.0,0.0,850.0,0.0,苹果,iPhone 8 Plus A1864,149.25,850.0,112.1,123.0,0.0,8547022.0,0.0,否,银卡,1.0,-1.0,-1.0,-1.0,-1
1657,2.0,-1.0,-1.0,-1.0,-1.0,-1.0,-1.0,-1.0,-1.0,-1.0,-1.0,-1.0,-1.0,-1.0,132.0,9.0,0.0,否,4G,否,0.0,是,0.0,0.0,176.0,0.0,华为,ART-AL00x,25.0,176.0,25.0,210.0,0.00155363826961744,9549842.0,14837.0,否,三星,-1.0,-1.0,-1.0,-1.0,-1
1658,2.0,-1.0,-1.0,-1.0,-1.0,-1.0,-1.0,-1.0,-1.0,-1.0,-1.0,-1.0,-1.0,-1.0,21.0,16.0,0.0,否,4G,否,0.0,是,0.0,0.0,379.0,0.0,华为,LYA-AL00,49.0,379.0,49.0,543.0,0.0,4292994.0,0.0,否,三星,-1.0,-1.0,-1.0,-1.0,-1
1659,2.0,-1.0,-1.0,-1.0,-1.0,-1.0,-1.0,-1.0,-1.0,-1.0,-1.0,-1.0,-1.0,-1.0,40.0,32.0,1.0,否,4G,否,0.0,是,0.0,0.0,432.0,0.0,苹果,iPhone 8 Plus A1864,96.0,432.0,96.0,488.0,0.000577470541645658,23583887.0,13619.0,否,三星,-1.0,-1.0,-1.0,-1.0,-1
1660,1.0,1.0,1.0,-1.0,-1.0,-1.0,-1.0,-1.0,1.0,-1.0,-1.0,-1.0,-1.0,-1.0,23.0,9.0,1.0,否,4G,否,0.0,是,0.0,0.0,213.0,0.0,华为,PAR-AL00,80.0,213.0,79.0,311.0,0.0,36140572.0,0.0,否,三星,-1.0,-1.0,-1.0,-1.0,-1
1661,2.0,-1.0,-1.0,-1.0,-1.0,-1.0,-1.0,-1.0,-1.0,-1.0,-1.0,-1.0,-1.0,-1.0,0.0,0.0,0.0,否,4G,否,0.0,是,0.0,0.0,255.0,0.0,华为,AQM-AL10,20.95,255.0,60.1,139.0,0.0,579268.0,0.0,否,三星,-1.0,-1.0,-1.0,-1.0,-1
1662,2.0,-1.0,-1.0,-1.0,-1.0,-1.0,-1.0,-1.0,-1.0,-1.0,-1.0,-1.0,-1.0,-1.0,0.0,0.0,7.0,否,5G,否,6079.54,是,600.0,0.0,3349.0,0.0,华为,BRQ-AN00,952.02,3349.0,285.0,2152.0,0.0,66399431.0,0.0,是,白金卡,-1.0,-1.0,-1.0,-1.0,-1
1663,1.0,1.0,-1.0,-1.0,1.0,-1.0,1.0,1.0,-1.0,1.0,-1.0,-1.0,-1.0,-1.0,19.0,18.0,6.0,否,4G,否,0.0,是,0.0,0.0,347.0,0.0,苹果,A2223,29.5,347.0,31.7,341.0,0.0,42525859.0,0.0,否,二星,-1.0,-1.0,-1.0,-1.0,-1
1664,1.0,-1.0,-1.0,-1.0,-1.0,1.0,-1.0,-1.0,1.0,-1.0,-1.0,-1.0,-1.0,-1.0,0.0,6.0,0.0,否,4G,否,0.0,是,0.0,0.0,136.0,0.0,苹果,A2644,50.0,136.0,50.0,96.0,0.0,11243027.0,0.0,否,三星,-1.0,-1.0,-1.0,-1.0,-1
1665,1.0,-1.0,1.0,-1.0,-1.0,-1.0,-1.0,-1.0,1.0,-1.0,-1.0,-1.0,-1.0,-1.0,41.0,9.0,5.0,否,5G,否,0.0,是,0.0,0.0,408.0,0.0,苹果,A2408,114.0,408.0,122.2,726.0,0.0,66748536.0,0.0,是,银卡,-1.0,-1.0,-1.0,-1.0,-1
1666,2.0,-1.0,-1.0,-1.0,-1.0,-1.0,-1.0,-1.0,-1.0,-1.0,-1.0,-1.0,-1.0,-1.0,0.0,0.0,0.0,否,4G,否,0.0,是,0.0,0.0,164.0,0.0,华为,BLA-AL00,18.3,164.0,18.45,228.0,0.0,17305131.0,0.0,否,三星,-1.0,-1.0,-1.0,-1.0,-1
1667,2.0,-1.0,-1.0,-1.0,-1.0,-1.0,-1.0,-1.0,-1.0,-1.0,-1.0,-1.0,-1.0,-1.0,31.0,24.0,0.0,否,4G,是,0.0,是,0.0,0.0,593.0,0.0,华为,BKK-AL10,168.0,593.0,158.0,432.0,0.0,44714817.0,0.0,否,金卡,-1.0,-1.0,-1.0,-1.0,-1
1668,2.0,-1.0,-1.0,-1.0,-1.0,-1.0,-1.0,-1.0,-1.0,-1.0,-1.0,-1.0,-1.0,-1.0,6.0,10.0,0.0,否,4G,否,0.0,是,0.0,0.0,160.0,0.0,华为,VOG-AL00,84.0,160.0,84.0,149.0,0.0,2573896.0,0.0,否,三星,-1.0,-1.0,-1.0,-1.0,-1
1669,2.0,-1.0,-1.0,-1.0,-1.0,-1.0,-1.0,-1.0,-1.0,-1.0,-1.0,-1.0,-1.0,-1.0,13.0,11.0,0.0,否,4G,否,0.0,是,0.0,0.0,157.0,0.0,苹果,iPhone 7Plus A1661,88.0,157.0,88.0,77.0,0.0,4090303.0,0.0,否,三星,-1.0,-1.0,-1.0,-1.0,-1
1670,2.0,-1.0,-1.0,-1.0,-1.0,-1.0,-1.0,-1.0,-1.0,-1.0,-1.0,-1.0,-1.0,-1.0,4.0,1.0,0.0,否,5G,是,0.0,是,0.0,0.0,559.0,0.0,华为,BMH-AN10,101.1,559.0,92.0,835.0,0.0,41747608.0,0.0,是,银卡,-1.0,-1.0,-1.0,-1.0,-1
1671,2.0,-1.0,-1.0,-1.0,-1.0,-1.0,-1.0,-1.0,-1.0,-1.0,-1.0,-1.0,-1.0,-1.0,7.0,25.0,4.0,否,4G,否,0.0,是,0.0,0.0184049079754601,489.0,9.0,华为,WLZ-AL10,90.0,489.0,90.0,355.0,0.0251622526911672,6056294.0,152390.0,否,三星,-1.0,-1.0,-1.0,-1.0,-1
1672,1.0,1.0,-1.0,-1.0,-1.0,-1.0,-1.0,-1.0,1.0,-1.0,-1.0,-1.0,-1.0,-1.0,25.0,24.0,1.0,否,5G,是,0.0,是,0.0,0.0,218.0,0.0,欧珀,PDYM20,130.0,218.0,110.0,287.0,0.0,13869545.0,0.0,是,银卡,-1.0,-1.0,-1.0,-1.0,-1
1673,2.0,-1.0,-1.0,-1.0,-1.0,-1.0,-1.0,-1.0,-1.0,-1.0,-1.0,-1.0,-1.0,-1.0,7.0,6.0,2.0,否,5G,否,0.0,是,0.0,0.0,377.0,0.0,苹果,A2412,300.3,377.0,0.0,184.0,0.0,27805102.0,0.0,是,三星,-1.0,-1.0,-1.0,-1.0,-1
1674,2.0,-1.0,-1.0,-1.0,-1.0,-1.0,-1.0,-1.0,-1.0,-1.0,-1.0,-1.0,-1.0,-1.0,20.0,21.0,3.0,否,4G,否,608.81,是,18.0,0.0664652567975831,331.0,22.0,苹果,A2223,74.2,331.0,64.0,346.0,0.0313390519183117,34056327.0,1067293.0,否,二星,-1.0,-1.0,-1.0,-1.0,-1
1675,1.0,1.0,-1.0,-1.0,-1.0,-1.0,-1.0,-1.0,1.0,-1.0,-1.0,-1.0,-1.0,-1.0,2.0,12.0,0.0,否,4G,否,0.0,是,0.0,0.0,318.0,0.0,苹果,A2404,0.0,318.0,10.0,299.0,0.0,1550824.0,0.0,否,三星,-1.0,-1.0,-1.0,-1.0,-1
1676,2.0,-1.0,-1.0,-1.0,-1.0,-1.0,-1.0,-1.0,-1.0,-1.0,-1.0,-1.0,-1.0,-1.0,0.0,11.0,0.0,否,4G,否,0.0,是,0.0,0.0,192.0,0.0,步步高,V2055A,78.0,192.0,78.0,195.0,0.0,13726883.0,0.0,否,三星,-1.0,-1.0,-1.0,-1.0,-1
1677,2.0,-1.0,-1.0,-1.0,-1.0,-1.0,-1.0,-1.0,-1.0,-1.0,-1.0,-1.0,-1.0,-1.0,22.0,22.0,1.0,否,4G,否,0.0,是,0.0,0.0,997.0,0.0,华为,ELE-AL00,139.0,997.0,193.0,2216.0,0.0,31158578.0,0.0,否,金卡,-1.0,-1.0,-1.0,-1.0,-1
1678,2.0,-1.0,-1.0,-1.0,-1.0,-1.0,-1.0,-1.0,-1.0,-1.0,-1.0,-1.0,-1.0,-1.0,14.0,74.0,6.0,否,4G,否,0.0,是,0.0,0.0,942.0,0.0,苹果,A2412,130.0,942.0,130.0,962.0,0.0,6924222.0,0.0,否,银卡,-1.0,-1.0,-1.0,-1.0,-1
1679,2.0,-1.0,-1.0,-1.0,-1.0,-1.0,-1.0,-1.0,-1.0,-1.0,-1.0,-1.0,-1.0,-1.0,7.0,100.0,14.0,否,4G,否,0.0,是,0.0,0.0,1904.0,0.0,华为,ANA-AN00,135.0,1904.0,135.0,1216.0,0.0,6517458.0,0.0,否,银卡,-1.0,-1.0,-1.0,-1.0,-1
1680,2.0,-1.0,-1.0,-1.0,-1.0,-1.0,-1.0,-1.0,-1.0,-1.0,-1.0,-1.0,-1.0,-1.0,30.0,20.0,2.0,否,4G,否,0.0,是,0.0,0.0,1358.0,0.0,小米科技,HMK20M1903F10A,23.0,1358.0,23.0,1627.0,0.0,3223063.0,0.0,否,三星,-1.0,-1.0,-1.0,-1.0,-1
1681,1.0,1.0,-1.0,-1.0,-1.0,1.0,-1.0,-1.0,1.0,-1.0,-1.0,1.0,-1.0,-1.0,6.0,15.0,0.0,否,4G,否,71.89,是,20.0,0.0,160.0,0.0,华为,ELE-AL00,49.0,160.0,19.0,219.0,0.0,1566082.0,0.0,否,二星,-1.0,-1.0,-1.0,-1.0,-1
1682,2.0,-1.0,-1.0,-1.0,-1.0,-1.0,-1.0,-1.0,-1.0,-1.0,-1.0,-1.0,-1.0,-1.0,2.0,12.0,2.0,否,4G,否,0.0,是,0.0,0.0,487.0,0.0,苹果,iPhone 6S PLUS A1699,26.0,487.0,25.0,132.0,0.0,11482500.0,0.0,否,三星,-1.0,-1.0,-1.0,-1.0,-1
1683,2.0,-1.0,-1.0,-1.0,-1.0,-1.0,-1.0,-1.0,-1.0,-1.0,-1.0,-1.0,-1.0,-1.0,4.0,0.0,2.0,否,5G,否,0.0,是,0.0,0.0,364.0,0.0,华为,NOH-AN00,90.0,364.0,108.0,167.0,0.0,35829123.0,0.0,是,银卡,-1.0,-1.0,-1.0,-1.0,-1
1684,1.0,-1.0,-1.0,1.0,-1.0,-1.0,-1.0,-1.0,1.0,-1.0,-1.0,1.0,-1.0,-1.0,183.0,77.0,14.0,否,4G,否,0.0,是,0.0,0.0,1452.0,0.0,华为,EML-AL00,214.5,1452.0,180.0,1669.0,0.0,77414349.0,0.0,否,银卡,-1.0,-1.0,-1.0,-1.0,-1
1685,2.0,-1.0,-1.0,-1.0,-1.0,-1.0,-1.0,-1.0,-1.0,-1.0,-1.0,-1.0,-1.0,-1.0,30.0,5.0,0.0,否,4G,否,0.0,是,0.0,0.0,212.0,0.0,华为,VOG-AL00,58.0,212.0,58.0,223.0,0.0,1916302.0,0.0,否,三星,-1.0,-1.0,-1.0,-1.0,-1
1686,2.0,-1.0,-1.0,-1.0,-1.0,-1.0,-1.0,-1.0,-1.0,-1.0,-1.0,-1.0,-1.0,-1.0,4.0,0.0,3.0,否,5G,否,0.0,是,0.0,0.0642857142857143,420.0,27.0,华为,DVC-AN20,108.0,420.0,110.28,317.0,0.0359898665710675,59676937.0,2147765.0,是,三星,-1.0,-1.0,-1.0,-1.0,-1
1687,1.0,1.0,-1.0,-1.0,1.0,-1.0,-1.0,-1.0,-1.0,-1.0,-1.0,1.0,-1.0,1.0,8.0,23.0,3.0,否,4G,否,19.8,是,15.0,0.0,654.0,0.0,华为,BKL-AL20,60.0,654.0,54.8,458.0,0.0,27679849.0,0.0,否,二星,-1.0,-1.0,-1.0,-1.0,-1
1688,2.0,-1.0,-1.0,-1.0,-1.0,-1.0,-1.0,-1.0,-1.0,-1.0,-1.0,-1.0,-1.0,-1.0,9.0,1.0,2.0,否,5G,是,0.0,是,0.0,0.0,190.0,0.0,华为,NOH-AN00,59.0,190.0,59.0,101.0,0.0,6612960.0,0.0,是,三星,-1.0,-1.0,-1.0,-1.0,-1
1689,2.0,-1.0,-1.0,-1.0,-1.0,-1.0,-1.0,-1.0,-1.0,-1.0,-1.0,-1.0,-1.0,-1.0,70.0,2.0,0.0,否,5G,否,0.0,是,0.0,0.0,194.0,0.0,万普拉斯,LE2120,0.0,194.0,0.0,110.0,0.0,9828927.0,0.0,是,二星,-1.0,-1.0,-1.0,-1.0,-1
1690,1.0,1.0,1.0,-1.0,-1.0,1.0,-1.0,1.0,1.0,1.0,1.0,1.0,1.0,1.0,11.0,8.0,0.0,否,5G,否,0.0,是,0.0,0.0,316.0,0.0,步步高,V2072A,11.23,316.0,8.0,166.0,0.0,1455665.0,0.0,是,二星,-1.0,-1.0,-1.0,-1.0,-1
1691,2.0,-1.0,-1.0,-1.0,-1.0,-1.0,-1.0,-1.0,-1.0,-1.0,-1.0,-1.0,-1.0,-1.0,36.0,12.0,1.0,否,5G,否,0.0,是,0.0,0.0,603.0,0.0,华为,LIO-AN00,30.6,603.0,160.9,294.0,0.0,72788097.0,0.0,是,一星,-1.0,-1.0,-1.0,-1.0,-1
1692,1.0,-1.0,-1.0,-1.0,-1.0,1.0,-1.0,-1.0,1.0,-1.0,1.0,1.0,-1.0,1.0,7.0,61.0,4.0,否,4G,否,1708.95,是,48.0,0.0304054054054054,592.0,18.0,苹果,iPhone 7Plus A1661,192.4,592.0,135.0,766.0,0.0111790002177813,75520707.0,844246.0,否,银卡,1.0,-1.0,-1.0,-1.0,-1
1693,1.0,1.0,-1.0,-1.0,-1.0,-1.0,-1.0,-1.0,1.0,-1.0,-1.0,-1.0,-1.0,-1.0,2.0,18.0,2.0,否,4G,否,0.0,是,0.0,0.0,394.0,0.0,华为,ELE-AL00,97.0,394.0,97.0,311.0,0.0,9956572.0,0.0,否,三星,1.0,-1.0,-1.0,-1.0,-1
1694,1.0,1.0,-1.0,-1.0,-1.0,-1.0,-1.0,-1.0,1.0,-1.0,1.0,1.0,-1.0,-1.0,3.0,42.0,0.0,否,4G,否,0.0,是,0.0,0.0106269925611052,941.0,10.0,华为,HMA-AL00,93.0,941.0,93.0,934.0,0.0158038174044415,405092.0,6402.0,否,三星,-1.0,-1.0,-1.0,-1.0,-1
1695,1.0,-1.0,-1.0,-1.0,-1.0,1.0,-1.0,-1.0,-1.0,-1.0,1.0,-1.0,-1.0,-1.0,4.0,5.0,2.0,否,5G,否,0.0,是,0.0,0.0,1508.0,0.0,华为,NOP-AN00,240.75,1508.0,199.7,1335.0,0.0,12505608.0,0.0,是,金卡,-1.0,-1.0,-1.0,-1.0,-1
1696,2.0,-1.0,-1.0,-1.0,-1.0,-1.0,-1.0,-1.0,-1.0,-1.0,-1.0,-1.0,-1.0,-1.0,4.0,20.0,0.0,否,4G,否,0.0,是,0.0,0.0,347.0,0.0,华为,ELS-AN00,47.02,347.0,34.38,244.0,0.0,10337210.0,0.0,否,三星,-1.0,-1.0,-1.0,-1.0,-1
1697,1.0,1.0,-1.0,-1.0,-1.0,-1.0,-1.0,-1.0,-1.0,-1.0,-1.0,-1.0,-1.0,1.0,16.0,0.0,0.0,否,4G,否,0.0,是,0.0,0.0,152.0,0.0,华为,DUB-AL00,20.0,152.0,20.0,18.0,0.0,4112338.0,0.0,否,三星,-1.0,-1.0,-1.0,-1.0,-1
1698,1.0,1.0,-1.0,-1.0,-1.0,-1.0,-1.0,-1.0,-1.0,-1.0,-1.0,1.0,-1.0,-1.0,40.0,16.0,1.0,否,4G,否,0.0,是,0.0,0.0,231.0,0.0,华为,BLA-AL00,55.0,231.0,55.0,199.0,0.0,6789980.0,0.0,否,三星,-1.0,-1.0,-1.0,-1.0,-1
1699,2.0,-1.0,-1.0,-1.0,-1.0,-1.0,-1.0,-1.0,-1.0,-1.0,-1.0,-1.0,-1.0,-1.0,6.0,11.0,0.0,否,4G,否,0.0,是,0.0,0.0,928.0,0.0,华为,TAS-AL00,59.0,928.0,59.1,623.0,0.0,27786057.0,0.0,否,三星,-1.0,-1.0,-1.0,-1.0,-1
1700,1.0,-1.0,1.0,1.0,-1.0,-1.0,-1.0,-1.0,-1.0,1.0,1.0,1.0,-1.0,1.0,4.0,12.0,4.0,否,4G,否,0.0,是,0.0,0.0,334.0,0.0,三星,SM-A7050,103.0,334.0,98.3,271.0,0.0,9818045.0,0.0,否,银卡,-1.0,-1.0,-1.0,-1.0,-1
1701,2.0,-1.0,-1.0,-1.0,-1.0,-1.0,-1.0,-1.0,-1.0,-1.0,-1.0,-1.0,-1.0,-1.0,31.0,23.0,6.0,否,5G,否,0.0,是,0.0,0.0,449.0,0.0,苹果,A2412,150.0,449.0,150.0,670.0,0.0,40732924.0,0.0,是,白金卡,-1.0,-1.0,-1.0,-1.0,-1
1702,2.0,-1.0,-1.0,-1.0,-1.0,-1.0,-1.0,-1.0,-1.0,-1.0,-1.0,-1.0,-1.0,-1.0,8.0,36.0,0.0,否,4G,否,105.68,是,3.36,0.0,582.0,0.0,小米科技,M2101K9C,77.46,582.0,74.57,863.0,0.0,33399625.0,0.0,否,三星,-1.0,-1.0,-1.0,-1.0,-1
1703,1.0,1.0,-1.0,-1.0,-1.0,-1.0,-1.0,-1.0,-1.0,-1.0,-1.0,1.0,-1.0,-1.0,19.0,11.0,2.0,否,4G,否,0.0,是,0.0,0.0,249.0,0.0,苹果,iPhone 8 A1863,115.0,249.0,110.0,213.0,0.0,21165194.0,0.0,否,银卡,-1.0,-1.0,-1.0,-1.0,-1
1704,1.0,-1.0,-1.0,-1.0,-1.0,1.0,-1.0,-1.0,1.0,-1.0,-1.0,-1.0,-1.0,-1.0,8.0,12.0,6.0,否,4G,否,0.0,是,0.0,0.0,449.0,0.0,华为,ALP-TL00,60.0,449.0,60.0,951.0,0.0,15367644.0,0.0,否,三星,-1.0,-1.0,-1.0,-1.0,-1
1705,2.0,-1.0,-1.0,-1.0,-1.0,-1.0,-1.0,-1.0,-1.0,-1.0,-1.0,-1.0,-1.0,-1.0,5.0,0.0,5.0,否,5G,否,0.0,是,0.0,0.0,506.0,0.0,步步高,V2118A,80.0,506.0,80.0,301.0,0.0,22887483.0,0.0,是,三星,-1.0,-1.0,-1.0,-1.0,-1
1706,2.0,-1.0,-1.0,-1.0,-1.0,-1.0,-1.0,-1.0,-1.0,-1.0,-1.0,-1.0,-1.0,-1.0,10.0,26.0,6.0,否,5G,否,0.0,是,0.0,0.0,1023.0,0.0,华为,NOH-AN00,80.7,1023.0,83.3,1075.0,0.0,58126810.0,0.0,是,三星,-1.0,-1.0,-1.0,-1.0,-1
1707,1.0,1.0,-1.0,-1.0,-1.0,-1.0,-1.0,-1.0,1.0,1.0,-1.0,1.0,-1.0,1.0,4.0,25.0,0.0,否,4G,否,0.0,是,0.0,0.00672645739910314,446.0,3.0,华为,HMA-AL00,158.15,446.0,61.55,175.0,0.0856973044128983,5325185.0,456354.0,否,三星,-1.0,-1.0,-1.0,-1.0,-1
1708,1.0,1.0,-1.0,-1.0,-1.0,-1.0,-1.0,-1.0,-1.0,-1.0,-1.0,1.0,-1.0,-1.0,5.0,0.0,2.0,否,5G,否,0.0,是,0.0,0.0,245.0,0.0,华为,ANA-AN00,59.0,245.0,59.0,332.0,0.0,9072930.0,0.0,是,三星,-1.0,-1.0,-1.0,-1.0,-1
1709,1.0,1.0,-1.0,-1.0,-1.0,-1.0,-1.0,-1.0,-1.0,-1.0,1.0,-1.0,-1.0,1.0,4.0,9.0,0.0,否,4G,是,0.0,是,0.0,0.0,197.0,0.0,小米科技,HMNote8M1908C3JE,65.0,197.0,65.0,160.0,0.000131144848160097,3019562.0,396.0,否,三星,-1.0,-1.0,-1.0,-1.0,-1
1710,1.0,-1.0,1.0,-1.0,-1.0,-1.0,-1.0,-1.0,1.0,-1.0,-1.0,1.0,-1.0,-1.0,15.0,14.0,0.0,否,4G,否,0.0,是,0.0,0.0,178.0,0.0,华为,ELS-AN00,49.0,178.0,49.0,92.0,0.0,63149.0,0.0,否,三星,-1.0,-1.0,-1.0,-1.0,-1
1711,1.0,1.0,1.0,1.0,1.0,1.0,1.0,1.0,1.0,1.0,1.0,1.0,1.0,1.0,0.0,0.0,0.0,否,5G,否,0.0,是,0.0,0.0,128.0,0.0,华为,ANA-AN00,49.8,128.0,40.0,49.0,0.0,9788391.0,0.0,是,三星,-1.0,-1.0,-1.0,-1.0,-1
1712,2.0,-1.0,-1.0,-1.0,-1.0,-1.0,-1.0,-1.0,-1.0,-1.0,-1.0,-1.0,-1.0,-1.0,2.0,0.0,0.0,否,4G,否,0.0,是,0.0,0.0113636363636364,264.0,3.0,华为,LYA-AL10,141.8,264.0,141.3,387.0,0.0,240.0,0.0,否,银卡,-1.0,-1.0,-1.0,-1.0,-1
1713,1.0,-1.0,1.0,-1.0,-1.0,1.0,-1.0,-1.0,-1.0,-1.0,1.0,-1.0,-1.0,1.0,9.0,21.0,1.0,否,4G,否,0.0,是,0.0,0.0,433.0,0.0,苹果,iPhone 8 Plus A1864,60.3,433.0,60.0,770.0,0.0,31262334.0,0.0,否,三星,-1.0,-1.0,-1.0,-1.0,-1
1714,2.0,-1.0,-1.0,-1.0,-1.0,-1.0,-1.0,-1.0,-1.0,-1.0,-1.0,-1.0,-1.0,-1.0,0.0,16.0,1.0,否,4G,否,0.0,是,0.0,0.0,286.0,0.0,苹果,A2639,35.0,286.0,35.0,151.0,0.0,23506657.0,0.0,否,三星,-1.0,-1.0,-1.0,-1.0,-1
1715,2.0,-1.0,-1.0,-1.0,-1.0,-1.0,-1.0,-1.0,-1.0,-1.0,-1.0,-1.0,-1.0,-1.0,2.0,1.0,0.0,否,5G,否,0.0,是,0.0,0.0,203.0,0.0,三星,SM-S9080,22.8,203.0,13.5,249.0,0.0,3938622.0,0.0,是,二星,-1.0,-1.0,-1.0,-1.0,-1
1716,2.0,-1.0,-1.0,-1.0,-1.0,-1.0,-1.0,-1.0,-1.0,-1.0,-1.0,-1.0,-1.0,-1.0,13.0,11.0,0.0,否,4G,是,0.0,是,0.0,0.0,646.0,0.0,华为,JEF-AN20,99.1,646.0,99.1,687.0,0.0,15980085.0,0.0,否,银卡,-1.0,-1.0,-1.0,-1.0,-1
1717,1.0,-1.0,-1.0,-1.0,-1.0,-1.0,1.0,-1.0,1.0,-1.0,-1.0,-1.0,-1.0,-1.0,3.0,15.0,2.0,否,4G,否,0.0,是,0.0,0.0,369.0,0.0,小米科技,M1902F1A,97.82,369.0,68.14,259.0,0.0256182476451869,3605594.0,92369.0,否,三星,-1.0,-1.0,-1.0,-1.0,-1
1718,1.0,-1.0,-1.0,-1.0,-1.0,1.0,-1.0,-1.0,-1.0,-1.0,1.0,1.0,-1.0,-1.0,0.0,0.0,0.0,否,5G,否,0.0,是,0.0,0.0,589.0,0.0,realme,RMX2117,11.0,589.0,11.0,324.0,0.0,70.0,0.0,是,一星,-1.0,-1.0,-1.0,-1.0,-1
1719,2.0,-1.0,-1.0,-1.0,-1.0,-1.0,-1.0,-1.0,-1.0,-1.0,-1.0,-1.0,-1.0,-1.0,10.0,12.0,0.0,否,4G,否,0.0,是,0.0,0.0,302.0,0.0,苹果,iPhone 6S PLUS A1699,140.0,302.0,133.0,263.0,0.0,56305068.0,0.0,否,银卡,-1.0,-1.0,-1.0,-1.0,-1
1720,1.0,1.0,-1.0,-1.0,-1.0,-1.0,-1.0,-1.0,1.0,1.0,-1.0,-1.0,-1.0,1.0,0.0,12.0,0.0,否,5G,否,0.0,是,0.0,0.0,330.0,0.0,苹果,A2644,67.0,330.0,67.0,230.0,0.0,106963.0,0.0,是,三星,-1.0,-1.0,-1.0,-1.0,-1
1721,1.0,-1.0,1.0,-1.0,-1.0,-1.0,-1.0,-1.0,1.0,-1.0,-1.0,-1.0,-1.0,-1.0,8.0,13.0,2.0,否,4G,否,0.0,是,0.0,0.0,387.0,0.0,苹果,A2298,118.9,387.0,118.0,287.0,0.0,15278655.0,0.0,否,银卡,-1.0,-1.0,-1.0,-1.0,-1
1722,2.0,-1.0,-1.0,-1.0,-1.0,-1.0,-1.0,-1.0,-1.0,-1.0,-1.0,-1.0,-1.0,-1.0,0.0,58.0,0.0,否,4G,否,0.0,是,0.0,0.0,1411.0,0.0,华为,AKA-AL10,15.0,1411.0,15.0,802.0,0.0,7466148.0,0.0,否,三星,-1.0,-1.0,-1.0,-1.0,-1
1723,2.0,-1.0,-1.0,-1.0,-1.0,-1.0,-1.0,-1.0,-1.0,-1.0,-1.0,-1.0,-1.0,-1.0,2.0,33.0,6.0,否,4G,否,0.0,是,0.0,0.0,1524.0,0.0,苹果,iPhone 8 A1863,76.81,1524.0,75.0,836.0,0.0,49042880.0,0.0,否,三星,-1.0,-1.0,-1.0,-1.0,-1
1724,1.0,1.0,-1.0,-1.0,-1.0,1.0,-1.0,-1.0,1.0,-1.0,1.0,-1.0,-1.0,1.0,8.0,0.0,1.0,否,5G,否,0.0,是,0.0,0.0,145.0,0.0,步步高,V1938CT,54.0,145.0,54.0,132.0,0.0,4762501.0,0.0,是,三星,-1.0,-1.0,-1.0,-1.0,-1
1725,2.0,-1.0,-1.0,-1.0,-1.0,-1.0,-1.0,-1.0,-1.0,-1.0,-1.0,-1.0,-1.0,-1.0,0.0,10.0,0.0,否,4G,否,0.0,是,0.0,0.0,334.0,0.0,华为,SEA-AL00,58.0,334.0,58.0,159.0,0.0,87508.0,0.0,否,三星,-1.0,-1.0,-1.0,-1.0,-1
1726,2.0,-1.0,-1.0,-1.0,-1.0,-1.0,-1.0,-1.0,-1.0,-1.0,-1.0,-1.0,-1.0,-1.0,1.0,3.0,0.0,否,5G,否,0.0,是,0.0,0.0,170.0,0.0,华为,JEF-AN20,8.0,170.0,38.1,174.0,0.0,35030307.0,0.0,是,三星,-1.0,-1.0,-1.0,-1.0,-1
1727,2.0,-1.0,-1.0,-1.0,-1.0,-1.0,-1.0,-1.0,-1.0,-1.0,-1.0,-1.0,-1.0,-1.0,3.0,19.0,0.0,否,4G,否,0.0,是,0.0,0.0,276.0,0.0,苹果,A2644,35.9,276.0,55.9,249.0,0.0,326634.0,0.0,否,三星,-1.0,-1.0,-1.0,-1.0,-1
1728,2.0,-1.0,-1.0,-1.0,-1.0,-1.0,-1.0,-1.0,-1.0,-1.0,-1.0,-1.0,-1.0,-1.0,10.0,7.0,1.0,否,5G,否,0.0,是,0.0,0.0,310.0,0.0,小米科技,M2102K1C,141.0,310.0,104.5,533.0,0.0,22373710.0,0.0,是,银卡,-1.0,-1.0,-1.0,-1.0,-1
1729,1.0,1.0,-1.0,-1.0,-1.0,-1.0,-1.0,-1.0,1.0,-1.0,-1.0,-1.0,-1.0,-1.0,17.0,26.0,1.0,否,5G,否,0.0,是,0.0,0.0,204.0,0.0,苹果,A2412,128.0,204.0,128.0,299.0,0.0,9690922.0,0.0,是,二星,-1.0,-1.0,-1.0,-1.0,-1
1730,1.0,-1.0,-1.0,-1.0,-1.0,1.0,-1.0,1.0,-1.0,1.0,1.0,1.0,-1.0,-1.0,24.0,38.0,2.0,否,4G,否,0.0,是,0.0,0.0,674.0,0.0,欧珀,PCAM10,58.0,674.0,58.0,720.0,0.0,20373903.0,0.0,否,三星,-1.0,-1.0,-1.0,-1.0,-1
1731,2.0,-1.0,-1.0,-1.0,-1.0,-1.0,-1.0,-1.0,-1.0,-1.0,-1.0,-1.0,-1.0,-1.0,1.0,0.0,2.0,否,5G,否,0.0,是,0.0,0.0,187.0,0.0,步步高,V2011A,44.8,187.0,40.18,194.0,0.0,2151329.0,0.0,是,三星,-1.0,-1.0,-1.0,-1.0,-1
1732,1.0,1.0,-1.0,-1.0,-1.0,-1.0,-1.0,-1.0,-1.0,-1.0,1.0,-1.0,-1.0,-1.0,18.0,37.0,1.0,否,5G,否,0.0,是,0.0,0.0,517.0,0.0,苹果,A2412,0.2,517.0,0.2,752.0,0.0,12771679.0,0.0,是,准星,1.0,-1.0,-1.0,-1.0,-1
1733,1.0,-1.0,1.0,-1.0,-1.0,-1.0,-1.0,-1.0,1.0,1.0,1.0,1.0,-1.0,-1.0,28.0,96.0,7.0,否,4G,否,0.0,是,0.0,0.0,1248.0,0.0,华为,VOG-AL00,44.86,1248.0,0.0,0.0,0.0,9077123.0,0.0,否,未评级,1.0,-1.0,-1.0,-1.0,1
1734,2.0,-1.0,-1.0,-1.0,-1.0,-1.0,-1.0,-1.0,-1.0,-1.0,-1.0,-1.0,-1.0,-1.0,9.0,0.0,5.0,否,5G,否,0.0,是,0.0,0.0,1034.0,0.0,华为,KKG-AN00,190.0,1034.0,178.0,1152.0,3.56867423692719e-05,33681976.0,1202.0,是,金卡,-1.0,-1.0,-1.0,-1.0,-1
1735,1.0,1.0,1.0,-1.0,-1.0,-1.0,1.0,-1.0,1.0,-1.0,1.0,-1.0,-1.0,1.0,4.0,31.0,2.0,否,4G,否,0.0,是,0.0,0.0,235.0,0.0,小米科技,M2012K11AC,32.0,235.0,32.0,319.0,0.0,186907.0,0.0,否,三星,-1.0,-1.0,-1.0,-1.0,-1
1736,1.0,1.0,-1.0,-1.0,-1.0,-1.0,-1.0,-1.0,-1.0,-1.0,1.0,1.0,-1.0,1.0,23.0,7.0,0.0,否,4G,是,0.0,是,0.0,0.0,360.0,0.0,欧珀,PCAM10,22.89,360.0,20.0,307.0,0.0,8731847.0,0.0,否,二星,-1.0,-1.0,-1.0,-1.0,-1
1737,1.0,-1.0,-1.0,-1.0,-1.0,-1.0,-1.0,-1.0,-1.0,-1.0,-1.0,1.0,-1.0,-1.0,25.0,82.0,12.0,否,4G,否,0.0,是,0.0,0.0,1846.0,0.0,华为,VOG-AL10,248.0,1846.0,240.0,1928.0,0.0,20587368.0,0.0,否,金卡,1.0,-1.0,-1.0,-1.0,-1
1738,2.0,-1.0,-1.0,-1.0,-1.0,-1.0,-1.0,-1.0,-1.0,-1.0,-1.0,-1.0,-1.0,-1.0,0.0,5.0,0.0,否,4G,否,0.0,是,0.0,0.0,287.0,0.0,华为,SEA-AL10,7.0,287.0,6.4,223.0,0.0,4308991.0,0.0,否,二星,-1.0,-1.0,-1.0,-1.0,-1
1739,2.0,-1.0,-1.0,-1.0,-1.0,-1.0,-1.0,-1.0,-1.0,-1.0,-1.0,-1.0,-1.0,-1.0,2.0,4.0,1.0,否,4G,否,0.0,是,0.0,0.0,229.0,0.0,华为,PAR-AL00,59.0,229.0,59.29,42.0,0.0,2533570.0,0.0,否,三星,-1.0,-1.0,-1.0,-1.0,-1
1740,1.0,1.0,-1.0,-1.0,-1.0,1.0,-1.0,-1.0,-1.0,-1.0,-1.0,1.0,1.0,1.0,3.0,4.0,0.0,否,4G,否,0.0,是,0.0,0.0,438.0,0.0,华为,ELE-AL00,60.0,438.0,70.0,432.0,0.0,14560603.0,0.0,否,三星,-1.0,-1.0,-1.0,-1.0,-1
1741,1.0,1.0,1.0,-1.0,-1.0,1.0,-1.0,-1.0,-1.0,-1.0,-1.0,1.0,-1.0,1.0,0.0,1.0,1.0,否,5G,否,0.0,是,0.0,0.0,273.0,0.0,华为,NTH-AN00,205.0,273.0,59.24,419.0,0.0,20636457.0,0.0,是,三星,-1.0,-1.0,-1.0,-1.0,-1
1742,1.0,1.0,-1.0,-1.0,-1.0,1.0,-1.0,-1.0,-1.0,1.0,-1.0,1.0,-1.0,-1.0,5.0,1.0,4.0,否,5G,否,146.99,是,10.0,0.0,159.0,0.0,华为,OCE-AN10,31.8,159.0,42.2,153.0,0.0,14921107.0,0.0,是,二星,-1.0,-1.0,-1.0,-1.0,-1
1743,1.0,1.0,-1.0,-1.0,1.0,-1.0,-1.0,1.0,-1.0,-1.0,1.0,1.0,-1.0,1.0,1.0,0.0,0.0,否,5G,否,0.0,是,0.0,0.0,164.0,0.0,华为,NOH-AN00,141.0,164.0,141.5,147.0,0.0,32928408.0,0.0,是,银卡,-1.0,-1.0,-1.0,-1.0,-1
1744,1.0,1.0,1.0,-1.0,-1.0,-1.0,-1.0,-1.0,1.0,-1.0,1.0,1.0,-1.0,1.0,18.0,15.0,2.0,否,4G,否,0.0,是,0.0,0.0,465.0,0.0,苹果,A2223,50.0,465.0,52.47,521.0,0.0,1237159.0,0.0,否,三星,-1.0,-1.0,-1.0,-1.0,-1
1745,2.0,-1.0,-1.0,-1.0,-1.0,-1.0,-1.0,-1.0,-1.0,-1.0,-1.0,-1.0,-1.0,-1.0,4.0,0.0,0.0,否,5G,否,0.0,是,0.0,0.0,144.0,0.0,华为,BMH-AN10,26.0,144.0,26.0,5.0,0.0,70917097.0,0.0,是,三星,-1.0,-1.0,-1.0,-1.0,-1
1746,2.0,-1.0,-1.0,-1.0,-1.0,-1.0,-1.0,-1.0,-1.0,-1.0,-1.0,-1.0,-1.0,-1.0,31.0,3.0,0.0,否,5G,否,0.0,是,0.0,0.0,237.0,0.0,华为,ELS-AN10,138.0,237.0,138.2,527.0,0.0,5891807.0,0.0,是,银卡,-1.0,-1.0,-1.0,-1.0,-1
1747,2.0,-1.0,-1.0,-1.0,-1.0,-1.0,-1.0,-1.0,-1.0,-1.0,-1.0,-1.0,-1.0,-1.0,15.0,3.0,4.0,否,5G,否,0.0,是,0.0,0.0,957.0,0.0,华为,JEF-AN00,398.0,957.0,398.0,995.0,0.0,61413867.0,0.0,是,白金卡,-1.0,-1.0,-1.0,-1.0,-1
1748,1.0,1.0,1.0,-1.0,-1.0,-1.0,-1.0,1.0,1.0,1.0,-1.0,-1.0,-1.0,1.0,5.0,38.0,9.0,否,4G,否,0.0,是,0.0,0.0,480.0,0.0,华为,ELS_NX9,125.0,480.0,117.0,651.0,0.0,13398159.0,0.0,否,三星,-1.0,-1.0,-1.0,-1.0,-1
1749,1.0,1.0,-1.0,-1.0,-1.0,-1.0,-1.0,-1.0,-1.0,-1.0,1.0,-1.0,-1.0,-1.0,16.0,10.0,8.0,否,5G,否,0.0,是,0.0,0.0,1504.0,0.0,小米科技,2106118C,115.0,1504.0,115.0,2295.0,0.0,12684698.0,0.0,是,银卡,-1.0,-1.0,-1.0,-1.0,-1
1750,2.0,-1.0,-1.0,-1.0,-1.0,-1.0,-1.0,-1.0,-1.0,-1.0,-1.0,-1.0,-1.0,-1.0,0.0,3.0,0.0,否,4G,是,0.0,是,0.0,0.0487804878048781,205.0,10.0,步步高,V2057A,60.95,205.0,60.0,66.0,0.000283155349970495,12607920.0,3570.0,否,三星,-1.0,-1.0,-1.0,-1.0,-1
1751,1.0,-1.0,-1.0,-1.0,-1.0,-1.0,1.0,-1.0,-1.0,1.0,1.0,-1.0,-1.0,-1.0,6.0,7.0,1.0,否,5G,否,439.64,是,12.55,0.0,444.0,0.0,步步高,V1818CA,96.55,444.0,85.0,391.0,0.0,40640632.0,0.0,是,二星,-1.0,-1.0,-1.0,-1.0,-1
1752,1.0,-1.0,1.0,-1.0,-1.0,-1.0,-1.0,-1.0,-1.0,-1.0,1.0,-1.0,-1.0,-1.0,2.0,45.0,2.0,否,5G,否,0.0,是,0.0,0.0,685.0,0.0,华为,HJC-AN90,136.7,685.0,95.98,438.0,0.0,14816695.0,0.0,是,三星,-1.0,-1.0,-1.0,-1.0,-1
1753,2.0,-1.0,-1.0,-1.0,-1.0,-1.0,-1.0,-1.0,-1.0,-1.0,-1.0,-1.0,-1.0,-1.0,0.0,2.0,2.0,否,5G,是,0.0,是,0.0,0.0,399.0,0.0,小米科技,M2001J11C,12.44,399.0,11.6,385.0,0.0,807843.0,0.0,是,三星,-1.0,-1.0,-1.0,-1.0,-1
1754,2.0,-1.0,-1.0,-1.0,-1.0,-1.0,-1.0,-1.0,-1.0,-1.0,-1.0,-1.0,-1.0,-1.0,1.0,2.0,4.0,否,5G,否,0.0,是,0.0,0.0,271.0,0.0,苹果,A2408,70.4,271.0,95.1,206.0,0.0,33291913.0,0.0,是,三星,-1.0,-1.0,-1.0,-1.0,-1
1755,1.0,-1.0,1.0,-1.0,-1.0,-1.0,-1.0,-1.0,1.0,1.0,-1.0,-1.0,-1.0,-1.0,95.0,27.0,0.0,否,4G,否,0.0,是,0.0,0.0,521.0,0.0,苹果,iPhone 6 Plus A1524,140.0,521.0,140.0,478.0,0.0,12445257.0,0.0,否,银卡,-1.0,-1.0,-1.0,-1.0,-1
1756,1.0,-1.0,1.0,-1.0,-1.0,-1.0,-1.0,1.0,1.0,1.0,-1.0,-1.0,-1.0,-1.0,0.0,24.0,1.0,否,5G,否,0.0,是,0.0,0.0,945.0,0.0,步步高,V2002A,395.5,945.0,418.0,1113.0,0.0,82344471.0,0.0,是,白金卡,-1.0,-1.0,-1.0,-1.0,-1
1757,2.0,-1.0,-1.0,-1.0,-1.0,-1.0,-1.0,-1.0,-1.0,-1.0,-1.0,-1.0,-1.0,-1.0,2.0,7.0,0.0,否,5G,是,0.0,是,0.0,0.0,130.0,0.0,苹果,A2644,128.0,130.0,128.0,65.0,0.0,5373389.0,0.0,是,银卡,-1.0,-1.0,-1.0,-1.0,-1
1758,1.0,1.0,-1.0,-1.0,-1.0,-1.0,-1.0,-1.0,-1.0,1.0,1.0,1.0,-1.0,1.0,1.0,22.0,4.0,否,5G,否,0.0,是,0.0,0.0,680.0,0.0,步步高,V2172A,88.33,680.0,88.33,381.0,0.0,11330071.0,0.0,是,三星,-1.0,-1.0,-1.0,-1.0,-1
1759,2.0,-1.0,-1.0,-1.0,-1.0,-1.0,-1.0,-1.0,-1.0,-1.0,-1.0,-1.0,-1.0,-1.0,73.0,21.0,4.0,否,5G,否,0.0,是,0.0,0.0,1946.0,0.0,华为,NOH-AN00,359.2,1946.0,348.8,1920.0,0.0,22816492.0,0.0,是,白金卡,-1.0,-1.0,-1.0,-1.0,-1
1760,1.0,1.0,1.0,1.0,1.0,1.0,1.0,1.0,1.0,1.0,1.0,1.0,-1.0,1.0,1.0,3.0,5.0,否,5G,否,0.0,是,0.0,0.0,665.0,0.0,小米科技,M2012K11AC,122.19,665.0,121.99,1114.0,0.0,23363734.0,0.0,是,三星,-1.0,-1.0,-1.0,-1.0,-1
1761,2.0,-1.0,-1.0,-1.0,-1.0,-1.0,-1.0,-1.0,-1.0,-1.0,-1.0,-1.0,-1.0,-1.0,22.0,35.0,0.0,否,4G,否,0.0,是,0.0,0.0,272.0,0.0,步步高,V2047A,58.0,272.0,58.0,241.0,0.0,1969521.0,0.0,否,三星,-1.0,-1.0,-1.0,-1.0,-1
1762,1.0,-1.0,-1.0,-1.0,-1.0,-1.0,-1.0,-1.0,-1.0,1.0,-1.0,-1.0,-1.0,-1.0,0.0,0.0,0.0,否,4G,否,0.0,是,0.0,0.0,248.0,0.0,华为,YOK-AN10,24.34,248.0,15.28,121.0,0.0,0.0,0.0,否,三星,1.0,-1.0,-1.0,-1.0,-1
1763,2.0,-1.0,-1.0,-1.0,-1.0,-1.0,-1.0,-1.0,-1.0,-1.0,-1.0,-1.0,-1.0,-1.0,26.0,8.0,0.0,否,4G,否,0.0,是,0.0,0.0,283.0,0.0,华为,JAD-AL00,45.0,283.0,45.0,311.0,0.0,48746822.0,0.0,否,二星,-1.0,-1.0,-1.0,-1.0,-1
1764,1.0,-1.0,-1.0,-1.0,-1.0,-1.0,1.0,-1.0,-1.0,-1.0,-1.0,1.0,-1.0,-1.0,8.0,3.0,1.0,否,4G,否,0.0,是,0.0,0.0,552.0,0.0,苹果,A2104,102.0,552.0,102.0,558.0,0.0,18526154.0,0.0,否,银卡,-1.0,-1.0,-1.0,-1.0,-1
1765,2.0,-1.0,-1.0,-1.0,-1.0,-1.0,-1.0,-1.0,-1.0,-1.0,-1.0,-1.0,-1.0,-1.0,0.0,34.0,1.0,否,4G,否,0.0,是,0.0,0.0,282.0,0.0,欧珀,PFCM00,44.5,282.0,38.7,228.0,0.0,46066367.0,0.0,否,三星,-1.0,-1.0,-1.0,-1.0,-1
1766,2.0,-1.0,-1.0,-1.0,-1.0,-1.0,-1.0,-1.0,-1.0,-1.0,-1.0,-1.0,-1.0,-1.0,35.0,0.0,0.0,否,4G,否,0.0,是,0.0,0.0,705.0,0.0,0,0,86.7,705.0,150.3,796.0,0.0,74696696.0,0.0,否,三星,-1.0,-1.0,-1.0,-1.0,-1
1767,2.0,-1.0,-1.0,-1.0,-1.0,-1.0,-1.0,-1.0,-1.0,-1.0,-1.0,-1.0,-1.0,-1.0,5.0,15.0,0.0,否,5G,否,0.0,是,0.0,0.0,402.0,0.0,小米科技,21091116C,33.75,402.0,47.59,713.0,0.0,6627998.0,0.0,是,二星,-1.0,-1.0,-1.0,-1.0,-1
1768,2.0,-1.0,-1.0,-1.0,-1.0,-1.0,-1.0,-1.0,-1.0,-1.0,-1.0,-1.0,-1.0,-1.0,8.0,8.0,1.0,否,5G,否,0.0,是,0.0,0.0,327.0,0.0,苹果,A2634,59.5,327.0,59.0,482.0,4.52879988388157e-07,8832362.0,4.0,是,三星,-1.0,-1.0,-1.0,-1.0,-1
1769,2.0,-1.0,-1.0,-1.0,-1.0,-1.0,-1.0,-1.0,-1.0,-1.0,-1.0,-1.0,-1.0,-1.0,15.0,2.0,1.0,否,4G,否,39.75,是,11.02,0.0,644.0,0.0,苹果,iPhone 8 A1906,26.12,644.0,15.96,803.0,0.0,356299.0,0.0,否,三星,-1.0,-1.0,-1.0,-1.0,-1
1770,1.0,1.0,1.0,-1.0,-1.0,-1.0,-1.0,-1.0,1.0,-1.0,-1.0,-1.0,-1.0,-1.0,12.0,14.0,1.0,否,4G,否,0.0,是,0.0,0.0,453.0,0.0,苹果,A2634,70.0,453.0,69.0,242.0,0.0,32329661.0,0.0,否,三星,-1.0,-1.0,-1.0,-1.0,-1
1771,1.0,1.0,-1.0,-1.0,-1.0,-1.0,-1.0,-1.0,1.0,-1.0,-1.0,1.0,-1.0,1.0,0.0,25.0,1.0,否,4G,否,0.0,是,0.0,0.0,392.0,0.0,华为,HWI-AL00,71.0,392.0,82.0,410.0,0.0,8194389.0,0.0,否,三星,-1.0,-1.0,-1.0,-1.0,-1
1772,2.0,-1.0,-1.0,-1.0,-1.0,-1.0,-1.0,-1.0,-1.0,-1.0,-1.0,-1.0,-1.0,-1.0,1.0,1.0,1.0,否,5G,否,0.0,是,0.0,0.0703517587939698,199.0,14.0,华为,NOH-AN00,80.0,199.0,80.0,286.0,0.0648685493971453,8662950.0,561953.0,是,三星,-1.0,-1.0,-1.0,-1.0,-1
1773,1.0,1.0,-1.0,-1.0,-1.0,-1.0,-1.0,-1.0,-1.0,-1.0,1.0,-1.0,-1.0,1.0,0.0,0.0,0.0,否,4G,否,0.0,是,0.0,0.0,237.0,0.0,小米科技,M2002J9E,15.0,237.0,8.0,159.0,0.0,1212242.0,0.0,否,三星,-1.0,-1.0,-1.0,-1.0,-1
1774,1.0,1.0,-1.0,1.0,-1.0,-1.0,-1.0,1.0,1.0,1.0,-1.0,1.0,1.0,-1.0,0.0,1.0,9.0,否,5G,否,0.0,是,0.0,0.0,396.0,0.0,小米科技,M2007J17C,140.07,396.0,164.01,523.0,0.0,28952714.0,0.0,是,银卡,-1.0,-1.0,-1.0,-1.0,-1
1775,2.0,-1.0,-1.0,-1.0,-1.0,-1.0,-1.0,-1.0,-1.0,-1.0,-1.0,-1.0,-1.0,-1.0,8.0,44.0,4.0,否,5G,否,0.0,是,0.0,0.0,1909.0,0.0,苹果,A2412,89.6,1909.0,91.2,1468.0,0.0,28340441.0,0.0,是,三星,-1.0,-1.0,-1.0,-1.0,-1
1776,1.0,-1.0,-1.0,-1.0,-1.0,1.0,-1.0,1.0,-1.0,1.0,-1.0,1.0,-1.0,1.0,1.0,7.0,15.0,否,5G,否,0.0,是,0.0,0.0,504.0,0.0,华为,NOH-AN00,203.2,504.0,203.2,598.0,0.0,11422827.0,0.0,是,银卡,-1.0,-1.0,-1.0,-1.0,-1
1777,1.0,-1.0,1.0,-1.0,-1.0,-1.0,1.0,1.0,1.0,1.0,1.0,-1.0,1.0,1.0,8.0,68.0,7.0,否,4G,否,0.0,是,0.0,0.0,2036.0,0.0,苹果,iPhone X A1865,52.2,2036.0,25.0,2427.0,0.0,10746541.0,0.0,否,三星,-1.0,-1.0,-1.0,-1.0,-1
1778,2.0,-1.0,-1.0,-1.0,-1.0,-1.0,-1.0,-1.0,-1.0,-1.0,-1.0,-1.0,-1.0,-1.0,6.0,3.0,0.0,否,4G,否,0.0,是,0.0,0.0,209.0,0.0,华为,HRY-AL00a,33.0,209.0,33.0,170.0,0.0,10370411.0,0.0,否,三星,-1.0,-1.0,-1.0,-1.0,-1
1779,1.0,-1.0,-1.0,-1.0,-1.0,-1.0,-1.0,-1.0,1.0,-1.0,-1.0,-1.0,-1.0,-1.0,6.0,32.0,0.0,否,4G,否,0.0,是,0.0,0.0,443.0,0.0,华为,POT-AL00a,100.0,443.0,418.4,597.0,0.0,8384200.0,0.0,否,银卡,1.0,-1.0,-1.0,-1.0,-1
1780,1.0,-1.0,-1.0,-1.0,-1.0,1.0,-1.0,-1.0,1.0,-1.0,-1.0,-1.0,-1.0,-1.0,107.0,33.0,1.0,否,4G,否,0.0,是,0.0,0.0,688.0,0.0,华为,ELS-AN00,310.0,688.0,310.0,534.0,0.0,31600534.0,0.0,否,白金卡,-1.0,-1.0,-1.0,-1.0,-1
1781,1.0,1.0,-1.0,-1.0,-1.0,-1.0,1.0,1.0,1.0,-1.0,-1.0,-1.0,-1.0,-1.0,19.0,0.0,1.0,否,5G,否,0.0,是,0.0,0.0,237.0,0.0,华为,ELS-AN00,144.0,237.0,134.0,459.0,0.0,25172328.0,0.0,是,银卡,-1.0,-1.0,-1.0,-1.0,-1
1782,2.0,-1.0,-1.0,-1.0,-1.0,-1.0,-1.0,-1.0,-1.0,-1.0,-1.0,-1.0,-1.0,-1.0,1.0,40.0,1.0,否,4G,否,0.0,是,0.0,0.0,509.0,0.0,欧珀,OPPO R11,30.0,509.0,30.0,589.0,0.0,2827147.0,0.0,否,二星,-1.0,-1.0,-1.0,-1.0,-1
1783,1.0,1.0,-1.0,-1.0,-1.0,-1.0,-1.0,-1.0,-1.0,-1.0,-1.0,1.0,-1.0,-1.0,0.0,42.0,4.0,否,4G,否,0.0,是,0.0,0.0,1031.0,0.0,华为,EML-TL00,174.7,1031.0,158.0,837.0,0.0,9284658.0,0.0,否,银卡,-1.0,-1.0,-1.0,-1.0,-1
1784,2.0,-1.0,-1.0,-1.0,-1.0,-1.0,-1.0,-1.0,-1.0,-1.0,-1.0,-1.0,-1.0,-1.0,9.0,25.0,2.0,否,4G,否,0.0,是,0.0,0.0,819.0,0.0,华为,TAS-AL00,158.0,819.0,158.1,567.0,0.0,50921951.0,0.0,否,银卡,-1.0,-1.0,-1.0,-1.0,-1
1785,1.0,1.0,-1.0,-1.0,1.0,-1.0,-1.0,-1.0,-1.0,-1.0,1.0,1.0,-1.0,-1.0,14.0,6.0,4.0,否,5G,否,0.0,是,0.0,0.0,335.0,0.0,华为,OCE-AN10,58.0,335.0,58.0,637.0,0.0,12428028.0,0.0,是,三星,-1.0,-1.0,-1.0,-1.0,-1
1786,2.0,-1.0,-1.0,-1.0,-1.0,-1.0,-1.0,-1.0,-1.0,-1.0,-1.0,-1.0,-1.0,-1.0,6.0,0.0,0.0,否,4G,否,0.0,是,0.0,0.0,287.0,0.0,华为,CDY-AN00,20.48,287.0,20.0,434.0,0.0,10163391.0,0.0,否,三星,-1.0,-1.0,-1.0,-1.0,-1
1787,1.0,1.0,-1.0,-1.0,-1.0,-1.0,-1.0,-1.0,1.0,1.0,1.0,1.0,-1.0,-1.0,16.0,1.0,1.0,否,4G,否,0.0,是,0.0,0.0,297.0,0.0,苹果,A2220,112.71,297.0,136.17,605.0,0.0,6395658.0,0.0,否,白金卡,-1.0,-1.0,-1.0,-1.0,-1
1788,1.0,-1.0,-1.0,-1.0,-1.0,1.0,-1.0,1.0,1.0,-1.0,1.0,-1.0,-1.0,1.0,96.0,9.0,2.0,否,4G,否,0.0,是,0.0,0.0,179.0,0.0,华为,NOH-AN01,111.0,179.0,112.0,383.0,0.0,64194687.0,0.0,否,银卡,-1.0,-1.0,-1.0,-1.0,-1
1789,1.0,-1.0,-1.0,-1.0,-1.0,-1.0,1.0,-1.0,1.0,-1.0,-1.0,-1.0,-1.0,-1.0,1.0,31.0,2.0,否,4G,否,360.08,是,10.39,0.0,295.0,0.0,华为,EML-AL00,176.49,295.0,155.0,463.0,0.0,75603936.0,0.0,否,银卡,1.0,-1.0,-1.0,-1.0,-1
1790,2.0,-1.0,-1.0,-1.0,-1.0,-1.0,-1.0,-1.0,-1.0,-1.0,-1.0,-1.0,-1.0,-1.0,179.0,22.0,7.0,否,4G,否,0.0,是,0.0,0.0,291.0,0.0,华为,HMA-TL00,118.1,291.0,118.2,430.0,0.0,39052042.0,0.0,否,银卡,-1.0,-1.0,-1.0,-1.0,-1
1791,2.0,-1.0,-1.0,-1.0,-1.0,-1.0,-1.0,-1.0,-1.0,-1.0,-1.0,-1.0,-1.0,-1.0,7.0,16.0,4.0,否,4G,是,0.0,是,0.0,0.0,323.0,0.0,小米科技,MEE7,7.66,323.0,8.72,207.0,0.0,21114145.0,0.0,否,三星,-1.0,-1.0,-1.0,-1.0,-1
1792,1.0,1.0,1.0,-1.0,-1.0,-1.0,-1.0,1.0,-1.0,-1.0,-1.0,1.0,-1.0,-1.0,2.0,3.0,1.0,否,4G,否,0.0,是,0.0,0.0,754.0,0.0,华为,HMA-AL00,128.3,754.0,128.0,524.0,0.0,58523516.0,0.0,否,银卡,-1.0,-1.0,-1.0,-1.0,-1
1793,1.0,-1.0,1.0,-1.0,-1.0,-1.0,-1.0,-1.0,-1.0,-1.0,-1.0,1.0,-1.0,-1.0,3.0,0.0,0.0,否,4G,否,0.0,是,0.0,0.0,607.0,0.0,华为,PCT-AL10,20.76,607.0,0.0,0.0,0.0,18953382.0,0.0,否,未评级,-1.0,-1.0,-1.0,-1.0,-1
1794,1.0,1.0,1.0,-1.0,-1.0,-1.0,-1.0,-1.0,-1.0,-1.0,1.0,-1.0,-1.0,1.0,0.0,1.0,2.0,否,5G,否,0.0,是,0.0,0.00160513643659711,623.0,1.0,华为,ANA-AN00,96.0,623.0,96.0,859.0,0.000104050955703964,2460333.0,256.0,是,三星,-1.0,-1.0,-1.0,-1.0,-1
1795,1.0,1.0,1.0,-1.0,-1.0,1.0,-1.0,-1.0,-1.0,-1.0,-1.0,1.0,-1.0,1.0,0.0,7.0,0.0,否,4G,否,0.0,是,0.0,0.0,170.0,0.0,小米科技,M1908C3KE,6.92,170.0,6.92,101.0,0.0,1352531.0,0.0,否,三星,-1.0,-1.0,-1.0,-1.0,-1
1796,2.0,-1.0,-1.0,-1.0,-1.0,-1.0,-1.0,-1.0,-1.0,-1.0,-1.0,-1.0,-1.0,-1.0,36.0,16.0,1.0,否,4G,否,0.0,是,0.0,0.0,242.0,0.0,苹果,iPhone 6S PLUS A1699,50.0,242.0,40.0,98.0,0.0,1517489.0,0.0,否,三星,-1.0,-1.0,-1.0,-1.0,-1
1797,1.0,-1.0,-1.0,-1.0,-1.0,1.0,1.0,-1.0,-1.0,1.0,-1.0,1.0,-1.0,1.0,4.0,16.0,1.0,否,5G,否,0.0,是,0.0,0.0,159.0,0.0,苹果,A2634,33.0,159.0,30.0,105.0,0.0,10439956.0,0.0,是,三星,-1.0,-1.0,-1.0,-1.0,-1
1798,2.0,-1.0,-1.0,-1.0,-1.0,-1.0,-1.0,-1.0,-1.0,-1.0,-1.0,-1.0,-1.0,-1.0,27.0,20.0,0.0,否,4G,否,0.0,是,0.0,0.0,443.0,0.0,苹果,A2217,145.0,443.0,146.33,725.0,0.0,7611688.0,0.0,否,银卡,-1.0,-1.0,-1.0,-1.0,-1
1799,2.0,-1.0,-1.0,-1.0,-1.0,-1.0,-1.0,-1.0,-1.0,-1.0,-1.0,-1.0,-1.0,-1.0,9.0,1.0,0.0,否,5G,否,0.0,是,0.0,0.0,1226.0,0.0,苹果,A2404,67.95,1226.0,40.0,359.0,0.0,6615376.0,0.0,是,二星,-1.0,-1.0,-1.0,-1.0,-1
1800,1.0,-1.0,-1.0,-1.0,1.0,1.0,-1.0,-1.0,1.0,-1.0,1.0,-1.0,-1.0,-1.0,2.0,0.0,0.0,否,5G,否,0.0,是,0.0,0.0,328.0,0.0,苹果,A2644,139.6,328.0,138.4,236.0,0.0,14720279.0,0.0,是,银卡,-1.0,-1.0,-1.0,-1.0,-1
1801,1.0,1.0,-1.0,-1.0,-1.0,1.0,-1.0,-1.0,1.0,-1.0,-1.0,-1.0,-1.0,1.0,17.0,5.0,0.0,否,4G,否,0.0,是,0.0,0.0,159.0,0.0,步步高,vivo Y85A,48.0,159.0,48.0,295.0,0.0,27085611.0,0.0,否,二星,-1.0,-1.0,-1.0,-1.0,-1
1802,2.0,-1.0,-1.0,-1.0,-1.0,-1.0,-1.0,-1.0,-1.0,-1.0,-1.0,-1.0,-1.0,-1.0,0.0,0.0,1.0,否,5G,否,0.0,是,0.0,0.0,137.0,0.0,华为,JEF-AN20,0.0,137.0,5.0,353.0,0.0,662324.0,0.0,是,三星,-1.0,-1.0,-1.0,-1.0,-1
1803,2.0,-1.0,-1.0,-1.0,-1.0,-1.0,-1.0,-1.0,-1.0,-1.0,-1.0,-1.0,-1.0,-1.0,1.0,19.0,0.0,否,4G,否,0.0,是,0.0,0.0,670.0,0.0,华为,EVR-AL00,80.33,670.0,128.0,1010.0,0.0,2673311.0,0.0,否,银卡,-1.0,-1.0,-1.0,-1.0,-1
1804,1.0,1.0,-1.0,-1.0,-1.0,-1.0,-1.0,-1.0,-1.0,-1.0,-1.0,1.0,-1.0,1.0,14.0,6.0,0.0,否,4G,否,0.0,是,0.0,0.0,167.0,0.0,小米科技,2016070,0.0,167.0,120.0,257.0,0.0,1671984.0,0.0,否,三星,-1.0,-1.0,-1.0,-1.0,-1
1805,2.0,-1.0,-1.0,-1.0,-1.0,-1.0,-1.0,-1.0,-1.0,-1.0,-1.0,-1.0,-1.0,-1.0,0.0,4.0,0.0,否,5G,否,0.0,是,0.0,0.0,276.0,0.0,苹果,A2404,42.08,276.0,40.0,209.0,0.0,21560610.0,0.0,是,三星,-1.0,-1.0,-1.0,-1.0,-1
1806,1.0,-1.0,-1.0,-1.0,1.0,1.0,-1.0,1.0,1.0,-1.0,-1.0,1.0,-1.0,-1.0,1.0,4.0,0.0,否,4G,否,0.0,是,0.0,0.0,420.0,0.0,苹果,iPhone 8 Plus A1864,37.4,420.0,29.2,336.0,0.0,75937438.0,0.0,否,二星,-1.0,-1.0,-1.0,-1.0,-1
1807,2.0,-1.0,-1.0,-1.0,-1.0,-1.0,-1.0,-1.0,-1.0,-1.0,-1.0,-1.0,-1.0,-1.0,1.0,8.0,1.0,否,4G,否,0.0,是,0.0,0.0,480.0,0.0,小米科技,M1803E1A,59.1,480.0,59.0,350.0,0.0,9197086.0,0.0,否,三星,-1.0,-1.0,-1.0,-1.0,-1
1808,2.0,-1.0,-1.0,-1.0,-1.0,-1.0,-1.0,-1.0,-1.0,-1.0,-1.0,-1.0,-1.0,-1.0,5.0,5.0,0.0,否,5G,否,0.0,是,0.0,0.0,150.0,0.0,小米科技,22041211AC,68.0,150.0,68.0,188.0,0.0,8657500.0,0.0,是,三星,-1.0,-1.0,-1.0,-1.0,-1
1809,2.0,-1.0,-1.0,-1.0,-1.0,-1.0,-1.0,-1.0,-1.0,-1.0,-1.0,-1.0,-1.0,-1.0,10.0,15.0,1.0,否,4G,否,0.0,是,0.0,0.0,163.0,0.0,华为,HLK-AL00,105.0,163.0,205.0,134.0,0.000126407378099081,1368591.0,173.0,否,三星,-1.0,-1.0,-1.0,-1.0,-1
1810,2.0,-1.0,-1.0,-1.0,-1.0,-1.0,-1.0,-1.0,-1.0,-1.0,-1.0,-1.0,-1.0,-1.0,5.0,44.0,1.0,否,4G,否,0.0,是,0.0,0.0,287.0,0.0,苹果,A2404,78.0,287.0,78.0,221.0,0.0,2491081.0,0.0,否,三星,-1.0,-1.0,-1.0,-1.0,-1
1811,2.0,-1.0,-1.0,-1.0,-1.0,-1.0,-1.0,-1.0,-1.0,-1.0,-1.0,-1.0,-1.0,-1.0,17.0,7.0,0.0,否,4G,否,30.58,是,8.99,0.0,233.0,0.0,华为,OCE-AL50,71.99,233.0,48.0,206.0,0.0,46748011.0,0.0,否,三星,-1.0,-1.0,-1.0,-1.0,-1
1812,1.0,-1.0,-1.0,-1.0,1.0,1.0,-1.0,-1.0,-1.0,-1.0,-1.0,1.0,-1.0,1.0,4.0,8.0,0.0,否,4G,否,0.0,是,0.0,0.0,384.0,0.0,苹果,A2400,35.0,384.0,35.0,475.0,0.0,7341779.0,0.0,否,三星,-1.0,-1.0,-1.0,-1.0,-1
1813,1.0,1.0,1.0,-1.0,-1.0,-1.0,-1.0,-1.0,1.0,1.0,1.0,1.0,1.0,1.0,8.0,9.0,0.0,否,4G,否,0.0,是,0.0,0.0,271.0,0.0,华为,ELE-AL00,42.0,271.0,42.0,166.0,0.0,6365767.0,0.0,否,三星,-1.0,-1.0,-1.0,-1.0,-1
1814,1.0,-1.0,1.0,-1.0,-1.0,-1.0,-1.0,-1.0,1.0,1.0,-1.0,-1.0,-1.0,-1.0,18.0,0.0,0.0,否,4G,否,0.0,是,0.0,0.0,254.0,0.0,苹果,iPhone X A1865,58.0,254.0,58.0,164.0,0.0,17597994.0,0.0,否,三星,-1.0,-1.0,-1.0,-1.0,-1
1815,1.0,1.0,-1.0,-1.0,-1.0,-1.0,-1.0,-1.0,-1.0,-1.0,-1.0,-1.0,-1.0,1.0,1.0,16.0,1.0,否,4G,否,0.0,是,0.0,0.0,181.0,0.0,苹果,iPhone X A1865,98.1,181.0,98.0,73.0,0.0,37319386.0,0.0,否,三星,-1.0,-1.0,-1.0,-1.0,-1
1816,1.0,1.0,-1.0,-1.0,1.0,1.0,-1.0,1.0,1.0,1.0,1.0,1.0,-1.0,1.0,3.0,3.0,0.0,否,4G,否,0.0,是,0.0,0.0,206.0,0.0,苹果,iPhone X A1865,23.8,206.0,0.0,0.0,0.0,9904782.0,0.0,否,未评级,-1.0,-1.0,-1.0,-1.0,-1
1817,1.0,1.0,-1.0,-1.0,-1.0,-1.0,-1.0,-1.0,-1.0,-1.0,1.0,-1.0,-1.0,1.0,23.0,9.0,0.0,否,4G,否,0.0,是,0.0,0.0,151.0,0.0,欧珀,PACT00,40.0,151.0,40.0,67.0,0.0,1405000.0,0.0,否,三星,-1.0,-1.0,-1.0,-1.0,-1
1818,1.0,-1.0,-1.0,-1.0,1.0,-1.0,-1.0,-1.0,-1.0,-1.0,-1.0,-1.0,-1.0,1.0,13.0,21.0,0.0,否,4G,否,210.03,是,50.0,0.0,242.0,0.0,华为,AKA-AL10,124.0,242.0,84.77,556.0,0.0,29557179.0,0.0,否,二星,-1.0,-1.0,-1.0,-1.0,-1
1819,1.0,1.0,-1.0,-1.0,-1.0,1.0,-1.0,1.0,1.0,1.0,1.0,1.0,-1.0,-1.0,3.0,25.0,0.0,否,4G,是,0.0,是,0.0,0.0,259.0,0.0,苹果,A2223,76.0,259.0,79.5,493.0,0.0,14441919.0,0.0,否,三星,-1.0,-1.0,-1.0,-1.0,-1
1820,2.0,-1.0,-1.0,-1.0,-1.0,-1.0,-1.0,-1.0,-1.0,-1.0,-1.0,-1.0,-1.0,-1.0,10.0,15.0,1.0,否,4G,否,0.0,是,0.0,0.0,399.0,0.0,小米科技,M1912G7BE,58.1,399.0,58.0,162.0,0.0,10302517.0,0.0,否,三星,-1.0,-1.0,-1.0,-1.0,-1
1821,1.0,-1.0,1.0,-1.0,1.0,-1.0,-1.0,1.0,1.0,-1.0,1.0,-1.0,-1.0,-1.0,19.0,0.0,0.0,否,4G,否,0.0,是,0.0,0.0,196.0,0.0,三星,SM-C7000,44.2,196.0,17.56,84.0,0.0,6357244.0,0.0,否,三星,-1.0,-1.0,-1.0,-1.0,-1
1822,1.0,-1.0,-1.0,-1.0,-1.0,-1.0,1.0,-1.0,-1.0,-1.0,-1.0,-1.0,-1.0,1.0,16.0,48.0,4.0,否,5G,是,0.0,是,0.0,0.0,1216.0,0.0,苹果,A2412,71.0,1216.0,61.1,1206.0,0.0,34596769.0,0.0,是,三星,-1.0,-1.0,-1.0,-1.0,-1
1823,1.0,-1.0,1.0,-1.0,-1.0,-1.0,-1.0,-1.0,1.0,-1.0,-1.0,-1.0,-1.0,-1.0,59.0,18.0,3.0,否,5G,否,0.0,是,0.0,0.0,908.0,0.0,华为,ANA-AN00,89.0,908.0,89.0,937.0,2.42456262044881e-06,17322712.0,42.0,是,三星,-1.0,-1.0,-1.0,-1.0,-1
1824,2.0,-1.0,-1.0,-1.0,-1.0,-1.0,-1.0,-1.0,-1.0,-1.0,-1.0,-1.0,-1.0,-1.0,6.0,6.0,0.0,否,4G,否,0.0,是,0.0,0.0,146.0,0.0,华为,HMA-AL00,18.0,146.0,18.0,92.0,0.0,7991783.0,0.0,否,三星,-1.0,-1.0,-1.0,-1.0,-1
1825,1.0,1.0,-1.0,-1.0,-1.0,1.0,-1.0,1.0,1.0,1.0,-1.0,1.0,-1.0,1.0,25.0,13.0,0.0,否,4G,否,0.0,是,0.0,0.0,183.0,0.0,苹果,iPhone 7Plus A1661,28.0,183.0,28.0,245.0,0.0,495606.0,0.0,否,二星,-1.0,-1.0,-1.0,-1.0,-1
1826,2.0,-1.0,-1.0,-1.0,-1.0,-1.0,-1.0,-1.0,-1.0,-1.0,-1.0,-1.0,-1.0,-1.0,0.0,10.0,0.0,否,4G,否,0.0,是,0.0,0.0,543.0,0.0,华为,NAM-AL00,90.0,543.0,90.0,415.0,0.0,12973493.0,0.0,否,银卡,-1.0,-1.0,-1.0,-1.0,-1
1827,1.0,1.0,1.0,-1.0,-1.0,-1.0,-1.0,-1.0,1.0,1.0,-1.0,-1.0,-1.0,-1.0,4.0,15.0,0.0,否,4G,否,172.39,是,5.0,0.0,248.0,0.0,苹果,A2412,71.9,248.0,116.9,189.0,0.0,56702634.0,0.0,否,三星,-1.0,-1.0,-1.0,-1.0,-1
1828,1.0,1.0,-1.0,-1.0,-1.0,-1.0,-1.0,-1.0,-1.0,-1.0,-1.0,-1.0,-1.0,1.0,7.0,2.0,0.0,否,5G,否,0.0,是,0.0,0.0,664.0,0.0,华为,OXF-AN10,383.19,664.0,395.39,449.0,0.0,16218003.0,0.0,是,白金卡,-1.0,-1.0,-1.0,-1.0,-1
1829,2.0,-1.0,-1.0,-1.0,-1.0,-1.0,-1.0,-1.0,-1.0,-1.0,-1.0,-1.0,-1.0,-1.0,9.0,17.0,0.0,否,4G,否,0.0,是,0.0,0.0,489.0,0.0,苹果,A2223,18.0,489.0,18.0,65.0,0.0,7245860.0,0.0,否,三星,-1.0,-1.0,-1.0,-1.0,-1
1830,2.0,-1.0,-1.0,-1.0,-1.0,-1.0,-1.0,-1.0,-1.0,-1.0,-1.0,-1.0,-1.0,-1.0,22.0,26.0,8.0,否,4G,否,0.0,是,0.0,0.0,327.0,0.0,小米科技,M1903F2A,119.0,327.0,118.0,286.0,0.0,3850068.0,0.0,否,银卡,-1.0,-1.0,-1.0,-1.0,-1
1831,1.0,1.0,-1.0,-1.0,-1.0,-1.0,-1.0,-1.0,1.0,-1.0,-1.0,1.0,-1.0,-1.0,1.0,0.0,0.0,否,5G,否,0.0,是,0.0,0.0,205.0,0.0,华为,TAS-AN00,59.0,205.0,58.0,125.0,0.0,32566622.0,0.0,是,三星,-1.0,-1.0,-1.0,-1.0,-1
1832,1.0,1.0,-1.0,-1.0,-1.0,1.0,-1.0,-1.0,1.0,1.0,1.0,-1.0,-1.0,-1.0,45.0,26.0,8.0,否,5G,否,0.0,是,0.0,0.0,240.0,0.0,苹果,A2404,148.0,240.0,148.0,196.0,0.0,12580028.0,0.0,是,银卡,-1.0,-1.0,-1.0,-1.0,-1
1833,1.0,1.0,-1.0,-1.0,-1.0,-1.0,-1.0,-1.0,-1.0,-1.0,-1.0,-1.0,-1.0,1.0,51.0,18.0,3.0,否,4G,否,0.0,是,0.0,0.0,409.0,0.0,欧珀,PBBM30,115.0,409.0,115.0,460.0,0.0,43855273.0,0.0,否,银卡,-1.0,-1.0,-1.0,-1.0,-1
1834,1.0,1.0,-1.0,-1.0,1.0,-1.0,1.0,-1.0,1.0,-1.0,-1.0,-1.0,-1.0,-1.0,23.0,0.0,0.0,否,4G,否,515.51,是,15.0,0.0,362.0,0.0,苹果,A2223,150.8,362.0,79.0,17.0,0.0,84454405.0,0.0,否,一星,-1.0,-1.0,-1.0,-1.0,-1
1835,1.0,1.0,-1.0,1.0,1.0,-1.0,-1.0,-1.0,-1.0,-1.0,-1.0,1.0,-1.0,1.0,48.0,18.0,2.0,否,4G,否,0.0,是,0.0,0.0,374.0,0.0,华为,MHA-AL00,230.0,374.0,230.0,630.0,0.0,54899784.0,0.0,否,银卡,-1.0,-1.0,-1.0,-1.0,-1
1836,1.0,-1.0,-1.0,-1.0,-1.0,1.0,1.0,1.0,1.0,-1.0,1.0,1.0,-1.0,1.0,3.0,14.0,0.0,否,4G,否,0.0,是,0.0,0.0,277.0,0.0,苹果,iPhone 6S A1688,18.0,277.0,18.0,374.0,0.0,3396617.0,0.0,否,三星,-1.0,-1.0,-1.0,-1.0,-1
1837,2.0,-1.0,-1.0,-1.0,-1.0,-1.0,-1.0,-1.0,-1.0,-1.0,-1.0,-1.0,-1.0,-1.0,0.0,16.0,1.0,否,4G,否,0.0,是,0.0,0.0,618.0,0.0,华为,VKY-AL00,58.0,618.0,66.1,635.0,0.0,10195282.0,0.0,否,三星,-1.0,-1.0,-1.0,-1.0,-1
1838,1.0,-1.0,-1.0,-1.0,-1.0,1.0,-1.0,1.0,1.0,-1.0,-1.0,1.0,-1.0,1.0,3.0,2.0,2.0,否,5G,是,0.0,是,0.0,0.00645161290322581,1085.0,7.0,华为,JEF-AN00,132.16,1085.0,80.31,532.0,0.0375452816051856,23276560.0,873925.0,是,三星,-1.0,-1.0,-1.0,-1.0,-1
1839,2.0,-1.0,-1.0,-1.0,-1.0,-1.0,-1.0,-1.0,-1.0,-1.0,-1.0,-1.0,-1.0,-1.0,0.0,52.0,0.0,否,4G,否,1040.8,是,30.0,0.0,255.0,0.0,欧珀,OPPO R11,79.0,255.0,133.95,442.0,0.0,45743310.0,0.0,否,一星,-1.0,-1.0,-1.0,-1.0,-1
1840,2.0,-1.0,-1.0,-1.0,-1.0,-1.0,-1.0,-1.0,-1.0,-1.0,-1.0,-1.0,-1.0,-1.0,1.0,16.0,0.0,否,4G,否,0.0,是,0.0,0.0,552.0,0.0,华为,HWI-AL00,38.41,552.0,29.0,617.0,0.000393092832226649,9018226.0,3545.0,否,三星,-1.0,-1.0,-1.0,-1.0,-1
1841,1.0,-1.0,1.0,-1.0,-1.0,-1.0,-1.0,-1.0,-1.0,-1.0,1.0,1.0,-1.0,-1.0,4.0,4.0,18.0,否,5G,否,0.0,是,0.0,0.0,378.0,0.0,小米科技,M2102K1C,60.0,378.0,60.0,446.0,0.0,70240147.0,0.0,是,三星,-1.0,-1.0,-1.0,-1.0,-1
1842,1.0,-1.0,1.0,-1.0,-1.0,-1.0,-1.0,-1.0,1.0,-1.0,-1.0,-1.0,-1.0,-1.0,0.0,18.0,7.0,否,4G,否,0.0,是,0.0,0.0,337.0,0.0,华为,INE-AL00,120.0,337.0,120.68,334.0,0.0,46743925.0,0.0,否,银卡,-1.0,-1.0,-1.0,-1.0,-1
1843,2.0,-1.0,-1.0,-1.0,-1.0,-1.0,-1.0,-1.0,-1.0,-1.0,-1.0,-1.0,-1.0,-1.0,7.0,18.0,2.0,否,4G,是,81.94,是,20.0,0.0,351.0,0.0,步步高,vivo X21UD A,40.03,351.0,33.79,502.0,0.0,4312600.0,0.0,否,三星,-1.0,-1.0,-1.0,-1.0,-1
1844,2.0,-1.0,-1.0,-1.0,-1.0,-1.0,-1.0,-1.0,-1.0,-1.0,-1.0,-1.0,-1.0,-1.0,1.0,9.0,1.0,否,4G,否,0.0,是,0.0,0.0,171.0,0.0,华为,VOG-AL00,128.0,171.0,128.0,191.0,4.817895861293e-06,8925058.0,43.0,否,银卡,-1.0,-1.0,-1.0,-1.0,-1
1845,1.0,1.0,-1.0,-1.0,-1.0,-1.0,-1.0,1.0,1.0,1.0,1.0,1.0,-1.0,-1.0,43.0,23.0,1.0,否,4G,否,0.0,是,0.0,0.0,901.0,0.0,华为,VOG-AL10,130.0,901.0,128.2,531.0,0.0,7377539.0,0.0,否,银卡,-1.0,-1.0,-1.0,-1.0,-1
1846,1.0,-1.0,1.0,-1.0,1.0,1.0,1.0,-1.0,1.0,-1.0,1.0,1.0,-1.0,1.0,13.0,7.0,5.0,否,5G,否,0.0,是,0.0,0.0,243.0,0.0,苹果,A2634,72.1,243.0,72.0,258.0,0.0,9079228.0,0.0,是,三星,-1.0,-1.0,-1.0,-1.0,-1
1847,2.0,-1.0,-1.0,-1.0,-1.0,-1.0,-1.0,-1.0,-1.0,-1.0,-1.0,-1.0,-1.0,-1.0,0.0,0.0,1.0,否,5G,否,33.55,是,1.0,0.0,249.0,0.0,华为,NOH-AN00,23.9,249.0,22.4,38.0,0.0,65549567.0,0.0,是,未评级,-1.0,-1.0,-1.0,-1.0,-1
1848,2.0,-1.0,-1.0,-1.0,-1.0,-1.0,-1.0,-1.0,-1.0,-1.0,-1.0,-1.0,-1.0,-1.0,23.0,10.0,2.0,否,4G,否,0.0,是,0.0,0.0,177.0,0.0,苹果,A2223,23.2,177.0,79.75,169.0,0.0,11321887.0,0.0,否,三星,-1.0,-1.0,-1.0,-1.0,-1
1849,1.0,-1.0,-1.0,-1.0,-1.0,-1.0,-1.0,-1.0,1.0,1.0,1.0,-1.0,-1.0,-1.0,3.0,3.0,0.0,否,4G,否,0.0,是,0.0,0.0,145.0,0.0,华为,PCT-AL10,45.95,145.0,39.0,282.0,0.0,16236252.0,0.0,否,三星,1.0,-1.0,-1.0,-1.0,-1
1850,1.0,1.0,-1.0,-1.0,-1.0,-1.0,-1.0,-1.0,-1.0,-1.0,1.0,-1.0,-1.0,1.0,98.0,17.0,0.0,否,4G,否,0.0,是,0.0,0.0,188.0,0.0,小米科技,M2012K11AC,42.0,188.0,42.0,253.0,0.0,6711630.0,0.0,否,三星,-1.0,-1.0,-1.0,-1.0,-1
1851,2.0,-1.0,-1.0,-1.0,-1.0,-1.0,-1.0,-1.0,-1.0,-1.0,-1.0,-1.0,-1.0,-1.0,1.0,62.0,2.0,否,4G,否,0.0,是,0.0,0.0,1275.0,0.0,苹果,A2108,110.6,1275.0,110.6,1406.0,0.0,26367993.0,0.0,否,银卡,-1.0,-1.0,-1.0,-1.0,-1
1852,2.0,-1.0,-1.0,-1.0,-1.0,-1.0,-1.0,-1.0,-1.0,-1.0,-1.0,-1.0,-1.0,-1.0,1.0,1.0,2.0,否,5G,否,0.0,是,0.0,0.0,213.0,0.0,华为,ANG-AN00,90.0,213.0,90.0,515.0,0.0,39326247.0,0.0,是,银卡,-1.0,-1.0,-1.0,-1.0,-1
1853,2.0,-1.0,-1.0,-1.0,-1.0,-1.0,-1.0,-1.0,-1.0,-1.0,-1.0,-1.0,-1.0,-1.0,15.0,0.0,0.0,否,5G,否,0.0,是,0.0,0.0,299.0,0.0,华为,TEL-AN00a,50.0,299.0,50.0,198.0,0.0,5767223.0,0.0,是,三星,-1.0,-1.0,-1.0,-1.0,-1
1854,1.0,-1.0,-1.0,-1.0,1.0,1.0,1.0,1.0,1.0,-1.0,1.0,-1.0,-1.0,1.0,4.0,7.0,2.0,否,5G,否,0.0,是,0.0,0.0,188.0,0.0,苹果,A2412,50.0,188.0,50.0,243.0,0.0,49445438.0,0.0,是,三星,-1.0,-1.0,-1.0,-1.0,-1
1855,1.0,1.0,-1.0,-1.0,-1.0,-1.0,-1.0,-1.0,1.0,-1.0,-1.0,1.0,-1.0,-1.0,44.0,7.0,0.0,否,4G,否,0.0,是,0.0,0.0,160.0,0.0,欧珀,PDYM20,29.57,160.0,29.0,145.0,0.0,13296800.0,0.0,否,三星,-1.0,-1.0,-1.0,-1.0,-1
1856,1.0,1.0,1.0,-1.0,1.0,-1.0,1.0,-1.0,1.0,-1.0,1.0,1.0,-1.0,1.0,12.0,41.0,13.0,否,4G,否,0.0,是,0.0,0.0,1058.0,0.0,苹果,iPhone 7Plus A1661,180.5,1058.0,212.1,1044.0,0.0,28502883.0,0.0,否,银卡,-1.0,-1.0,-1.0,-1.0,-1
1857,1.0,-1.0,-1.0,-1.0,-1.0,1.0,-1.0,1.0,-1.0,-1.0,-1.0,1.0,-1.0,-1.0,3.0,14.0,0.0,否,4G,否,0.0,是,0.0,0.0,262.0,0.0,华为,NEO-AL00,80.0,262.0,80.0,496.0,0.0,5976906.0,0.0,否,三星,-1.0,-1.0,-1.0,-1.0,-1
1858,2.0,-1.0,-1.0,-1.0,-1.0,-1.0,-1.0,-1.0,-1.0,-1.0,-1.0,-1.0,-1.0,-1.0,2.0,6.0,1.0,否,4G,否,0.0,是,0.0,0.0,268.0,0.0,苹果,A2223,60.3,268.0,60.0,186.0,0.0,8682244.0,0.0,否,三星,-1.0,-1.0,-1.0,-1.0,-1
1859,2.0,-1.0,-1.0,-1.0,-1.0,-1.0,-1.0,-1.0,-1.0,-1.0,-1.0,-1.0,-1.0,-1.0,1.0,5.0,1.0,否,5G,否,103.55,是,20.0,0.0,181.0,0.0,苹果,iPhone 6S PLUS A1699,28.0,181.0,118.0,109.0,0.0,1015278.0,0.0,是,三星,-1.0,-1.0,-1.0,-1.0,-1
1860,1.0,-1.0,-1.0,-1.0,-1.0,-1.0,-1.0,1.0,1.0,1.0,-1.0,-1.0,-1.0,-1.0,5.0,11.0,2.0,否,4G,否,0.0,是,0.0,0.0,278.0,0.0,华为,NOP-AN00,60.0,278.0,60.0,338.0,0.0,51155836.0,0.0,否,三星,-1.0,-1.0,-1.0,-1.0,-1
1861,2.0,-1.0,-1.0,-1.0,-1.0,-1.0,-1.0,-1.0,-1.0,-1.0,-1.0,-1.0,-1.0,-1.0,13.0,5.0,0.0,否,5G,否,0.0,是,0.0,0.0,199.0,0.0,苹果,A2634,30.0,199.0,30.0,128.0,0.0,9907986.0,0.0,是,三星,-1.0,-1.0,-1.0,-1.0,-1
1862,2.0,-1.0,-1.0,-1.0,-1.0,-1.0,-1.0,-1.0,-1.0,-1.0,-1.0,-1.0,-1.0,-1.0,0.0,0.0,0.0,否,5G,否,0.0,是,0.0,0.0,201.0,0.0,华为,TAS-AN00,60.0,201.0,60.0,137.0,0.0,15119717.0,0.0,是,三星,-1.0,-1.0,-1.0,-1.0,-1
1863,2.0,-1.0,-1.0,-1.0,-1.0,-1.0,-1.0,-1.0,-1.0,-1.0,-1.0,-1.0,-1.0,-1.0,13.0,33.0,0.0,否,4G,否,0.0,是,0.0,0.0946745562130177,507.0,48.0,步步高,V1911A,141.0,507.0,141.0,301.0,0.0049645170586499,44947373.0,223142.0,否,银卡,-1.0,-1.0,-1.0,-1.0,-1
1864,2.0,-1.0,-1.0,-1.0,-1.0,-1.0,-1.0,-1.0,-1.0,-1.0,-1.0,-1.0,-1.0,-1.0,2.0,15.0,3.0,否,5G,是,752.77,是,47.0,0.0,230.0,0.0,苹果,A2644,81.83,230.0,86.21,139.0,0.0,64819036.0,0.0,是,一星,-1.0,-1.0,-1.0,-1.0,-1
1865,1.0,-1.0,-1.0,-1.0,-1.0,1.0,-1.0,1.0,1.0,-1.0,-1.0,-1.0,-1.0,-1.0,12.0,26.0,3.0,否,5G,否,0.0,是,0.0,0.0,666.0,0.0,苹果,A2404,87.0,666.0,86.1,856.0,0.0,21197851.0,0.0,是,三星,-1.0,-1.0,-1.0,-1.0,-1
1866,2.0,-1.0,-1.0,-1.0,-1.0,-1.0,-1.0,-1.0,-1.0,-1.0,-1.0,-1.0,-1.0,-1.0,169.0,13.0,0.0,否,5G,否,0.0,是,0.0,0.0,155.0,0.0,苹果,A2639,90.0,155.0,70.0,406.0,0.0,7544044.0,0.0,是,银卡,-1.0,-1.0,-1.0,-1.0,-1
1867,2.0,-1.0,-1.0,-1.0,-1.0,-1.0,-1.0,-1.0,-1.0,-1.0,-1.0,-1.0,-1.0,-1.0,48.0,21.0,2.0,否,5G,否,38.4,是,10.0,0.0,210.0,0.0,苹果,A2404,40.0,210.0,25.55,237.0,0.0,5871399.0,0.0,是,三星,-1.0,-1.0,-1.0,-1.0,-1
1868,1.0,1.0,-1.0,-1.0,-1.0,-1.0,-1.0,-1.0,1.0,1.0,-1.0,-1.0,-1.0,1.0,10.0,20.0,8.0,否,5G,否,0.0,是,0.0,0.0,525.0,0.0,步步高,V2111A,122.5,525.0,67.5,199.0,0.0,9771060.0,0.0,是,一星,-1.0,-1.0,-1.0,-1.0,-1
1869,2.0,-1.0,-1.0,-1.0,-1.0,-1.0,-1.0,-1.0,-1.0,-1.0,-1.0,-1.0,-1.0,-1.0,2.0,29.0,0.0,否,4G,否,0.0,是,0.0,0.0,682.0,0.0,华为,ALP-AL00,178.0,682.0,154.3,605.0,0.0,18855301.0,0.0,否,金卡,-1.0,-1.0,-1.0,-1.0,-1
1870,1.0,-1.0,1.0,-1.0,-1.0,-1.0,-1.0,-1.0,-1.0,-1.0,-1.0,-1.0,-1.0,1.0,32.0,9.0,0.0,否,5G,否,0.0,是,0.0,0.004,250.0,1.0,华为,KKG-AN00,67.9,250.0,67.9,99.0,0.00540148952180985,50520509.0,272886.0,是,三星,-1.0,-1.0,-1.0,-1.0,-1
1871,2.0,-1.0,-1.0,-1.0,-1.0,-1.0,-1.0,-1.0,-1.0,-1.0,-1.0,-1.0,-1.0,-1.0,38.0,30.0,1.0,否,5G,是,0.0,是,0.0,0.0,1079.0,0.0,步步高,V2046A,76.22,1079.0,73.92,731.0,0.0,11077889.0,0.0,是,三星,-1.0,-1.0,-1.0,-1.0,-1
1872,1.0,1.0,1.0,-1.0,-1.0,-1.0,-1.0,-1.0,-1.0,1.0,1.0,1.0,1.0,1.0,17.0,19.0,0.0,否,5G,否,8205.17,是,75.0,0.0,480.0,0.0,步步高,V2073A,113.5,480.0,99.4,143.0,0.0,97760364.0,0.0,是,一星,-1.0,-1.0,-1.0,-1.0,-1
1873,2.0,-1.0,-1.0,-1.0,-1.0,-1.0,-1.0,-1.0,-1.0,-1.0,-1.0,-1.0,-1.0,-1.0,21.0,16.0,1.0,否,5G,否,0.0,是,0.0,0.0,278.0,0.0,苹果,A2639,80.0,278.0,92.0,355.0,0.0,41033584.0,0.0,是,三星,-1.0,-1.0,-1.0,-1.0,-1
1874,2.0,-1.0,-1.0,-1.0,-1.0,-1.0,-1.0,-1.0,-1.0,-1.0,-1.0,-1.0,-1.0,-1.0,16.0,11.0,2.0,否,5G,否,0.0,是,0.0,0.0,343.0,0.0,小米科技,21091116C,45.0,343.0,44.48,346.0,0.0,2208253.0,0.0,是,三星,-1.0,-1.0,-1.0,-1.0,-1
1875,1.0,-1.0,1.0,-1.0,-1.0,1.0,-1.0,1.0,-1.0,1.0,-1.0,1.0,-1.0,-1.0,12.0,43.0,1.0,否,4G,否,0.0,是,0.0,0.0,430.0,0.0,苹果,iPhone X A1865,176.0,430.0,176.4,529.0,0.0,39698162.0,0.0,否,金卡,-1.0,-1.0,-1.0,-1.0,-1
1876,1.0,1.0,-1.0,-1.0,-1.0,-1.0,-1.0,-1.0,-1.0,-1.0,-1.0,1.0,-1.0,-1.0,1.0,9.0,0.0,否,5G,是,17585.16,是,186.0,0.0,217.0,0.0,步步高,V2054A,255.0,217.0,130.5,257.0,0.0,73996956.0,0.0,是,银卡,-1.0,-1.0,-1.0,-1.0,-1
1877,2.0,-1.0,-1.0,-1.0,-1.0,-1.0,-1.0,-1.0,-1.0,-1.0,-1.0,-1.0,-1.0,-1.0,104.0,13.0,3.0,否,4G,否,0.0,是,0.0,0.0,493.0,0.0,小米科技,M1803E1A,93.04,493.0,106.08,587.0,0.0,2227664.0,0.0,否,银卡,-1.0,-1.0,-1.0,-1.0,-1
1878,1.0,1.0,-1.0,-1.0,1.0,1.0,-1.0,-1.0,1.0,1.0,-1.0,-1.0,-1.0,1.0,87.0,70.0,10.0,否,4G,否,0.0,是,0.0,0.0,1111.0,0.0,步步高,vivo NEX S,315.0,1111.0,315.0,597.0,0.0,37185041.0,0.0,否,金卡,-1.0,-1.0,-1.0,-1.0,-1
1879,2.0,-1.0,-1.0,-1.0,-1.0,-1.0,-1.0,-1.0,-1.0,-1.0,-1.0,-1.0,-1.0,-1.0,3.0,20.0,0.0,否,4G,否,0.0,是,0.0,0.0,651.0,0.0,苹果,A2104,171.96,651.0,151.55,773.0,0.0,70940050.0,0.0,否,三星,-1.0,-1.0,-1.0,-1.0,-1
1880,2.0,-1.0,-1.0,-1.0,-1.0,-1.0,-1.0,-1.0,-1.0,-1.0,-1.0,-1.0,-1.0,-1.0,3.0,3.0,1.0,否,4G,否,0.0,是,0.0,0.0,167.0,0.0,华为,DVC-AN20,18.0,167.0,33.15,342.0,0.0,1474627.0,0.0,否,三星,-1.0,-1.0,-1.0,-1.0,-1
1881,1.0,-1.0,1.0,-1.0,-1.0,-1.0,-1.0,-1.0,-1.0,-1.0,1.0,1.0,-1.0,1.0,1.0,1.0,2.0,否,5G,否,0.0,是,0.0,0.0,332.0,0.0,苹果,A2412,80.0,332.0,80.4,384.0,0.0,20578553.0,0.0,是,三星,-1.0,-1.0,-1.0,-1.0,-1
1882,1.0,1.0,1.0,-1.0,-1.0,1.0,-1.0,-1.0,-1.0,-1.0,1.0,1.0,-1.0,-1.0,9.0,17.0,0.0,否,4G,否,0.0,是,0.0,0.0,192.0,0.0,华为,HLK-AL10,120.0,192.0,120.0,220.0,0.0,18281500.0,0.0,否,银卡,-1.0,-1.0,-1.0,-1.0,-1
1883,1.0,-1.0,-1.0,-1.0,-1.0,-1.0,-1.0,-1.0,1.0,-1.0,1.0,1.0,1.0,1.0,5.0,40.0,6.0,否,4G,否,0.0,是,0.0,0.0,519.0,0.0,苹果,iPhone 7Plus A1661,185.0,519.0,182.0,371.0,0.0,27695414.0,0.0,否,银卡,1.0,-1.0,-1.0,-1.0,-1
1884,2.0,-1.0,-1.0,-1.0,-1.0,-1.0,-1.0,-1.0,-1.0,-1.0,-1.0,-1.0,-1.0,-1.0,2.0,7.0,1.0,否,5G,否,0.0,是,0.0,0.0,436.0,0.0,华为,JEF-AN00,34.0,436.0,100.5,520.0,0.0,10734670.0,0.0,是,三星,-1.0,-1.0,-1.0,-1.0,-1
1885,1.0,-1.0,1.0,-1.0,-1.0,-1.0,-1.0,-1.0,1.0,1.0,-1.0,1.0,-1.0,1.0,30.0,0.0,1.0,否,5G,否,0.0,是,0.0,0.0,160.0,0.0,华为,NOP-AN00,115.0,160.0,115.0,160.0,0.0,9188180.0,0.0,是,银卡,-1.0,-1.0,-1.0,-1.0,-1
1886,1.0,-1.0,1.0,-1.0,-1.0,-1.0,-1.0,-1.0,-1.0,-1.0,1.0,-1.0,-1.0,1.0,4.0,29.0,3.0,否,5G,否,0.0,是,0.0,0.0,550.0,0.0,苹果,A2634,50.0,550.0,50.0,568.0,0.0,5183996.0,0.0,是,二星,-1.0,-1.0,-1.0,-1.0,-1
1887,2.0,-1.0,-1.0,-1.0,-1.0,-1.0,-1.0,-1.0,-1.0,-1.0,-1.0,-1.0,-1.0,-1.0,25.0,7.0,0.0,否,4G,否,0.0,是,0.0,0.0,496.0,0.0,华为,VOG-AL10,60.0,496.0,60.2,346.0,0.0,10125726.0,0.0,否,三星,-1.0,-1.0,-1.0,-1.0,-1
1888,1.0,-1.0,1.0,-1.0,-1.0,-1.0,-1.0,-1.0,1.0,1.0,-1.0,-1.0,-1.0,1.0,28.0,17.0,2.0,否,4G,否,0.0,是,0.0,0.0,265.0,0.0,华为,MHA-AL00,50.05,265.0,40.0,210.0,0.0,45408673.0,0.0,否,三星,-1.0,-1.0,-1.0,-1.0,-1
1889,1.0,1.0,-1.0,-1.0,-1.0,1.0,-1.0,-1.0,-1.0,-1.0,1.0,1.0,-1.0,1.0,45.0,0.0,0.0,否,4G,否,0.0,是,0.0,0.0,167.0,0.0,华为,HMA-AL00,111.2,167.0,111.1,104.0,0.0,48785283.0,0.0,否,银卡,-1.0,-1.0,-1.0,-1.0,-1
1890,2.0,-1.0,-1.0,-1.0,-1.0,-1.0,-1.0,-1.0,-1.0,-1.0,-1.0,-1.0,-1.0,-1.0,1.0,2.0,9.0,否,5G,否,0.0,是,0.0,0.0,310.0,0.0,中邮通信,MNT-BD00,59.1,310.0,0.0,0.0,0.0,44916106.0,0.0,是,未评级,-1.0,-1.0,-1.0,-1.0,-1
1891,2.0,-1.0,-1.0,-1.0,-1.0,-1.0,-1.0,-1.0,-1.0,-1.0,-1.0,-1.0,-1.0,-1.0,0.0,6.0,0.0,否,4G,否,0.0,是,0.0,0.0,177.0,0.0,小米科技,M2001J2C,131.0,177.0,131.0,156.0,0.0,57031710.0,0.0,否,银卡,-1.0,-1.0,-1.0,-1.0,-1
1892,1.0,1.0,-1.0,-1.0,-1.0,-1.0,-1.0,-1.0,1.0,-1.0,1.0,-1.0,-1.0,-1.0,2.0,55.0,3.0,否,4G,否,0.0,是,0.0,0.0,1496.0,0.0,华为,LYA-AL00,169.13,1496.0,138.62,1283.0,0.0,12620464.0,0.0,否,三星,-1.0,-1.0,-1.0,-1.0,-1
1893,1.0,1.0,1.0,-1.0,-1.0,-1.0,-1.0,-1.0,-1.0,1.0,1.0,1.0,-1.0,1.0,39.0,1.0,0.0,否,5G,否,0.0,是,0.0,0.0,470.0,0.0,华为,NOH-AN00,141.0,470.0,135.0,536.0,0.0,24901593.0,0.0,是,银卡,-1.0,-1.0,-1.0,-1.0,-1
1894,2.0,-1.0,-1.0,-1.0,-1.0,-1.0,-1.0,-1.0,-1.0,-1.0,-1.0,-1.0,-1.0,-1.0,65.0,20.0,0.0,否,4G,否,0.0,是,0.0,0.0,419.0,0.0,华为,CLT-AL00,129.0,419.0,119.5,362.0,0.0,5949609.0,0.0,否,银卡,-1.0,-1.0,-1.0,-1.0,-1
1895,1.0,1.0,1.0,-1.0,-1.0,-1.0,-1.0,1.0,1.0,1.0,-1.0,-1.0,-1.0,-1.0,29.0,22.0,1.0,否,5G,否,0.0,是,0.0,0.0,421.0,0.0,苹果,A2634,50.0,421.0,50.0,273.0,0.0,25107797.0,0.0,是,三星,-1.0,-1.0,-1.0,-1.0,-1
1896,2.0,-1.0,-1.0,-1.0,-1.0,-1.0,-1.0,-1.0,-1.0,-1.0,-1.0,-1.0,-1.0,-1.0,0.0,0.0,4.0,否,5G,否,0.0,是,0.0,0.0,380.0,0.0,华为,ANA-AN00,207.1,380.0,207.2,160.0,0.0,2490644.0,0.0,是,银卡,-1.0,-1.0,-1.0,-1.0,-1
1897,2.0,-1.0,-1.0,-1.0,-1.0,-1.0,-1.0,-1.0,-1.0,-1.0,-1.0,-1.0,-1.0,-1.0,23.0,1.0,0.0,否,4G,否,0.0,是,0.0,0.0,141.0,0.0,华为,LYA-AL00,26.48,141.0,26.0,101.0,0.0,5608959.0,0.0,否,三星,-1.0,-1.0,-1.0,-1.0,-1
1898,2.0,-1.0,-1.0,-1.0,-1.0,-1.0,-1.0,-1.0,-1.0,-1.0,-1.0,-1.0,-1.0,-1.0,3.0,1.0,2.0,否,5G,是,0.0,是,0.0,0.0,905.0,0.0,华为,DVC-TN20,95.0,905.0,95.0,447.0,0.0,4908256.0,0.0,是,三星,-1.0,-1.0,-1.0,-1.0,-1
1899,1.0,1.0,-1.0,-1.0,-1.0,-1.0,1.0,-1.0,-1.0,1.0,1.0,1.0,1.0,1.0,12.0,7.0,1.0,否,4G,否,0.0,是,0.0,0.0,156.0,0.0,欧珀,PCHM30,59.0,156.0,60.0,202.0,0.0,29798820.0,0.0,否,三星,-1.0,-1.0,-1.0,-1.0,-1
1900,2.0,-1.0,-1.0,-1.0,-1.0,-1.0,-1.0,-1.0,-1.0,-1.0,-1.0,-1.0,-1.0,-1.0,1.0,6.0,3.0,否,5G,是,0.0,是,0.0,0.0,2056.0,0.0,华为,CDY-AN00,186.2,2056.0,140.0,1367.0,2.8756597781994e-07,20864777.0,6.0,是,银卡,-1.0,-1.0,-1.0,-1.0,-1
1901,2.0,-1.0,-1.0,-1.0,-1.0,-1.0,-1.0,-1.0,-1.0,-1.0,-1.0,-1.0,-1.0,-1.0,1.0,9.0,0.0,否,4G,否,0.0,是,0.0,0.0,291.0,0.0,步步高,V2080A,53.9,291.0,58.5,361.0,0.0,76972250.0,0.0,否,银卡,-1.0,-1.0,-1.0,-1.0,-1
1902,1.0,-1.0,1.0,-1.0,-1.0,-1.0,-1.0,-1.0,-1.0,1.0,-1.0,1.0,-1.0,-1.0,1.0,14.0,0.0,否,4G,否,0.0,是,0.0,0.0,332.0,0.0,华为,YOK-AN10,10.0,332.0,10.0,541.0,0.0,128639.0,0.0,否,三星,-1.0,-1.0,-1.0,-1.0,-1
1903,2.0,-1.0,-1.0,-1.0,-1.0,-1.0,-1.0,-1.0,-1.0,-1.0,-1.0,-1.0,-1.0,-1.0,22.0,3.0,8.0,否,5G,否,0.0,是,0.0,0.0,241.0,0.0,欧珀,PEXM00,10.0,241.0,500.9,187.0,0.0,60583165.0,0.0,是,三星,-1.0,-1.0,-1.0,-1.0,-1
1904,2.0,-1.0,-1.0,-1.0,-1.0,-1.0,-1.0,-1.0,-1.0,-1.0,-1.0,-1.0,-1.0,-1.0,16.0,37.0,0.0,否,4G,否,0.0,是,0.0,0.0,232.0,0.0,华为,POT-AL00,99.64,232.0,128.0,167.0,0.0,12977474.0,0.0,否,三星,-1.0,-1.0,-1.0,-1.0,-1
1905,2.0,-1.0,-1.0,-1.0,-1.0,-1.0,-1.0,-1.0,-1.0,-1.0,-1.0,-1.0,-1.0,-1.0,9.0,8.0,11.0,否,5G,否,0.0,是,0.0,0.0,245.0,0.0,步步高,V2046A,90.0,245.0,90.0,231.0,0.0,7054780.0,0.0,是,三星,-1.0,-1.0,-1.0,-1.0,-1
1906,2.0,-1.0,-1.0,-1.0,-1.0,-1.0,-1.0,-1.0,-1.0,-1.0,-1.0,-1.0,-1.0,-1.0,16.0,13.0,0.0,否,5G,否,0.0,是,0.0,0.0,289.0,0.0,万普拉斯,KB2000,58.0,289.0,60.0,175.0,0.0,21865094.0,0.0,是,三星,-1.0,-1.0,-1.0,-1.0,-1
1907,2.0,-1.0,-1.0,-1.0,-1.0,-1.0,-1.0,-1.0,-1.0,-1.0,-1.0,-1.0,-1.0,-1.0,8.0,13.0,2.0,否,4G,否,0.0,是,0.0,0.0,382.0,0.0,小米科技,M2001G7AE,33.49,382.0,33.9,284.0,0.0,7956439.0,0.0,否,三星,-1.0,-1.0,-1.0,-1.0,-1
1908,2.0,-1.0,-1.0,-1.0,-1.0,-1.0,-1.0,-1.0,-1.0,-1.0,-1.0,-1.0,-1.0,-1.0,4.0,11.0,13.0,否,4G,否,0.0,是,0.0,0.0,210.0,0.0,华为,YAL-AL10,198.0,210.0,198.0,275.0,0.0,6674938.0,0.0,否,金卡,-1.0,-1.0,-1.0,-1.0,-1
1909,1.0,1.0,1.0,-1.0,1.0,1.0,-1.0,-1.0,1.0,1.0,-1.0,-1.0,-1.0,1.0,4.0,10.0,4.0,否,4G,否,0.0,是,0.0,0.0,1008.0,0.0,苹果,A2104,359.0,1008.0,339.0,974.0,0.0,28055541.0,0.0,否,白金卡,-1.0,-1.0,-1.0,-1.0,-1
1910,1.0,1.0,1.0,-1.0,-1.0,1.0,-1.0,1.0,-1.0,-1.0,1.0,1.0,-1.0,1.0,2.0,10.0,0.0,否,4G,否,0.0,是,0.0,0.0,258.0,0.0,华为,HLK-AL00,33.15,258.0,33.0,279.0,0.0,9060956.0,0.0,否,三星,-1.0,-1.0,-1.0,-1.0,-1
1911,1.0,1.0,-1.0,-1.0,-1.0,-1.0,-1.0,-1.0,-1.0,-1.0,1.0,1.0,-1.0,1.0,0.0,4.0,0.0,否,4G,否,0.0,是,0.0,0.0,153.0,0.0,华为,DVC-AN00,8.0,153.0,8.0,62.0,0.0,56982.0,0.0,否,二星,-1.0,-1.0,-1.0,-1.0,-1
1912,1.0,1.0,-1.0,-1.0,-1.0,-1.0,-1.0,-1.0,-1.0,-1.0,-1.0,1.0,-1.0,-1.0,0.0,0.0,0.0,否,5G,否,0.0,是,0.0,0.0,152.0,0.0,华为,ANA-AN00,10.0,152.0,30.0,38.0,0.0,1426664.0,0.0,是,三星,-1.0,-1.0,-1.0,-1.0,-1
1913,1.0,1.0,-1.0,-1.0,-1.0,1.0,1.0,1.0,1.0,1.0,1.0,1.0,-1.0,1.0,13.0,18.0,1.0,否,4G,否,0.0,是,0.0,0.0,216.0,0.0,苹果,iPhone XS (A1920),49.2,216.0,49.0,176.0,0.000663042491257947,1751019.0,1161.0,否,三星,1.0,-1.0,-1.0,-1.0,1
1914,2.0,-1.0,-1.0,-1.0,-1.0,-1.0,-1.0,-1.0,-1.0,-1.0,-1.0,-1.0,-1.0,-1.0,11.0,8.0,4.0,否,4G,否,0.0,是,0.0,0.0,327.0,0.0,步步高,V1962A,20.25,327.0,15.2,255.0,0.0,16386822.0,0.0,否,三星,-1.0,-1.0,-1.0,-1.0,-1
1915,2.0,-1.0,-1.0,-1.0,-1.0,-1.0,-1.0,-1.0,-1.0,-1.0,-1.0,-1.0,-1.0,-1.0,20.0,31.0,6.0,否,4G,否,0.0,是,0.0,0.163126593033135,1177.0,192.0,华为,ELE-AL00,320.0,1177.0,319.3,1355.0,0.110112700233464,30388402.0,3346149.0,否,白金卡,-1.0,-1.0,-1.0,-1.0,-1
1916,1.0,-1.0,-1.0,-1.0,-1.0,1.0,-1.0,-1.0,1.0,-1.0,-1.0,-1.0,-1.0,-1.0,3.0,36.0,2.0,否,4G,否,0.0,是,0.0,0.00833333333333333,360.0,3.0,华为,PAR-AL00,57.88,360.0,55.0,344.0,0.00152369867570934,43738963.0,66645.0,否,三星,-1.0,-1.0,-1.0,-1.0,-1
1917,2.0,-1.0,-1.0,-1.0,-1.0,-1.0,-1.0,-1.0,-1.0,-1.0,-1.0,-1.0,-1.0,-1.0,45.0,7.0,4.0,否,4G,否,0.0,是,0.0,0.0,364.0,0.0,华为,ELE-AL00,60.0,364.0,60.0,223.0,0.0,6984120.0,0.0,否,三星,-1.0,-1.0,-1.0,-1.0,-1
1918,1.0,-1.0,-1.0,-1.0,-1.0,1.0,-1.0,-1.0,-1.0,-1.0,1.0,1.0,-1.0,1.0,4.0,0.0,0.0,否,4G,否,0.0,是,0.0,0.0,527.0,0.0,华为,TAS-AN00,4.0,527.0,23.0,273.0,0.0,7239487.0,0.0,否,三星,-1.0,-1.0,-1.0,-1.0,-1
1919,1.0,1.0,1.0,-1.0,-1.0,-1.0,-1.0,-1.0,1.0,1.0,-1.0,-1.0,-1.0,-1.0,4.0,1.0,2.0,否,5G,否,0.0,是,0.0,0.0,336.0,0.0,小米科技,M2007J1SC,130.0,336.0,130.0,609.0,0.0,21153830.0,0.0,是,银卡,-1.0,-1.0,-1.0,-1.0,-1
1920,2.0,-1.0,-1.0,-1.0,-1.0,-1.0,-1.0,-1.0,-1.0,-1.0,-1.0,-1.0,-1.0,-1.0,0.0,1.0,1.0,否,5G,否,0.0,是,0.0,0.0,159.0,0.0,华为,NOH-AN00,119.0,159.0,119.0,170.0,0.0,2503420.0,0.0,是,银卡,-1.0,-1.0,-1.0,-1.0,-1
1921,1.0,1.0,-1.0,-1.0,-1.0,-1.0,-1.0,-1.0,1.0,1.0,-1.0,1.0,-1.0,-1.0,106.0,6.0,21.0,否,5G,否,0.0,是,0.0,0.0,957.0,0.0,小米科技,M2007J17C,68.37,957.0,68.37,561.0,0.0,42054955.0,0.0,是,一星,-1.0,-1.0,-1.0,-1.0,-1
1922,2.0,-1.0,-1.0,-1.0,-1.0,-1.0,-1.0,-1.0,-1.0,-1.0,-1.0,-1.0,-1.0,-1.0,3.0,11.0,1.0,否,4G,否,0.0,是,0.0,0.0,315.0,0.0,华为,EML-AL00,75.0,315.0,75.0,233.0,0.0,9055919.0,0.0,否,三星,-1.0,-1.0,-1.0,-1.0,-1
1923,2.0,-1.0,-1.0,-1.0,-1.0,-1.0,-1.0,-1.0,-1.0,-1.0,-1.0,-1.0,-1.0,-1.0,1.0,0.0,0.0,否,5G,否,0.0,是,0.0,0.0,150.0,0.0,华为,TAS-AN00,42.9,150.0,38.0,128.0,0.0,619212.0,0.0,是,三星,-1.0,-1.0,-1.0,-1.0,-1
1924,2.0,-1.0,-1.0,-1.0,-1.0,-1.0,-1.0,-1.0,-1.0,-1.0,-1.0,-1.0,-1.0,-1.0,33.0,45.0,0.0,否,4G,否,0.0,是,0.0,0.0,5551.0,0.0,华为,YAL-AL10,79.08,5551.0,72.0,86.0,0.0,7759064.0,0.0,否,三星,-1.0,-1.0,-1.0,-1.0,-1
1925,2.0,-1.0,-1.0,-1.0,-1.0,-1.0,-1.0,-1.0,-1.0,-1.0,-1.0,-1.0,-1.0,-1.0,10.0,3.0,0.0,否,4G,否,0.0,是,0.0,0.0,182.0,0.0,苹果,A2223,88.26,182.0,78.0,69.0,0.0,21779139.0,0.0,否,三星,-1.0,-1.0,-1.0,-1.0,-1
1926,2.0,-1.0,-1.0,-1.0,-1.0,-1.0,-1.0,-1.0,-1.0,-1.0,-1.0,-1.0,-1.0,-1.0,0.0,3.0,0.0,否,4G,否,0.0,是,0.0,0.0,385.0,0.0,华为,HMA-AL00,48.15,385.0,48.0,910.0,0.0,2776593.0,0.0,否,三星,-1.0,-1.0,-1.0,-1.0,-1
1927,1.0,1.0,1.0,-1.0,-1.0,1.0,-1.0,-1.0,1.0,-1.0,-1.0,-1.0,-1.0,1.0,0.0,14.0,3.0,否,5G,否,0.0,是,0.0,0.0,228.0,0.0,苹果,A2644,90.2,228.0,81.1,284.0,6.48707029583985e-07,40079726.0,26.0,是,银卡,1.0,-1.0,-1.0,-1.0,-1
1928,1.0,1.0,-1.0,-1.0,-1.0,-1.0,-1.0,-1.0,-1.0,-1.0,-1.0,-1.0,-1.0,1.0,13.0,7.0,4.0,否,4G,否,0.0,是,0.0,0.0,133.0,0.0,华为,SPN-AL00,21.0,133.0,21.0,53.0,0.000760335192848437,23118751.0,17578.0,否,二星,-1.0,-1.0,-1.0,-1.0,-1
1929,1.0,1.0,-1.0,-1.0,-1.0,1.0,-1.0,-1.0,1.0,-1.0,1.0,1.0,-1.0,1.0,56.0,25.0,2.0,否,5G,否,0.0,是,0.0,0.0,976.0,0.0,小米科技,M2102J2SC,256.0,976.0,216.0,1672.0,1.44995703447422e-05,13034869.0,189.0,是,银卡,1.0,-1.0,-1.0,-1.0,-1
1930,2.0,-1.0,-1.0,-1.0,-1.0,-1.0,-1.0,-1.0,-1.0,-1.0,-1.0,-1.0,-1.0,-1.0,2.0,5.0,2.0,否,4G,否,0.0,是,0.0,0.0,1242.0,0.0,华为,EVA-DL00,12.0,1242.0,12.0,984.0,0.0,453318.0,0.0,否,三星,-1.0,-1.0,-1.0,-1.0,-1
1931,2.0,-1.0,-1.0,-1.0,-1.0,-1.0,-1.0,-1.0,-1.0,-1.0,-1.0,-1.0,-1.0,-1.0,16.0,15.0,2.0,否,5G,否,0.0,是,0.0,0.0,185.0,0.0,小米科技,M2001G7AE,128.4,185.0,90.99,185.0,0.0,4708298.0,0.0,是,银卡,-1.0,-1.0,-1.0,-1.0,-1
1932,1.0,-1.0,1.0,-1.0,-1.0,1.0,1.0,1.0,1.0,1.0,1.0,1.0,-1.0,1.0,38.0,136.0,43.0,是,5G,否,0.0,是,0.0,0.0,1871.0,0.0,苹果,A2404,130.0,1871.0,130.0,1887.0,0.0,13639786.0,0.0,是,三星,-1.0,-1.0,-1.0,-1.0,-1
1933,1.0,1.0,-1.0,-1.0,-1.0,-1.0,-1.0,-1.0,1.0,-1.0,-1.0,1.0,-1.0,-1.0,114.0,32.0,0.0,否,4G,否,0.0,是,0.0,0.0,374.0,0.0,华为,JAD-AL00,74.0,374.0,76.0,480.0,2.9683521712383e-06,10780392.0,32.0,否,三星,-1.0,-1.0,-1.0,-1.0,-1
1934,2.0,-1.0,-1.0,-1.0,-1.0,-1.0,-1.0,-1.0,-1.0,-1.0,-1.0,-1.0,-1.0,-1.0,1.0,12.0,3.0,否,5G,否,0.0,是,0.0,0.0,189.0,0.0,苹果,A2412,5.0,189.0,0.0,221.0,7.32116447722885e-07,19122641.0,14.0,是,二星,-1.0,-1.0,-1.0,-1.0,-1
1935,2.0,-1.0,-1.0,-1.0,-1.0,-1.0,-1.0,-1.0,-1.0,-1.0,-1.0,-1.0,-1.0,-1.0,0.0,4.0,0.0,否,4G,否,0.0,是,0.0,0.0,143.0,0.0,苹果,iPhone 6S Plus A1687,100.0,143.0,78.0,156.0,0.0,54880830.0,0.0,否,三星,-1.0,-1.0,-1.0,-1.0,-1
1936,1.0,-1.0,-1.0,-1.0,-1.0,-1.0,-1.0,1.0,-1.0,-1.0,1.0,1.0,-1.0,1.0,7.0,27.0,7.0,否,4G,否,0.0,是,0.0,0.0,350.0,0.0,华为,RVL-AL09,103.0,350.0,103.0,368.0,0.0,8603809.0,0.0,否,银卡,-1.0,-1.0,-1.0,-1.0,-1
1937,2.0,-1.0,-1.0,-1.0,-1.0,-1.0,-1.0,-1.0,-1.0,-1.0,-1.0,-1.0,-1.0,-1.0,9.0,11.0,1.0,否,4G,否,0.0,是,0.0,0.128865979381443,194.0,25.0,苹果,A2104,59.1,194.0,59.0,145.0,0.27519394843857,9509744.0,2617024.0,否,三星,-1.0,-1.0,-1.0,-1.0,-1
1938,2.0,-1.0,-1.0,-1.0,-1.0,-1.0,-1.0,-1.0,-1.0,-1.0,-1.0,-1.0,-1.0,-1.0,28.0,8.0,1.0,否,4G,否,42.75,是,10.0,0.0,179.0,0.0,苹果,iPhone X A1865,48.0,179.0,71.69,177.0,2.2296747683556e-05,3722516.0,83.0,否,三星,-1.0,-1.0,-1.0,-1.0,-1
1939,1.0,-1.0,1.0,1.0,-1.0,-1.0,-1.0,1.0,-1.0,1.0,1.0,1.0,-1.0,1.0,6.0,42.0,6.0,否,5G,否,0.0,是,0.0,0.0,1305.0,0.0,苹果,A2639,300.0,1305.0,301.4,950.0,0.0,32553530.0,0.0,是,白金卡,-1.0,-1.0,-1.0,-1.0,-1
1940,2.0,-1.0,-1.0,-1.0,-1.0,-1.0,-1.0,-1.0,-1.0,-1.0,-1.0,-1.0,-1.0,-1.0,0.0,48.0,3.0,否,4G,否,0.0,是,0.0,0.0,432.0,0.0,华为,INE-AL00,58.2,432.0,116.37,365.0,0.0,1648217.0,0.0,否,三星,-1.0,-1.0,-1.0,-1.0,-1
1941,2.0,-1.0,-1.0,-1.0,-1.0,-1.0,-1.0,-1.0,-1.0,-1.0,-1.0,-1.0,-1.0,-1.0,16.0,8.0,7.0,否,4G,否,0.0,是,0.0,0.0,178.0,0.0,苹果,A2644,34.84,178.0,28.12,103.0,0.0,19141832.0,0.0,否,三星,-1.0,-1.0,-1.0,-1.0,-1
1942,2.0,-1.0,-1.0,-1.0,-1.0,-1.0,-1.0,-1.0,-1.0,-1.0,-1.0,-1.0,-1.0,-1.0,2.0,9.0,0.0,否,4G,是,0.0,是,0.0,0.0,138.0,0.0,华为,BLA-AL00,35.0,138.0,35.0,224.0,0.0,6838689.0,0.0,否,三星,-1.0,-1.0,-1.0,-1.0,-1
1943,2.0,-1.0,-1.0,-1.0,-1.0,-1.0,-1.0,-1.0,-1.0,-1.0,-1.0,-1.0,-1.0,-1.0,0.0,39.0,3.0,否,4G,否,0.0,是,0.0,0.0143307537976498,3489.0,50.0,苹果,A2223,202.24,3489.0,184.7,2149.0,0.371358807750834,11062654.0,4108214.0,否,银卡,-1.0,-1.0,-1.0,-1.0,-1
1944,2.0,-1.0,-1.0,-1.0,-1.0,-1.0,-1.0,-1.0,-1.0,-1.0,-1.0,-1.0,-1.0,-1.0,4.0,4.0,0.0,否,5G,否,0.0,是,0.0,0.0,323.0,0.0,小米科技,M2011K2C,227.0,323.0,227.0,445.0,0.0,43019410.0,0.0,是,金卡,-1.0,-1.0,-1.0,-1.0,-1
1945,2.0,-1.0,-1.0,-1.0,-1.0,-1.0,-1.0,-1.0,-1.0,-1.0,-1.0,-1.0,-1.0,-1.0,59.0,0.0,0.0,否,4G,否,0.0,是,0.0,0.0,237.0,0.0,小米科技,MDE2,64.0,237.0,57.2,218.0,0.0,43904062.0,0.0,否,三星,-1.0,-1.0,-1.0,-1.0,-1
1946,1.0,1.0,-1.0,-1.0,-1.0,-1.0,-1.0,1.0,1.0,-1.0,-1.0,1.0,-1.0,1.0,21.0,81.0,4.0,否,5G,否,0.0,是,0.0,0.0,565.0,0.0,苹果,A2412,244.0,565.0,244.6,703.0,0.0,3847548.0,0.0,是,金卡,-1.0,-1.0,-1.0,-1.0,-1
1947,1.0,1.0,1.0,-1.0,-1.0,-1.0,-1.0,1.0,1.0,1.0,1.0,-1.0,-1.0,1.0,13.0,1.0,0.0,否,5G,否,0.0,是,0.0,0.0,229.0,0.0,华为,ELS-AN00,140.0,229.0,140.0,161.0,0.0,11076818.0,0.0,是,银卡,-1.0,-1.0,-1.0,-1.0,-1
1948,1.0,1.0,1.0,-1.0,1.0,-1.0,-1.0,-1.0,-1.0,-1.0,1.0,1.0,-1.0,1.0,15.0,10.0,0.0,否,4G,是,0.0,是,0.0,0.0,170.0,0.0,苹果,A2298,21.75,170.0,18.6,128.0,0.0,19842002.0,0.0,否,二星,-1.0,-1.0,-1.0,-1.0,-1
1949,2.0,-1.0,-1.0,-1.0,-1.0,-1.0,-1.0,-1.0,-1.0,-1.0,-1.0,-1.0,-1.0,-1.0,1.0,1.0,0.0,否,4G,否,0.0,是,0.0,0.0,295.0,0.0,华为,ELS-AN00,80.66,295.0,78.0,262.0,0.0,58347973.0,0.0,否,三星,-1.0,-1.0,-1.0,-1.0,-1
1950,1.0,-1.0,-1.0,-1.0,1.0,1.0,-1.0,1.0,-1.0,-1.0,1.0,-1.0,-1.0,-1.0,12.0,12.0,4.0,否,5G,否,0.0,是,0.0,0.00392670157068063,764.0,3.0,华为,TET-AN00,149.95,764.0,173.08,1351.0,0.0903955302897185,9930845.0,897704.0,是,银卡,-1.0,-1.0,-1.0,-1.0,-1
1951,2.0,-1.0,-1.0,-1.0,-1.0,-1.0,-1.0,-1.0,-1.0,-1.0,-1.0,-1.0,-1.0,-1.0,5.0,22.0,0.0,否,4G,是,0.0,是,0.0,0.0,188.0,0.0,华为,HMA-AL00,11.0,188.0,10.0,193.0,0.0,5772704.0,0.0,否,一星,-1.0,-1.0,-1.0,-1.0,-1
1952,1.0,1.0,1.0,-1.0,-1.0,-1.0,-1.0,-1.0,-1.0,-1.0,1.0,-1.0,-1.0,-1.0,11.0,40.0,12.0,否,5G,否,0.0,是,0.0,0.0,465.0,0.0,苹果,A2408,168.1,465.0,176.1,503.0,0.0,66609183.0,0.0,是,银卡,-1.0,-1.0,-1.0,-1.0,-1
1953,1.0,1.0,1.0,-1.0,-1.0,1.0,-1.0,-1.0,1.0,-1.0,-1.0,-1.0,-1.0,-1.0,14.0,8.0,1.0,否,5G,否,0.0,是,0.0,0.0,352.0,0.0,苹果,A2412,21.36,352.0,0.0,0.0,0.0,15791278.0,0.0,是,未评级,-1.0,-1.0,-1.0,-1.0,-1
1954,1.0,-1.0,-1.0,-1.0,-1.0,-1.0,1.0,-1.0,-1.0,1.0,-1.0,-1.0,-1.0,1.0,4.0,38.0,1.0,否,4G,否,0.0,是,0.0,0.0,816.0,0.0,华为,BND-AL10,40.0,816.0,40.0,1043.0,0.0,2393653.0,0.0,否,三星,-1.0,-1.0,-1.0,-1.0,-1
1955,1.0,-1.0,-1.0,-1.0,-1.0,1.0,-1.0,-1.0,1.0,1.0,1.0,-1.0,-1.0,-1.0,20.0,1.0,0.0,否,5G,否,0.0,是,0.0,0.0,261.0,0.0,华为,TAS-AN00,9.0,261.0,8.0,184.0,0.0,1000756.0,0.0,是,二星,-1.0,-1.0,-1.0,-1.0,-1
1956,2.0,-1.0,-1.0,-1.0,-1.0,-1.0,-1.0,-1.0,-1.0,-1.0,-1.0,-1.0,-1.0,-1.0,0.0,15.0,8.0,否,4G,否,0.0,是,0.0,0.0,229.0,0.0,华为,YAL-AL00,118.0,229.0,120.0,192.0,0.0,2613012.0,0.0,否,银卡,-1.0,-1.0,-1.0,-1.0,-1
1957,2.0,-1.0,-1.0,-1.0,-1.0,-1.0,-1.0,-1.0,-1.0,-1.0,-1.0,-1.0,-1.0,-1.0,2.0,13.0,2.0,否,4G,否,0.0,是,0.0,0.0,510.0,0.0,华为,WKG-AN00,10.0,510.0,0.0,379.0,0.000386528162670493,6912821.0,2672.0,否,准星,-1.0,-1.0,-1.0,-1.0,-1
1958,1.0,1.0,1.0,-1.0,1.0,1.0,-1.0,1.0,1.0,1.0,1.0,1.0,1.0,1.0,2.0,51.0,0.0,否,4G,否,0.0,是,0.0,0.0,279.0,0.0,步步高,vivo X21,69.0,279.0,69.0,248.0,0.0,8155124.0,0.0,否,三星,-1.0,-1.0,-1.0,-1.0,-1
1959,2.0,-1.0,-1.0,-1.0,-1.0,-1.0,-1.0,-1.0,-1.0,-1.0,-1.0,-1.0,-1.0,-1.0,3.0,7.0,0.0,否,4G,否,0.0,是,0.0,0.0,284.0,0.0,苹果,A2104,22.5,284.0,20.6,210.0,0.0,26533535.0,0.0,否,三星,-1.0,-1.0,-1.0,-1.0,-1
1960,1.0,-1.0,-1.0,-1.0,-1.0,-1.0,-1.0,-1.0,1.0,1.0,1.0,1.0,1.0,-1.0,29.0,0.0,0.0,否,4G,否,0.0,是,0.0,0.105047748976808,733.0,77.0,苹果,iPhone 8 Plus A1864,1.3,733.0,0.0,64.0,0.238139022314588,44222282.0,10531051.0,否,银卡,1.0,-1.0,-1.0,-1.0,-1
1961,1.0,1.0,1.0,-1.0,-1.0,-1.0,-1.0,1.0,1.0,1.0,1.0,1.0,-1.0,1.0,36.0,12.0,1.0,否,5G,否,0.0,是,0.0,0.0,359.0,0.0,苹果,A2644,160.0,359.0,158.0,213.0,0.0,50792966.0,0.0,是,银卡,-1.0,-1.0,-1.0,-1.0,-1
1962,2.0,-1.0,-1.0,-1.0,-1.0,-1.0,-1.0,-1.0,-1.0,-1.0,-1.0,-1.0,-1.0,-1.0,0.0,5.0,0.0,否,4G,否,0.0,是,0.0,0.0,218.0,0.0,苹果,iPhone 8 Plus A1864,58.0,218.0,82.23,866.0,0.0,34664999.0,0.0,否,三星,-1.0,-1.0,-1.0,-1.0,-1
1963,1.0,1.0,-1.0,-1.0,-1.0,1.0,-1.0,-1.0,-1.0,-1.0,-1.0,1.0,-1.0,1.0,6.0,30.0,1.0,否,4G,否,0.0,是,0.0,0.0,371.0,0.0,苹果,A2223,49.6,371.0,75.0,526.0,0.0,129263.0,0.0,否,三星,-1.0,-1.0,-1.0,-1.0,-1
1964,2.0,-1.0,-1.0,-1.0,-1.0,-1.0,-1.0,-1.0,-1.0,-1.0,-1.0,-1.0,-1.0,-1.0,5.0,0.0,0.0,否,5G,否,0.0,是,0.0,0.0,172.0,0.0,华为,NOH-AN00,168.0,172.0,188.0,278.0,0.0,31746055.0,0.0,是,银卡,-1.0,-1.0,-1.0,-1.0,-1
1965,2.0,-1.0,-1.0,-1.0,-1.0,-1.0,-1.0,-1.0,-1.0,-1.0,-1.0,-1.0,-1.0,-1.0,80.0,5.0,0.0,否,5G,否,0.0,是,0.0,0.0,169.0,0.0,苹果,A2634,125.0,169.0,125.0,170.0,3.08456434360254e-06,20748473.0,64.0,是,银卡,-1.0,-1.0,-1.0,-1.0,-1
1966,2.0,-1.0,-1.0,-1.0,-1.0,-1.0,-1.0,-1.0,-1.0,-1.0,-1.0,-1.0,-1.0,-1.0,6.0,55.0,4.0,否,4G,否,0.0,是,0.0,0.0,747.0,0.0,苹果,iPhone 6S Plus A1687,90.0,747.0,90.0,432.0,0.0,22230075.0,0.0,否,三星,-1.0,-1.0,-1.0,-1.0,-1
1967,1.0,-1.0,-1.0,-1.0,-1.0,-1.0,-1.0,-1.0,-1.0,1.0,-1.0,-1.0,-1.0,1.0,18.0,8.0,0.0,否,4G,否,0.0,是,0.0,0.0,386.0,0.0,华为,BLA-L09,69.0,386.0,69.0,654.0,0.0,74397113.0,0.0,否,三星,1.0,-1.0,-1.0,-1.0,-1
1968,2.0,-1.0,-1.0,-1.0,-1.0,-1.0,-1.0,-1.0,-1.0,-1.0,-1.0,-1.0,-1.0,-1.0,0.0,14.0,1.0,否,4G,否,0.0,是,0.0,0.0,531.0,0.0,华为,ELE-AL00,156.39,531.0,143.74,478.0,0.0,30616992.0,0.0,否,银卡,-1.0,-1.0,-1.0,-1.0,-1
1969,1.0,1.0,1.0,-1.0,-1.0,1.0,-1.0,-1.0,1.0,1.0,1.0,1.0,1.0,1.0,6.0,2.0,3.0,否,5G,否,0.0,是,0.0,0.0,176.0,0.0,苹果,A2644,110.0,176.0,101.3,2415.0,0.0,24169338.0,0.0,是,银卡,-1.0,-1.0,-1.0,-1.0,-1
1970,1.0,-1.0,1.0,-1.0,-1.0,-1.0,-1.0,-1.0,-1.0,-1.0,-1.0,1.0,-1.0,-1.0,8.0,7.0,0.0,否,4G,否,0.0,是,0.0,0.0,305.0,0.0,苹果,iPhone 8 Plus A1864,23.0,305.0,23.0,294.0,0.0,6170048.0,0.0,否,三星,-1.0,-1.0,-1.0,-1.0,-1
1971,2.0,-1.0,-1.0,-1.0,-1.0,-1.0,-1.0,-1.0,-1.0,-1.0,-1.0,-1.0,-1.0,-1.0,0.0,17.0,0.0,否,5G,是,0.0,是,0.0,0.0,143.0,0.0,苹果,A2639,65.0,143.0,65.0,135.0,0.0,1629274.0,0.0,是,三星,-1.0,-1.0,-1.0,-1.0,-1
1972,2.0,-1.0,-1.0,-1.0,-1.0,-1.0,-1.0,-1.0,-1.0,-1.0,-1.0,-1.0,-1.0,-1.0,4.0,18.0,0.0,否,4G,否,0.0,是,0.0,0.0333889816360601,599.0,20.0,小米科技,M1803E1A,93.73,599.0,55.54,416.0,0.0115557212018589,14274055.0,164947.0,否,二星,-1.0,-1.0,-1.0,-1.0,-1
1973,2.0,-1.0,-1.0,-1.0,-1.0,-1.0,-1.0,-1.0,-1.0,-1.0,-1.0,-1.0,-1.0,-1.0,9.0,4.0,1.0,否,5G,否,0.0,是,0.0,0.0,152.0,0.0,苹果,A2408,49.0,152.0,49.3,127.0,0.0,28589729.0,0.0,是,三星,-1.0,-1.0,-1.0,-1.0,-1
1974,1.0,-1.0,-1.0,1.0,-1.0,-1.0,-1.0,-1.0,1.0,-1.0,-1.0,-1.0,-1.0,-1.0,48.0,56.0,20.0,否,4G,否,0.0,是,0.0,0.0,1018.0,0.0,华为,VOG-AL10,58.0,1018.0,58.0,1003.0,0.0,23252815.0,0.0,否,三星,-1.0,-1.0,-1.0,-1.0,-1
1975,1.0,1.0,1.0,-1.0,1.0,-1.0,-1.0,-1.0,1.0,1.0,1.0,1.0,-1.0,1.0,0.0,5.0,3.0,否,5G,否,0.0,是,0.0,0.0,1349.0,0.0,苹果,A2644,143.0,1349.0,143.0,1005.0,0.0,64010506.0,0.0,是,银卡,-1.0,-1.0,-1.0,-1.0,-1
1976,2.0,-1.0,-1.0,-1.0,-1.0,-1.0,-1.0,-1.0,-1.0,-1.0,-1.0,-1.0,-1.0,-1.0,21.0,42.0,5.0,否,4G,否,0.0,是,0.0,0.0,1918.0,0.0,华为,COR-AL10,58.3,1918.0,58.15,1648.0,0.0,18626609.0,0.0,否,三星,-1.0,-1.0,-1.0,-1.0,-1
1977,2.0,-1.0,-1.0,-1.0,-1.0,-1.0,-1.0,-1.0,-1.0,-1.0,-1.0,-1.0,-1.0,-1.0,4.0,0.0,0.0,否,4G,否,0.0,是,0.0,0.0,784.0,0.0,华为,VOG-AL10,104.3,784.0,104.3,580.0,0.0,16594790.0,0.0,否,三星,-1.0,-1.0,-1.0,-1.0,-1
1978,1.0,-1.0,-1.0,-1.0,-1.0,1.0,-1.0,-1.0,1.0,-1.0,-1.0,1.0,-1.0,1.0,8.0,13.0,0.0,否,5G,否,0.0,是,0.0,0.0,473.0,0.0,苹果,A2634,61.0,473.0,61.0,413.0,0.0,60928967.0,0.0,是,三星,-1.0,-1.0,-1.0,-1.0,-1
1979,1.0,-1.0,1.0,-1.0,-1.0,-1.0,-1.0,-1.0,-1.0,-1.0,-1.0,1.0,-1.0,-1.0,3.0,15.0,1.0,否,4G,否,0.0,是,0.0,0.0,451.0,0.0,华为,CDY-AN00,115.48,451.0,114.89,474.0,0.0,5829600.0,0.0,否,三星,1.0,-1.0,-1.0,-1.0,-1
1980,1.0,-1.0,1.0,-1.0,-1.0,1.0,-1.0,1.0,1.0,-1.0,1.0,1.0,-1.0,1.0,37.0,24.0,3.0,否,4G,否,0.0,是,0.0,0.0,694.0,0.0,苹果,iPhone X A1865,205.0,694.0,205.0,860.0,0.0,28822227.0,0.0,否,银卡,-1.0,-1.0,-1.0,-1.0,-1
1981,2.0,-1.0,-1.0,-1.0,-1.0,-1.0,-1.0,-1.0,-1.0,-1.0,-1.0,-1.0,-1.0,-1.0,2.0,15.0,0.0,否,4G,否,0.0,是,0.0,0.0,180.0,0.0,苹果,iPhone 7Plus A1661,10.8,180.0,10.0,151.0,0.0,5579746.0,0.0,否,三星,-1.0,-1.0,-1.0,-1.0,-1
1982,2.0,-1.0,-1.0,-1.0,-1.0,-1.0,-1.0,-1.0,-1.0,-1.0,-1.0,-1.0,-1.0,-1.0,6.0,0.0,0.0,否,5G,否,0.0,是,0.0,0.165505226480836,1722.0,285.0,华为,EBG-AN00,110.1,1722.0,110.79,1556.0,0.299911319324288,55486722.0,16641096.0,是,银卡,-1.0,-1.0,-1.0,-1.0,-1
1983,2.0,-1.0,-1.0,-1.0,-1.0,-1.0,-1.0,-1.0,-1.0,-1.0,-1.0,-1.0,-1.0,-1.0,5.0,1.0,0.0,否,5G,否,0.0,是,0.0,0.0,295.0,0.0,华为,EBG-AN00,21.0,295.0,22.0,573.0,0.0,13781484.0,0.0,是,三星,-1.0,-1.0,-1.0,-1.0,-1
1984,1.0,-1.0,1.0,-1.0,-1.0,-1.0,-1.0,-1.0,1.0,1.0,-1.0,-1.0,1.0,-1.0,4.0,0.0,0.0,否,5G,否,0.0,是,0.0,0.0,162.0,0.0,华为,TNA-AN00,21.0,162.0,21.0,158.0,0.0,31015817.0,0.0,是,二星,-1.0,-1.0,-1.0,-1.0,-1
1985,2.0,-1.0,-1.0,-1.0,-1.0,-1.0,-1.0,-1.0,-1.0,-1.0,-1.0,-1.0,-1.0,-1.0,67.0,7.0,1.0,否,4G,否,0.0,是,0.0,0.0,281.0,0.0,欧珀,PBCM10,121.0,281.0,121.0,222.0,0.0,1845107.0,0.0,否,银卡,-1.0,-1.0,-1.0,-1.0,-1
1986,1.0,-1.0,-1.0,-1.0,1.0,-1.0,-1.0,-1.0,-1.0,-1.0,-1.0,1.0,-1.0,-1.0,6.0,20.0,0.0,否,4G,否,0.0,是,0.0,0.0,606.0,0.0,华为,EBG-AN00,65.54,606.0,41.4,339.0,0.0,8547119.0,0.0,否,三星,-1.0,-1.0,-1.0,-1.0,-1
1987,2.0,-1.0,-1.0,-1.0,-1.0,-1.0,-1.0,-1.0,-1.0,-1.0,-1.0,-1.0,-1.0,-1.0,2.0,2.0,0.0,否,5G,否,0.0,是,0.0,0.0,227.0,0.0,小米科技,M2001J2C,49.0,227.0,49.0,200.0,0.0,22767461.0,0.0,是,三星,-1.0,-1.0,-1.0,-1.0,-1
1988,2.0,-1.0,-1.0,-1.0,-1.0,-1.0,-1.0,-1.0,-1.0,-1.0,-1.0,-1.0,-1.0,-1.0,3.0,0.0,0.0,否,4G,否,0.0,是,0.0,0.0,136.0,0.0,步步高,V1813BT,49.0,136.0,49.0,83.0,0.0,360801.0,0.0,否,二星,-1.0,-1.0,-1.0,-1.0,-1
1989,2.0,-1.0,-1.0,-1.0,-1.0,-1.0,-1.0,-1.0,-1.0,-1.0,-1.0,-1.0,-1.0,-1.0,0.0,0.0,0.0,否,4G,否,0.0,是,0.0,0.0,353.0,0.0,小米科技,HMNote8ProM1906G7E,53.46,353.0,15.62,301.0,0.000290220034853214,20887600.0,6062.0,否,二星,-1.0,-1.0,-1.0,-1.0,-1
1990,1.0,1.0,-1.0,-1.0,-1.0,-1.0,1.0,-1.0,1.0,-1.0,-1.0,-1.0,-1.0,-1.0,0.0,12.0,1.0,否,4G,否,0.0,是,0.0,0.0,300.0,0.0,苹果,A2404,68.0,300.0,68.0,385.0,0.0,115190.0,0.0,否,三星,-1.0,-1.0,-1.0,-1.0,-1
1991,1.0,-1.0,-1.0,-1.0,1.0,1.0,-1.0,-1.0,-1.0,-1.0,1.0,1.0,-1.0,1.0,28.0,1.0,0.0,否,5G,否,0.0,是,0.0,0.0,132.0,0.0,华为,LIO-AN00m,25.0,132.0,40.0,134.0,0.0,6637731.0,0.0,是,二星,-1.0,-1.0,-1.0,1.0,-1
1992,1.0,-1.0,-1.0,-1.0,-1.0,1.0,-1.0,1.0,-1.0,-1.0,1.0,1.0,-1.0,1.0,9.0,24.0,0.0,否,4G,否,0.0,是,0.0,0.0,429.0,0.0,苹果,A2644,35.1,429.0,35.2,324.0,0.0,13764519.0,0.0,否,二星,-1.0,-1.0,-1.0,-1.0,-1
1993,2.0,-1.0,-1.0,-1.0,-1.0,-1.0,-1.0,-1.0,-1.0,-1.0,-1.0,-1.0,-1.0,-1.0,0.0,6.0,0.0,否,4G,否,0.0,是,0.0,0.0,201.0,0.0,华为,LYA-AL00,169.0,201.0,169.0,284.0,0.0,4090440.0,0.0,否,银卡,-1.0,-1.0,-1.0,-1.0,-1
1994,2.0,-1.0,-1.0,-1.0,-1.0,-1.0,-1.0,-1.0,-1.0,-1.0,-1.0,-1.0,-1.0,-1.0,16.0,57.0,4.0,否,4G,否,0.0,是,0.0,0.0,1117.0,0.0,苹果,iPhone 7 A1660,125.7,1117.0,127.4,1324.0,0.0,19637183.0,0.0,否,三星,-1.0,-1.0,-1.0,-1.0,-1
1995,2.0,-1.0,-1.0,-1.0,-1.0,-1.0,-1.0,-1.0,-1.0,-1.0,-1.0,-1.0,-1.0,-1.0,25.0,16.0,0.0,否,4G,否,0.0,是,0.0,0.0,209.0,0.0,华为,NOH-AL10,90.0,209.0,90.0,130.0,0.0,40325159.0,0.0,否,三星,-1.0,-1.0,-1.0,-1.0,-1
1996,2.0,-1.0,-1.0,-1.0,-1.0,-1.0,-1.0,-1.0,-1.0,-1.0,-1.0,-1.0,-1.0,-1.0,3.0,7.0,0.0,否,4G,否,0.0,是,0.0,0.0,225.0,0.0,苹果,A2298,48.0,225.0,49.0,260.0,0.0,17076441.0,0.0,否,三星,-1.0,-1.0,-1.0,-1.0,-1
1997,1.0,-1.0,-1.0,-1.0,-1.0,1.0,-1.0,-1.0,-1.0,1.0,-1.0,-1.0,-1.0,-1.0,12.0,11.0,1.0,否,4G,否,0.0,是,0.0,0.0,293.0,0.0,华为,JSN-AL00,90.0,293.0,110.78,196.0,3.72119911920417e-06,16661296.0,62.0,否,银卡,-1.0,-1.0,-1.0,-1.0,-1
1998,2.0,-1.0,-1.0,-1.0,-1.0,-1.0,-1.0,-1.0,-1.0,-1.0,-1.0,-1.0,-1.0,-1.0,2.0,16.0,3.0,否,4G,否,0.0,是,0.0,0.0,252.0,0.0,苹果,A2104,111.0,252.0,111.0,241.0,0.0,41070101.0,0.0,否,银卡,-1.0,-1.0,-1.0,-1.0,-1
1999,2.0,-1.0,-1.0,-1.0,-1.0,-1.0,-1.0,-1.0,-1.0,-1.0,-1.0,-1.0,-1.0,-1.0,0.0,0.0,0.0,否,5G,否,0.0,是,0.0,0.0,279.0,0.0,小米科技,M2001J2C,20.0,279.0,20.0,232.0,0.0,4862057.0,0.0,是,三星,-1.0,-1.0,-1.0,-1.0,-1
2000,2.0,-1.0,-1.0,-1.0,-1.0,-1.0,-1.0,-1.0,-1.0,-1.0,-1.0,-1.0,-1.0,-1.0,0.0,1.0,1.0,否,5G,否,0.0,是,0.0,0.0,227.0,0.0,步步高,V2054A,231.9,227.0,171.15,350.0,0.0,28121024.0,0.0,是,银卡,-1.0,-1.0,-1.0,-1.0,-1
2001,2.0,-1.0,-1.0,-1.0,-1.0,-1.0,-1.0,-1.0,-1.0,-1.0,-1.0,-1.0,-1.0,-1.0,16.0,5.0,1.0,否,4G,否,0.0,是,0.0,0.0,225.0,0.0,苹果,A2298,56.08,225.0,47.76,139.0,0.0,21773280.0,0.0,否,三星,-1.0,-1.0,-1.0,-1.0,-1
2002,2.0,-1.0,-1.0,-1.0,-1.0,-1.0,-1.0,-1.0,-1.0,-1.0,-1.0,-1.0,-1.0,-1.0,5.0,0.0,0.0,否,4G,否,0.0,是,0.0,0.0,144.0,0.0,华为,ALP-AL00,90.0,144.0,79.0,75.0,0.0,19247364.0,0.0,否,银卡,-1.0,-1.0,-1.0,-1.0,-1
2003,2.0,-1.0,-1.0,-1.0,-1.0,-1.0,-1.0,-1.0,-1.0,-1.0,-1.0,-1.0,-1.0,-1.0,149.0,96.0,5.0,否,4G,否,0.0,是,0.0,0.136069114470842,926.0,126.0,华为,JEF-AN20,80.0,926.0,90.0,1099.0,0.127229429360045,14005714.0,1781939.0,否,三星,-1.0,-1.0,-1.0,-1.0,-1
2004,2.0,-1.0,-1.0,-1.0,-1.0,-1.0,-1.0,-1.0,-1.0,-1.0,-1.0,-1.0,-1.0,-1.0,13.0,51.0,1.0,否,4G,否,0.0,是,0.0,0.0,1108.0,0.0,华为,JER-AN20,48.15,1108.0,51.1,719.0,0.0,5723453.0,0.0,否,三星,-1.0,-1.0,-1.0,-1.0,-1
2005,2.0,-1.0,-1.0,-1.0,-1.0,-1.0,-1.0,-1.0,-1.0,-1.0,-1.0,-1.0,-1.0,-1.0,3.0,3.0,0.0,否,5G,否,0.0,是,0.0,0.0,258.0,0.0,华为,TAS-AN00,230.0,258.0,130.0,170.0,0.0,5223123.0,0.0,是,三星,-1.0,-1.0,-1.0,-1.0,-1
2006,2.0,-1.0,-1.0,-1.0,-1.0,-1.0,-1.0,-1.0,-1.0,-1.0,-1.0,-1.0,-1.0,-1.0,10.0,6.0,2.0,否,4G,否,0.0,是,0.0,0.0,204.0,0.0,步步高,V1911A,34.0,204.0,25.0,333.0,0.0,7166846.0,0.0,否,三星,-1.0,-1.0,-1.0,-1.0,-1
2007,1.0,1.0,-1.0,-1.0,-1.0,1.0,-1.0,-1.0,1.0,1.0,1.0,1.0,1.0,-1.0,1.0,0.0,3.0,否,5G,否,0.0,是,0.0,0.0,205.0,0.0,苹果,A2404,20.8,205.0,20.3,408.0,0.0,9717067.0,0.0,是,三星,-1.0,-1.0,-1.0,-1.0,-1
2008,1.0,1.0,1.0,-1.0,1.0,1.0,-1.0,1.0,1.0,-1.0,-1.0,1.0,-1.0,-1.0,6.0,42.0,2.0,否,4G,否,0.0,是,0.0,0.0,1024.0,0.0,欧珀,PBEM00,80.0,1024.0,80.0,997.0,0.0,23283805.0,0.0,否,三星,-1.0,-1.0,-1.0,-1.0,-1
2009,1.0,1.0,-1.0,-1.0,-1.0,-1.0,-1.0,-1.0,1.0,1.0,-1.0,-1.0,-1.0,-1.0,34.0,18.0,1.0,否,5G,否,0.0,是,0.0,0.0,520.0,0.0,华为,NOH-AN00,111.1,520.0,111.0,422.0,0.00022119823413578,26654824.0,5896.0,是,银卡,-1.0,-1.0,-1.0,-1.0,-1
2010,1.0,1.0,-1.0,-1.0,1.0,1.0,1.0,-1.0,1.0,1.0,-1.0,-1.0,-1.0,-1.0,5.0,15.0,1.0,否,4G,是,0.0,是,0.0,0.0,277.0,0.0,华为,JEF-AN20,38.2,277.0,74.48,196.0,0.0,84911.0,0.0,否,三星,-1.0,-1.0,-1.0,-1.0,-1
2011,1.0,-1.0,1.0,-1.0,-1.0,-1.0,-1.0,-1.0,-1.0,1.0,1.0,1.0,1.0,1.0,1.0,0.0,0.0,否,4G,否,0.3,是,0.58,0.0,543.0,0.0,小米科技,M2102J2SC,23.58,543.0,23.0,638.0,0.0,5682.0,0.0,否,三星,-1.0,-1.0,-1.0,-1.0,-1
2012,2.0,-1.0,-1.0,-1.0,-1.0,-1.0,-1.0,-1.0,-1.0,-1.0,-1.0,-1.0,-1.0,-1.0,32.0,35.0,2.0,否,4G,否,0.0,是,0.0,0.0,323.0,0.0,步步高,V1813BT,46.2,323.0,44.0,332.0,0.0,24093199.0,0.0,否,三星,-1.0,-1.0,-1.0,-1.0,-1
2013,1.0,-1.0,-1.0,-1.0,-1.0,-1.0,1.0,-1.0,1.0,-1.0,-1.0,1.0,-1.0,-1.0,61.0,8.0,1.0,否,4G,否,0.0,是,0.0,0.0,199.0,0.0,华为,KOZ-AL00,304.0,199.0,304.0,163.0,0.0,70966677.0,0.0,否,白金卡,-1.0,-1.0,-1.0,-1.0,-1
2014,2.0,-1.0,-1.0,-1.0,-1.0,-1.0,-1.0,-1.0,-1.0,-1.0,-1.0,-1.0,-1.0,-1.0,0.0,2.0,1.0,否,4G,否,204.25,是,51.74,0.0,224.0,0.0,苹果,iPhone 8 Plus A1864,113.74,224.0,148.74,621.0,0.0,1363044.0,0.0,否,银卡,-1.0,-1.0,-1.0,-1.0,-1
2015,2.0,-1.0,-1.0,-1.0,-1.0,-1.0,-1.0,-1.0,-1.0,-1.0,-1.0,-1.0,-1.0,-1.0,6.0,7.0,4.0,否,5G,否,0.0,是,0.0,0.130817610062893,795.0,104.0,华为,OCE-AN10,253.0,795.0,340.95,1098.0,0.117857657888701,63706221.0,7508266.0,是,金卡,-1.0,-1.0,-1.0,-1.0,-1
2016,1.0,1.0,-1.0,-1.0,-1.0,-1.0,-1.0,1.0,1.0,1.0,-1.0,-1.0,-1.0,1.0,2.0,9.0,0.0,否,4G,否,0.0,是,0.0,0.0,203.0,0.0,华为,HMA-AL00,58.0,203.0,58.0,128.0,0.0,1812852.0,0.0,否,三星,-1.0,-1.0,-1.0,-1.0,-1
2017,2.0,-1.0,-1.0,-1.0,-1.0,-1.0,-1.0,-1.0,-1.0,-1.0,-1.0,-1.0,-1.0,-1.0,4.0,14.0,1.0,否,5G,否,0.0,是,0.0,0.054140127388535,314.0,17.0,苹果,A2412,139.0,314.0,139.0,96.0,0.225838997863805,6820071.0,1540238.0,是,银卡,-1.0,-1.0,-1.0,-1.0,-1
2018,1.0,1.0,-1.0,-1.0,-1.0,1.0,-1.0,-1.0,1.0,-1.0,-1.0,1.0,-1.0,-1.0,35.0,19.0,1.0,否,4G,否,0.0,是,0.0,0.0,262.0,0.0,苹果,iPhone 7Plus A1661,79.05,262.0,98.0,132.0,0.0,39384289.0,0.0,否,三星,-1.0,-1.0,-1.0,-1.0,-1
2019,2.0,-1.0,-1.0,-1.0,-1.0,-1.0,-1.0,-1.0,-1.0,-1.0,-1.0,-1.0,-1.0,-1.0,71.0,16.0,1.0,否,4G,否,0.0,是,0.0,0.0,351.0,0.0,华为,ELE-AL00,73.0,351.0,73.0,295.0,0.0,6864962.0,0.0,否,三星,-1.0,-1.0,-1.0,-1.0,-1
2020,1.0,1.0,1.0,-1.0,1.0,-1.0,1.0,-1.0,-1.0,-1.0,-1.0,1.0,-1.0,1.0,0.0,6.0,0.0,否,4G,否,0.0,是,0.0,0.0,164.0,0.0,华为,TAS-AL00,45.6,164.0,46.92,38.0,0.0,34569600.0,0.0,否,三星,-1.0,-1.0,-1.0,-1.0,-1
2021,1.0,1.0,-1.0,-1.0,-1.0,1.0,1.0,1.0,1.0,1.0,1.0,1.0,-1.0,1.0,16.0,14.0,1.0,否,4G,否,0.0,是,0.0,0.0,485.0,0.0,华为,PCT-AL10,90.14,485.0,92.04,444.0,0.0,12297054.0,0.0,否,三星,-1.0,-1.0,-1.0,-1.0,-1
2022,2.0,-1.0,-1.0,-1.0,-1.0,-1.0,-1.0,-1.0,-1.0,-1.0,-1.0,-1.0,-1.0,-1.0,1.0,3.0,1.0,否,5G,否,407.56,是,29.28,0.0,1340.0,0.0,欧珀,PFJM10,39.28,1340.0,70.6,1517.0,0.0,11011673.0,0.0,是,三星,-1.0,-1.0,-1.0,-1.0,-1
2023,1.0,1.0,1.0,-1.0,-1.0,-1.0,-1.0,-1.0,-1.0,1.0,1.0,1.0,-1.0,1.0,8.0,15.0,0.0,否,4G,否,0.0,是,0.0,0.0,717.0,0.0,苹果,iPhone X A1865,598.0,717.0,598.0,499.0,0.0,10195096.0,0.0,否,钻石卡,-1.0,-1.0,-1.0,-1.0,-1
2024,1.0,1.0,-1.0,-1.0,-1.0,-1.0,-1.0,-1.0,1.0,-1.0,-1.0,-1.0,-1.0,-1.0,1.0,14.0,0.0,否,4G,否,0.0,是,0.0,0.0,239.0,0.0,苹果,A2108,59.0,239.0,49.0,169.0,0.0,5970468.0,0.0,否,三星,-1.0,-1.0,-1.0,-1.0,-1
2025,1.0,1.0,-1.0,-1.0,-1.0,-1.0,-1.0,-1.0,-1.0,1.0,-1.0,-1.0,-1.0,-1.0,0.0,6.0,0.0,否,4G,否,0.0,是,0.0,0.0,336.0,0.0,华为,EML-AL00,10.0,336.0,10.0,237.0,0.0,146209.0,0.0,否,三星,-1.0,-1.0,-1.0,-1.0,-1
2026,2.0,-1.0,-1.0,-1.0,-1.0,-1.0,-1.0,-1.0,-1.0,-1.0,-1.0,-1.0,-1.0,-1.0,1.0,4.0,0.0,否,5G,否,0.0,是,0.0,0.0,161.0,0.0,欧珀,PEQM00,80.0,161.0,80.0,93.0,0.0,2261627.0,0.0,是,三星,-1.0,-1.0,-1.0,-1.0,-1
2027,1.0,-1.0,1.0,-1.0,-1.0,-1.0,-1.0,-1.0,1.0,-1.0,-1.0,-1.0,-1.0,-1.0,0.0,20.0,1.0,否,4G,否,0.0,是,0.0,0.0,407.0,0.0,苹果,A2639,66.0,407.0,66.0,381.0,0.0,13436531.0,0.0,否,三星,-1.0,-1.0,-1.0,-1.0,-1
2028,2.0,-1.0,-1.0,-1.0,-1.0,-1.0,-1.0,-1.0,-1.0,-1.0,-1.0,-1.0,-1.0,-1.0,2.0,7.0,11.0,否,5G,否,0.0,是,0.0,0.0,1171.0,0.0,华为,TAS-AN00,76.1,1171.0,76.2,1313.0,0.0,37971764.0,0.0,是,三星,-1.0,-1.0,-1.0,-1.0,-1
2029,2.0,-1.0,-1.0,-1.0,-1.0,-1.0,-1.0,-1.0,-1.0,-1.0,-1.0,-1.0,-1.0,-1.0,34.0,42.0,4.0,否,5G,否,0.0,是,0.0,0.0,214.0,0.0,苹果,A2644,174.2,214.0,127.1,398.0,7.03439972058968e-05,25233141.0,1775.0,是,银卡,-1.0,-1.0,-1.0,-1.0,-1
2030,1.0,1.0,1.0,-1.0,-1.0,1.0,1.0,1.0,1.0,-1.0,-1.0,1.0,-1.0,-1.0,46.0,20.0,2.0,否,4G,否,0.0,是,0.0,0.0,217.0,0.0,小米科技,M1810E5A,97.4,217.0,112.0,150.0,0.0,15205138.0,0.0,否,三星,-1.0,-1.0,-1.0,-1.0,-1
2031,1.0,1.0,-1.0,-1.0,-1.0,1.0,1.0,-1.0,-1.0,-1.0,1.0,1.0,1.0,1.0,9.0,50.0,3.0,否,4G,否,0.0,是,0.0,0.0,941.0,0.0,华为,LIO-TL00,51.0,941.0,51.0,579.0,0.0,92105953.0,0.0,否,二星,-1.0,-1.0,-1.0,-1.0,-1
2032,2.0,-1.0,-1.0,-1.0,-1.0,-1.0,-1.0,-1.0,-1.0,-1.0,-1.0,-1.0,-1.0,-1.0,25.0,4.0,5.0,否,4G,否,0.0,是,0.0,0.0,422.0,0.0,华为,NZA-AL00,59.0,422.0,80.0,11.0,0.00172078797880748,43184867.0,74312.0,否,一星,-1.0,-1.0,-1.0,-1.0,-1
2033,1.0,1.0,1.0,1.0,1.0,1.0,1.0,1.0,-1.0,-1.0,1.0,1.0,-1.0,1.0,10.0,1.0,8.0,否,5G,否,0.0,是,0.0,0.0,2033.0,0.0,苹果,A2404,136.3,2033.0,193.9,3277.0,0.0,31523880.0,0.0,是,二星,1.0,-1.0,-1.0,-1.0,1
2034,2.0,-1.0,-1.0,-1.0,-1.0,-1.0,-1.0,-1.0,-1.0,-1.0,-1.0,-1.0,-1.0,-1.0,1.0,2.0,0.0,否,4G,否,0.0,是,0.0,0.0,158.0,0.0,欧珀,PCAM00,35.1,158.0,35.0,104.0,0.0,21380158.0,0.0,否,三星,-1.0,-1.0,-1.0,-1.0,-1
2035,2.0,-1.0,-1.0,-1.0,-1.0,-1.0,-1.0,-1.0,-1.0,-1.0,-1.0,-1.0,-1.0,-1.0,1.0,15.0,1.0,否,5G,否,0.0,是,0.0,0.0,354.0,0.0,苹果,A2404,138.19,354.0,138.0,274.0,0.0,45048815.0,0.0,是,银卡,-1.0,-1.0,-1.0,-1.0,-1
2036,1.0,-1.0,-1.0,-1.0,-1.0,1.0,-1.0,-1.0,-1.0,-1.0,1.0,-1.0,-1.0,-1.0,8.0,52.0,1.0,否,4G,是,0.0,是,0.0,0.141552511415525,438.0,62.0,小米科技,M2001J2C,150.0,438.0,148.0,283.0,0.633038402806775,3309706.0,2095171.0,否,银卡,-1.0,-1.0,-1.0,-1.0,-1
2037,2.0,-1.0,-1.0,-1.0,-1.0,-1.0,-1.0,-1.0,-1.0,-1.0,-1.0,-1.0,-1.0,-1.0,1.0,15.0,0.0,否,4G,否,957.45,是,122.0,0.0,374.0,0.0,欧珀,PBAT00,157.8,374.0,163.4,248.0,0.0,160705941.0,0.0,否,二星,-1.0,-1.0,-1.0,-1.0,-1
2038,1.0,1.0,1.0,-1.0,-1.0,-1.0,-1.0,-1.0,1.0,1.0,1.0,1.0,-1.0,1.0,1.0,1.0,1.0,否,4G,否,0.0,是,0.0,0.0,331.0,0.0,华为,TAS-AN00,8.0,331.0,38.0,303.0,0.0,1788447.0,0.0,否,三星,-1.0,-1.0,-1.0,-1.0,-1
2039,1.0,1.0,-1.0,-1.0,-1.0,-1.0,-1.0,-1.0,1.0,-1.0,1.0,-1.0,-1.0,-1.0,28.0,20.0,0.0,否,5G,否,0.0,是,0.0,0.0015015015015015,666.0,1.0,苹果,A2412,42.0,666.0,42.0,436.0,0.0,29841438.0,0.0,是,三星,-1.0,-1.0,-1.0,-1.0,-1
2040,1.0,1.0,1.0,1.0,1.0,1.0,1.0,1.0,1.0,1.0,1.0,1.0,-1.0,1.0,15.0,17.0,1.0,是,4G,否,0.0,是,0.0,0.0,228.0,0.0,苹果,A2634,90.0,228.0,90.0,170.0,0.0,34334699.0,0.0,否,银卡,-1.0,-1.0,-1.0,-1.0,-1
2041,2.0,-1.0,-1.0,-1.0,-1.0,-1.0,-1.0,-1.0,-1.0,-1.0,-1.0,-1.0,-1.0,-1.0,23.0,0.0,0.0,否,4G,否,0.0,是,0.0,0.0,144.0,0.0,华为,PAR-AL00,15.0,144.0,15.0,120.0,0.0,424.0,0.0,否,三星,-1.0,-1.0,-1.0,-1.0,-1
2042,2.0,-1.0,-1.0,-1.0,-1.0,-1.0,-1.0,-1.0,-1.0,-1.0,-1.0,-1.0,-1.0,-1.0,16.0,2.0,0.0,否,5G,否,0.0,是,0.0,0.0,463.0,0.0,小米科技,M2001J2E,45.0,463.0,45.0,171.0,0.0,18492276.0,0.0,是,二星,-1.0,-1.0,-1.0,-1.0,-1
2043,1.0,1.0,-1.0,-1.0,-1.0,-1.0,1.0,-1.0,1.0,-1.0,1.0,1.0,-1.0,1.0,5.0,11.0,16.0,否,5G,否,0.0,是,0.0,0.0,483.0,0.0,华为,HJC-AN90,240.1,483.0,110.12,548.0,0.0,39772943.0,0.0,是,三星,-1.0,-1.0,-1.0,-1.0,-1
2044,2.0,-1.0,-1.0,-1.0,-1.0,-1.0,-1.0,-1.0,-1.0,-1.0,-1.0,-1.0,-1.0,-1.0,13.0,9.0,5.0,否,4G,是,0.0,是,0.0,0.0,601.0,0.0,苹果,A2223,130.0,601.0,130.0,264.0,0.0,12391504.0,0.0,否,银卡,-1.0,-1.0,-1.0,-1.0,-1
2045,1.0,1.0,-1.0,-1.0,-1.0,-1.0,-1.0,-1.0,1.0,-1.0,-1.0,-1.0,-1.0,-1.0,54.0,8.0,0.0,否,4G,否,0.0,是,0.0,0.00495049504950495,202.0,1.0,华为,VOG-AL00,140.0,202.0,139.0,209.0,0.0314563741092305,10096046.0,317585.0,否,银卡,-1.0,-1.0,-1.0,-1.0,-1
2046,1.0,-1.0,-1.0,-1.0,-1.0,-1.0,1.0,-1.0,1.0,-1.0,-1.0,-1.0,-1.0,1.0,3.0,0.0,0.0,否,5G,否,0.0,是,0.0,0.0,147.0,0.0,华为,EBG-AN00,28.0,147.0,28.0,142.0,0.0,4051521.0,0.0,是,三星,-1.0,-1.0,-1.0,-1.0,-1
2047,2.0,-1.0,-1.0,-1.0,-1.0,-1.0,-1.0,-1.0,-1.0,-1.0,-1.0,-1.0,-1.0,-1.0,5.0,11.0,1.0,否,4G,否,0.0,是,0.0,0.0,508.0,0.0,苹果,A2223,22.0,508.0,32.9,699.0,0.0,21853753.0,0.0,否,三星,-1.0,-1.0,-1.0,-1.0,-1
2048,1.0,1.0,-1.0,-1.0,-1.0,1.0,-1.0,-1.0,1.0,-1.0,-1.0,-1.0,-1.0,1.0,0.0,1.0,0.0,否,5G,否,0.0,是,0.0,0.0,201.0,0.0,步步高,V2130A,85.0,201.0,121.4,124.0,0.0,10958836.0,0.0,是,三星,-1.0,-1.0,-1.0,-1.0,-1
2049,1.0,1.0,1.0,-1.0,-1.0,-1.0,-1.0,-1.0,1.0,-1.0,-1.0,-1.0,-1.0,-1.0,12.0,32.0,7.0,否,5G,否,0.0,是,0.0,0.102325581395349,1290.0,132.0,苹果,A2639,211.45,1290.0,154.29,589.0,0.0562031044502811,64439750.0,3621714.0,是,银卡,-1.0,-1.0,-1.0,-1.0,-1
2050,2.0,-1.0,-1.0,-1.0,-1.0,-1.0,-1.0,-1.0,-1.0,-1.0,-1.0,-1.0,-1.0,-1.0,0.0,10.0,0.0,否,4G,否,0.0,是,0.0,0.0,177.0,0.0,华为,SEA-AL10,65.0,177.0,65.0,97.0,0.0,9342856.0,0.0,否,三星,-1.0,-1.0,-1.0,-1.0,-1
2051,1.0,-1.0,1.0,-1.0,-1.0,-1.0,-1.0,-1.0,1.0,-1.0,-1.0,1.0,-1.0,-1.0,1.0,23.0,3.0,否,4G,否,0.0,是,0.0,0.0,583.0,0.0,苹果,A2104,145.0,583.0,140.0,701.0,0.0,67141453.0,0.0,否,银卡,-1.0,-1.0,-1.0,-1.0,-1
2052,2.0,-1.0,-1.0,-1.0,-1.0,-1.0,-1.0,-1.0,-1.0,-1.0,-1.0,-1.0,-1.0,-1.0,2.0,6.0,2.0,否,4G,否,0.0,是,0.0,0.0,161.0,0.0,华为,HLK-AL00,51.33,161.0,50.0,93.0,0.0,18945564.0,0.0,否,三星,-1.0,-1.0,-1.0,-1.0,-1
2053,1.0,-1.0,-1.0,-1.0,-1.0,-1.0,1.0,-1.0,-1.0,-1.0,-1.0,-1.0,-1.0,1.0,52.0,17.0,2.0,否,4G,否,32.39,是,8.99,0.0,210.0,0.0,小米科技,M1901F7E,67.99,210.0,59.0,94.0,0.0,42065686.0,0.0,否,二星,-1.0,-1.0,-1.0,-1.0,1
2054,2.0,-1.0,-1.0,-1.0,-1.0,-1.0,-1.0,-1.0,-1.0,-1.0,-1.0,-1.0,-1.0,-1.0,0.0,13.0,1.0,否,5G,否,1037.74,是,125.22,0.0,324.0,0.0,小米科技,M2001G7AE,148.12,324.0,39.86,471.0,0.0,12632673.0,0.0,是,三星,-1.0,-1.0,-1.0,-1.0,-1
2055,2.0,-1.0,-1.0,-1.0,-1.0,-1.0,-1.0,-1.0,-1.0,-1.0,-1.0,-1.0,-1.0,-1.0,1.0,0.0,0.0,否,4G,否,0.0,是,0.0,0.0,387.0,0.0,华为,VOG-AL00,34.25,387.0,33.75,399.0,0.0,13167986.0,0.0,否,三星,-1.0,-1.0,-1.0,-1.0,-1
2056,2.0,-1.0,-1.0,-1.0,-1.0,-1.0,-1.0,-1.0,-1.0,-1.0,-1.0,-1.0,-1.0,-1.0,0.0,1.0,0.0,否,5G,否,0.0,是,0.0,0.0,400.0,0.0,华为,TAH-AN00m,168.0,400.0,168.2,266.0,0.0,12812852.0,0.0,是,金卡,-1.0,-1.0,-1.0,-1.0,-1
2057,2.0,-1.0,-1.0,-1.0,-1.0,-1.0,-1.0,-1.0,-1.0,-1.0,-1.0,-1.0,-1.0,-1.0,84.0,18.0,0.0,否,4G,否,0.0,是,0.0,0.0,176.0,0.0,小米科技,M1805E2A,30.0,176.0,30.15,135.0,0.0,6124529.0,0.0,否,三星,-1.0,-1.0,-1.0,-1.0,-1
2058,2.0,-1.0,-1.0,-1.0,-1.0,-1.0,-1.0,-1.0,-1.0,-1.0,-1.0,-1.0,-1.0,-1.0,42.0,13.0,7.0,否,5G,否,0.0,是,0.0,0.0,902.0,0.0,苹果,A2408,91.0,902.0,91.0,1130.0,0.0,24259401.0,0.0,是,三星,-1.0,-1.0,-1.0,-1.0,-1
2059,1.0,1.0,-1.0,-1.0,-1.0,1.0,-1.0,-1.0,1.0,-1.0,-1.0,-1.0,-1.0,-1.0,23.0,20.0,6.0,否,5G,否,0.0,是,0.0,0.0,339.0,0.0,苹果,A2644,70.0,339.0,70.0,516.0,0.0,16007022.0,0.0,是,三星,-1.0,-1.0,-1.0,-1.0,-1
2060,2.0,-1.0,-1.0,-1.0,-1.0,-1.0,-1.0,-1.0,-1.0,-1.0,-1.0,-1.0,-1.0,-1.0,13.0,9.0,0.0,否,5G,否,0.0,是,0.0,0.0,229.0,0.0,苹果,A2639,137.0,229.0,137.0,592.0,0.0,21096583.0,0.0,是,三星,-1.0,-1.0,-1.0,-1.0,-1
2061,1.0,1.0,-1.0,1.0,-1.0,-1.0,-1.0,-1.0,-1.0,1.0,-1.0,-1.0,-1.0,1.0,0.0,14.0,1.0,否,4G,是,0.0,是,0.0,0.0,650.0,0.0,苹果,A2220,36.0,650.0,31.0,880.0,0.0,51849940.0,0.0,否,一星,-1.0,-1.0,-1.0,-1.0,-1
2062,2.0,-1.0,-1.0,-1.0,-1.0,-1.0,-1.0,-1.0,-1.0,-1.0,-1.0,-1.0,-1.0,-1.0,10.0,16.0,3.0,否,5G,否,0.0,是,0.0,0.0,511.0,0.0,苹果,A2412,63.9,511.0,58.0,537.0,0.0,81165864.0,0.0,是,三星,-1.0,-1.0,-1.0,-1.0,-1
2063,1.0,-1.0,-1.0,-1.0,-1.0,1.0,1.0,1.0,-1.0,-1.0,-1.0,1.0,-1.0,1.0,3.0,0.0,0.0,否,4G,否,0.0,是,0.0,0.0,165.0,0.0,华为,VKY-AL00,45.0,165.0,45.0,155.0,0.0,13787507.0,0.0,否,三星,-1.0,-1.0,-1.0,-1.0,-1
2064,1.0,-1.0,-1.0,-1.0,1.0,-1.0,-1.0,-1.0,-1.0,1.0,1.0,-1.0,-1.0,-1.0,32.0,55.0,5.0,否,5G,否,0.0,是,0.0,0.0,482.0,0.0,步步高,V2020CA,89.09,482.0,132.47,2310.0,1.97122688086906e-05,68891106.0,1358.0,是,银卡,-1.0,-1.0,-1.0,-1.0,-1
2065,1.0,1.0,1.0,1.0,1.0,1.0,-1.0,1.0,1.0,1.0,1.0,1.0,-1.0,1.0,38.0,6.0,2.0,否,4G,否,0.0,是,0.0,0.0,254.0,0.0,苹果,A2100,109.9,254.0,80.5,334.0,0.0,6202868.0,0.0,否,三星,-1.0,-1.0,-1.0,-1.0,-1
2066,2.0,-1.0,-1.0,-1.0,-1.0,-1.0,-1.0,-1.0,-1.0,-1.0,-1.0,-1.0,-1.0,-1.0,26.0,0.0,4.0,否,5G,否,0.0,是,0.0,0.0,163.0,0.0,小米科技,M2012K11AC,130.0,163.0,130.0,316.0,0.0,7396884.0,0.0,是,银卡,-1.0,-1.0,-1.0,-1.0,-1
2067,2.0,-1.0,-1.0,-1.0,-1.0,-1.0,-1.0,-1.0,-1.0,-1.0,-1.0,-1.0,-1.0,-1.0,1.0,10.0,0.0,否,4G,否,0.0,是,0.0,0.0,153.0,0.0,苹果,A2223,80.0,153.0,80.1,338.0,0.0,92720258.0,0.0,否,三星,-1.0,-1.0,-1.0,-1.0,-1
2068,2.0,-1.0,-1.0,-1.0,-1.0,-1.0,-1.0,-1.0,-1.0,-1.0,-1.0,-1.0,-1.0,-1.0,53.0,17.0,0.0,否,5G,否,0.0,是,0.0,0.187938288920056,713.0,134.0,realme,RMX3161,158.0,713.0,158.0,579.0,0.0880029663497396,18821786.0,1656373.0,是,金卡,-1.0,-1.0,-1.0,-1.0,-1
2069,2.0,-1.0,-1.0,-1.0,-1.0,-1.0,-1.0,-1.0,-1.0,-1.0,-1.0,-1.0,-1.0,-1.0,1.0,8.0,2.0,否,5G,否,0.0,是,0.0,0.0,931.0,0.0,华为,NOH-AN01,66.0,931.0,66.1,716.0,0.0,20683585.0,0.0,是,三星,-1.0,-1.0,-1.0,-1.0,-1
2070,2.0,-1.0,-1.0,-1.0,-1.0,-1.0,-1.0,-1.0,-1.0,-1.0,-1.0,-1.0,-1.0,-1.0,3.0,11.0,1.0,否,4G,否,0.0,是,0.0,0.0,261.0,0.0,华为,BRQ-AN00,65.0,261.0,86.3,98.0,0.0,33786533.0,0.0,否,三星,-1.0,-1.0,-1.0,-1.0,-1
2071,1.0,1.0,1.0,-1.0,-1.0,-1.0,-1.0,-1.0,-1.0,-1.0,-1.0,1.0,-1.0,-1.0,63.0,25.0,0.0,否,4G,否,0.0,是,0.0,0.0,272.0,0.0,华为,BLA-AL00,150.0,272.0,140.0,330.0,0.0,10032672.0,0.0,否,银卡,-1.0,-1.0,-1.0,-1.0,-1
2072,2.0,-1.0,-1.0,-1.0,-1.0,-1.0,-1.0,-1.0,-1.0,-1.0,-1.0,-1.0,-1.0,-1.0,16.0,2.0,0.0,否,5G,否,0.0,是,0.0,0.0,238.0,0.0,欧珀,PELM00,10.0,238.0,10.15,139.0,0.0,73487998.0,0.0,是,三星,-1.0,-1.0,-1.0,-1.0,-1
2073,2.0,-1.0,-1.0,-1.0,-1.0,-1.0,-1.0,-1.0,-1.0,-1.0,-1.0,-1.0,-1.0,-1.0,0.0,7.0,0.0,否,4G,否,0.0,是,0.0,0.0,220.0,0.0,华为,BLA-TL00,14.8,220.0,21.44,266.0,0.0,24020738.0,0.0,否,三星,-1.0,-1.0,-1.0,-1.0,-1
2074,1.0,-1.0,1.0,-1.0,-1.0,1.0,-1.0,1.0,-1.0,1.0,-1.0,1.0,-1.0,1.0,0.0,3.0,1.0,否,4G,否,0.0,是,0.0,0.0,181.0,0.0,苹果,A2408,68.0,181.0,68.0,80.0,0.0,9309432.0,0.0,否,三星,-1.0,-1.0,-1.0,-1.0,-1
2075,1.0,1.0,1.0,1.0,1.0,1.0,1.0,1.0,-1.0,-1.0,-1.0,-1.0,-1.0,-1.0,7.0,17.0,0.0,否,5G,否,39.69,是,10.0,0.0,270.0,0.0,苹果,A2223,19.0,270.0,9.0,251.0,0.0,142987.0,0.0,是,二星,1.0,-1.0,-1.0,-1.0,1
2076,2.0,-1.0,-1.0,-1.0,-1.0,-1.0,-1.0,-1.0,-1.0,-1.0,-1.0,-1.0,-1.0,-1.0,8.0,12.0,1.0,否,5G,否,0.0,是,0.0,0.0,145.0,0.0,苹果,A2644,372.0,145.0,388.0,63.0,0.0,23900637.0,0.0,是,白金卡,-1.0,-1.0,-1.0,-1.0,-1
2077,1.0,-1.0,-1.0,-1.0,-1.0,-1.0,1.0,-1.0,1.0,-1.0,1.0,1.0,-1.0,1.0,8.0,3.0,0.0,否,4G,否,0.0,是,0.0,0.0,161.0,0.0,小米科技,M2001G7AE,5.0,161.0,5.0,78.0,0.0,64970.0,0.0,否,二星,1.0,-1.0,-1.0,-1.0,-1
2078,1.0,1.0,1.0,-1.0,-1.0,1.0,-1.0,-1.0,1.0,1.0,-1.0,1.0,-1.0,1.0,34.0,17.0,2.0,否,5G,否,0.0,是,0.0,0.0,178.0,0.0,苹果,A2412,60.77,178.0,97.68,102.0,0.0,31431507.0,0.0,是,三星,-1.0,-1.0,-1.0,-1.0,-1
2079,2.0,-1.0,-1.0,-1.0,-1.0,-1.0,-1.0,-1.0,-1.0,-1.0,-1.0,-1.0,-1.0,-1.0,20.0,2.0,0.0,否,5G,否,0.0,是,0.0,0.0,497.0,0.0,华为,TAS-AN00,99.0,497.0,109.0,716.0,0.0,5198750.0,0.0,是,银卡,-1.0,-1.0,-1.0,-1.0,-1
2080,2.0,-1.0,-1.0,-1.0,-1.0,-1.0,-1.0,-1.0,-1.0,-1.0,-1.0,-1.0,-1.0,-1.0,2.0,64.0,5.0,否,4G,是,0.0,是,0.0,0.228120516499283,1394.0,318.0,小米科技,M2101K9C,100.28,1394.0,119.22,1551.0,0.197062114590911,35561564.0,7007837.0,否,三星,-1.0,-1.0,-1.0,-1.0,-1
2081,2.0,-1.0,-1.0,-1.0,-1.0,-1.0,-1.0,-1.0,-1.0,-1.0,-1.0,-1.0,-1.0,-1.0,53.0,36.0,3.0,否,5G,是,0.0,是,0.0,0.0,1154.0,0.0,小米科技,M2102J2SC,120.0,1154.0,120.29,1275.0,0.0,29244431.0,0.0,是,三星,-1.0,-1.0,-1.0,-1.0,-1
2082,1.0,-1.0,1.0,-1.0,-1.0,1.0,-1.0,1.0,1.0,-1.0,1.0,1.0,-1.0,-1.0,9.0,4.0,0.0,否,5G,否,0.0,是,0.0,0.0,223.0,0.0,苹果,A2108,54.4,223.0,61.44,1353.0,0.0,10891518.0,0.0,是,三星,-1.0,-1.0,-1.0,-1.0,-1
2083,1.0,1.0,1.0,-1.0,-1.0,-1.0,-1.0,-1.0,-1.0,-1.0,1.0,-1.0,-1.0,-1.0,0.0,17.0,1.0,否,4G,否,0.0,是,0.0,0.0,1039.0,0.0,华为,CDY-AN00,38.0,1039.0,45.0,817.0,0.0,360244.0,0.0,否,三星,-1.0,-1.0,-1.0,-1.0,-1
2084,2.0,-1.0,-1.0,-1.0,-1.0,-1.0,-1.0,-1.0,-1.0,-1.0,-1.0,-1.0,-1.0,-1.0,1.0,3.0,0.0,否,4G,否,0.0,是,0.0,0.0,175.0,0.0,小米科技,M1910F4E,49.75,175.0,65.0,116.0,0.0,5101358.0,0.0,否,二星,-1.0,-1.0,-1.0,-1.0,-1
2085,1.0,1.0,1.0,-1.0,-1.0,-1.0,-1.0,1.0,1.0,1.0,1.0,1.0,-1.0,-1.0,8.0,8.0,0.0,否,5G,否,0.0,是,0.0,0.0,182.0,0.0,苹果,A2639,90.0,182.0,91.0,111.0,0.0,2960166.0,0.0,是,银卡,-1.0,-1.0,-1.0,-1.0,-1
2086,1.0,-1.0,-1.0,-1.0,1.0,1.0,-1.0,-1.0,1.0,-1.0,1.0,-1.0,-1.0,-1.0,2.0,22.0,2.0,否,4G,否,0.0,是,0.0,0.0,586.0,0.0,苹果,iPhone X A1865,59.1,586.0,59.2,732.0,0.0,13169266.0,0.0,否,三星,-1.0,-1.0,-1.0,-1.0,-1
2087,1.0,1.0,-1.0,-1.0,-1.0,-1.0,-1.0,-1.0,-1.0,-1.0,-1.0,-1.0,-1.0,1.0,5.0,2.0,0.0,否,5G,否,0.0,是,0.0,0.0,147.0,0.0,华为,CDY-AN20,60.0,147.0,51.55,341.0,0.0,72371796.0,0.0,是,三星,-1.0,-1.0,-1.0,-1.0,-1
2088,2.0,-1.0,-1.0,-1.0,-1.0,-1.0,-1.0,-1.0,-1.0,-1.0,-1.0,-1.0,-1.0,-1.0,0.0,5.0,0.0,否,5G,否,0.0,是,0.0,0.0,438.0,0.0,华为,OCE-AN10,67.0,438.0,67.45,425.0,0.0,42749776.0,0.0,是,三星,-1.0,-1.0,-1.0,-1.0,-1
2089,1.0,1.0,-1.0,-1.0,-1.0,1.0,1.0,1.0,1.0,-1.0,-1.0,1.0,-1.0,-1.0,13.0,21.0,5.0,否,5G,否,0.0,是,0.0,0.0,320.0,0.0,苹果,A2404,118.0,320.0,128.0,204.0,0.0,11723338.0,0.0,是,银卡,-1.0,-1.0,-1.0,-1.0,-1
2090,1.0,1.0,-1.0,-1.0,-1.0,-1.0,-1.0,-1.0,1.0,-1.0,1.0,-1.0,-1.0,-1.0,11.0,14.0,0.0,否,4G,否,0.0,是,0.0,0.0,157.0,0.0,苹果,A2408,68.24,157.0,60.64,212.0,0.0,4905345.0,0.0,否,三星,-1.0,-1.0,-1.0,-1.0,-1
2091,1.0,1.0,1.0,-1.0,1.0,1.0,1.0,-1.0,-1.0,1.0,1.0,-1.0,-1.0,-1.0,10.0,3.0,8.0,否,5G,否,0.0,是,0.0,0.0,203.0,0.0,华为,ANA-AN00,150.0,203.0,150.0,98.0,0.0,38149981.0,0.0,是,银卡,-1.0,-1.0,-1.0,-1.0,-1
2092,1.0,1.0,-1.0,-1.0,1.0,-1.0,1.0,-1.0,-1.0,-1.0,1.0,-1.0,-1.0,1.0,62.0,10.0,3.0,否,4G,否,0.0,是,0.0,0.0,569.0,0.0,苹果,A2223,116.3,569.0,116.0,518.0,0.0,4786611.0,0.0,否,银卡,-1.0,-1.0,-1.0,-1.0,-1
2093,2.0,-1.0,-1.0,-1.0,-1.0,-1.0,-1.0,-1.0,-1.0,-1.0,-1.0,-1.0,-1.0,-1.0,5.0,12.0,1.0,否,4G,否,0.0,是,0.0,0.0,254.0,0.0,苹果,A2404,51.09,254.0,19.0,241.0,0.0,32236765.0,0.0,否,三星,-1.0,-1.0,-1.0,-1.0,-1
2094,1.0,-1.0,1.0,-1.0,-1.0,-1.0,-1.0,-1.0,1.0,1.0,1.0,1.0,-1.0,-1.0,9.0,8.0,0.0,否,4G,是,0.0,是,0.0,0.0,279.0,0.0,华为,LYA-AL10,58.0,279.0,58.0,94.0,0.0,5524303.0,0.0,否,三星,-1.0,-1.0,-1.0,-1.0,-1
2095,2.0,-1.0,-1.0,-1.0,-1.0,-1.0,-1.0,-1.0,-1.0,-1.0,-1.0,-1.0,-1.0,-1.0,8.0,22.0,0.0,否,4G,否,0.0,是,0.0,0.0,705.0,0.0,华为,BLA-AL00,90.0,705.0,90.1,136.0,0.0,15726446.0,0.0,否,银卡,-1.0,-1.0,-1.0,-1.0,-1
2096,1.0,1.0,1.0,-1.0,-1.0,-1.0,-1.0,-1.0,1.0,1.0,-1.0,-1.0,-1.0,-1.0,3.0,7.0,2.0,否,4G,否,0.0,是,0.0,0.0,235.0,0.0,苹果,A2217,49.0,235.0,49.0,263.0,0.0,16261743.0,0.0,否,三星,-1.0,-1.0,-1.0,-1.0,-1
2097,2.0,-1.0,-1.0,-1.0,-1.0,-1.0,-1.0,-1.0,-1.0,-1.0,-1.0,-1.0,-1.0,-1.0,2.0,1.0,0.0,否,4G,否,0.0,是,0.0,0.0,152.0,0.0,小米科技,M2012K11AC,64.0,152.0,64.0,56.0,0.0,8585273.0,0.0,否,三星,-1.0,-1.0,-1.0,-1.0,-1
2098,1.0,-1.0,1.0,-1.0,-1.0,-1.0,-1.0,-1.0,1.0,-1.0,-1.0,1.0,-1.0,-1.0,3.0,8.0,1.0,否,5G,否,0.0,是,0.0,0.0,203.0,0.0,苹果,A2412,45.0,203.0,45.0,99.0,0.0,10095989.0,0.0,是,三星,-1.0,-1.0,-1.0,-1.0,1
2099,2.0,-1.0,-1.0,-1.0,-1.0,-1.0,-1.0,-1.0,-1.0,-1.0,-1.0,-1.0,-1.0,-1.0,9.0,12.0,1.0,否,4G,否,0.0,是,0.0,0.0,228.0,0.0,苹果,iPhone 8 A1863,1.68,228.0,8.19,124.0,0.0,24521190.0,0.0,否,三星,-1.0,-1.0,-1.0,-1.0,-1
2100,2.0,-1.0,-1.0,-1.0,-1.0,-1.0,-1.0,-1.0,-1.0,-1.0,-1.0,-1.0,-1.0,-1.0,4.0,7.0,0.0,否,4G,否,0.0,是,0.0,0.0,192.0,0.0,苹果,A2223,34.05,192.0,24.51,90.0,0.0,62997.0,0.0,否,三星,-1.0,-1.0,-1.0,-1.0,-1
2101,2.0,-1.0,-1.0,-1.0,-1.0,-1.0,-1.0,-1.0,-1.0,-1.0,-1.0,-1.0,-1.0,-1.0,10.0,1.0,1.0,否,5G,否,0.0,是,0.0,0.0,258.0,0.0,华为,ANA-AN00,43.0,258.0,43.3,539.0,1.12568378767099e-05,13414069.0,151.0,是,三星,-1.0,-1.0,-1.0,-1.0,-1
2102,1.0,-1.0,1.0,-1.0,-1.0,1.0,-1.0,-1.0,-1.0,-1.0,-1.0,1.0,-1.0,1.0,7.0,6.0,2.0,否,4G,否,0.0,是,0.0,0.0,169.0,0.0,苹果,A2104,21.0,169.0,42.0,188.0,0.0,3332517.0,0.0,否,二星,-1.0,-1.0,-1.0,-1.0,-1
2103,1.0,1.0,1.0,-1.0,-1.0,-1.0,1.0,-1.0,1.0,-1.0,-1.0,-1.0,-1.0,1.0,26.0,27.0,4.0,否,5G,否,0.0,是,0.0,0.139630390143737,487.0,68.0,苹果,A2634,143.0,487.0,173.0,477.0,0.145871280259963,95265730.0,13896534.0,是,银卡,-1.0,-1.0,-1.0,-1.0,-1
2104,2.0,-1.0,-1.0,-1.0,-1.0,-1.0,-1.0,-1.0,-1.0,-1.0,-1.0,-1.0,-1.0,-1.0,10.0,12.0,2.0,否,4G,是,0.0,是,0.0,0.0,545.0,0.0,华为,LIO-AN00,128.0,545.0,128.0,498.0,0.0,27289627.0,0.0,否,银卡,-1.0,-1.0,-1.0,-1.0,-1
2105,2.0,-1.0,-1.0,-1.0,-1.0,-1.0,-1.0,-1.0,-1.0,-1.0,-1.0,-1.0,-1.0,-1.0,31.0,32.0,1.0,否,4G,否,0.0,是,0.0,0.0,427.0,0.0,华为,ASK-AL20,65.0,427.0,65.0,397.0,0.0,56074796.0,0.0,否,三星,-1.0,-1.0,-1.0,-1.0,-1
2106,2.0,-1.0,-1.0,-1.0,-1.0,-1.0,-1.0,-1.0,-1.0,-1.0,-1.0,-1.0,-1.0,-1.0,13.0,0.0,1.0,否,5G,否,0.0,是,0.0,0.0,130.0,0.0,中邮通信,Hera-BD00,12.84,130.0,13.37,35.0,0.0,16506971.0,0.0,是,二星,-1.0,-1.0,-1.0,-1.0,-1
2107,2.0,-1.0,-1.0,-1.0,-1.0,-1.0,-1.0,-1.0,-1.0,-1.0,-1.0,-1.0,-1.0,-1.0,2.0,1.0,2.0,否,5G,否,0.0,是,0.0,0.0,188.0,0.0,华为,NOP-AN00,157.0,188.0,157.0,286.0,0.0,120790957.0,0.0,是,银卡,-1.0,-1.0,-1.0,-1.0,-1
2108,1.0,-1.0,-1.0,-1.0,-1.0,1.0,-1.0,-1.0,-1.0,-1.0,-1.0,-1.0,-1.0,1.0,120.0,8.0,0.0,否,5G,否,0.0,是,0.0,0.0,201.0,0.0,苹果,A2634,118.0,201.0,118.0,70.0,0.0,16795951.0,0.0,是,银卡,-1.0,-1.0,-1.0,-1.0,-1
2109,1.0,-1.0,-1.0,-1.0,-1.0,1.0,-1.0,-1.0,-1.0,1.0,-1.0,-1.0,-1.0,-1.0,6.0,69.0,3.0,否,4G,否,0.0,是,0.0,0.0,1574.0,0.0,苹果,A2220,85.7,1574.0,83.9,1260.0,0.0,28666314.0,0.0,否,三星,-1.0,-1.0,-1.0,-1.0,-1
2110,2.0,-1.0,-1.0,-1.0,-1.0,-1.0,-1.0,-1.0,-1.0,-1.0,-1.0,-1.0,-1.0,-1.0,5.0,2.0,4.0,否,5G,否,0.0,是,0.0,0.0,391.0,0.0,小米科技,M2101K9C,99.05,391.0,110.15,489.0,0.0,36999440.0,0.0,是,银卡,-1.0,-1.0,-1.0,-1.0,-1
2111,1.0,1.0,-1.0,-1.0,-1.0,1.0,-1.0,1.0,-1.0,-1.0,1.0,1.0,-1.0,1.0,32.0,25.0,3.0,否,4G,否,0.0,是,0.0,0.0,341.0,0.0,华为,TAS-AL00,129.47,341.0,138.53,339.0,0.0,22003788.0,0.0,否,银卡,-1.0,-1.0,-1.0,-1.0,-1
2112,1.0,1.0,1.0,-1.0,-1.0,1.0,-1.0,1.0,1.0,-1.0,1.0,1.0,-1.0,1.0,9.0,2.0,0.0,否,5G,否,7.39,是,30.0,0.0,127.0,0.0,苹果,A2644,51.52,127.0,65.19,84.0,0.0,17688668.0,0.0,是,三星,-1.0,-1.0,-1.0,-1.0,-1
2113,1.0,1.0,-1.0,-1.0,-1.0,-1.0,-1.0,-1.0,-1.0,-1.0,1.0,1.0,1.0,1.0,18.0,0.0,0.0,否,4G,否,0.0,是,0.0,0.0,253.0,0.0,华为,VOG-AL00,46.6,253.0,69.0,162.0,0.0,3609185.0,0.0,否,三星,-1.0,-1.0,-1.0,-1.0,-1
2114,1.0,1.0,-1.0,-1.0,1.0,-1.0,1.0,-1.0,1.0,1.0,-1.0,1.0,-1.0,1.0,35.0,88.0,4.0,否,5G,否,0.0,是,0.0,0.0,996.0,0.0,苹果,A2639,63.0,996.0,63.0,1018.0,0.0,5016842.0,0.0,是,三星,-1.0,-1.0,-1.0,-1.0,-1
2115,1.0,1.0,1.0,-1.0,-1.0,1.0,-1.0,-1.0,-1.0,-1.0,-1.0,1.0,-1.0,1.0,4.0,18.0,1.0,否,5G,否,0.0,是,0.0,0.0,1314.0,0.0,华为,NOH-AN00,11.24,1314.0,11.0,32.0,0.0,5095580.0,0.0,是,三星,-1.0,-1.0,-1.0,-1.0,-1
2116,2.0,-1.0,-1.0,-1.0,-1.0,-1.0,-1.0,-1.0,-1.0,-1.0,-1.0,-1.0,-1.0,-1.0,3.0,5.0,7.0,否,5G,是,315.24,是,5.0,0.0,1368.0,0.0,小米科技,M2007J17C,263.8,1368.0,189.0,2166.0,0.0,117301316.0,0.0,是,银卡,-1.0,-1.0,-1.0,-1.0,-1
2117,1.0,1.0,-1.0,-1.0,-1.0,1.0,-1.0,1.0,1.0,1.0,1.0,1.0,1.0,1.0,2.0,8.0,0.0,否,4G,否,0.0,是,0.0,0.0,147.0,0.0,苹果,A2223,68.0,147.0,58.1,22.0,0.0,559718.0,0.0,否,三星,-1.0,-1.0,-1.0,-1.0,-1
2118,2.0,-1.0,-1.0,-1.0,-1.0,-1.0,-1.0,-1.0,-1.0,-1.0,-1.0,-1.0,-1.0,-1.0,4.0,27.0,3.0,否,5G,是,0.0,是,0.0,0.0,646.0,0.0,苹果,A2412,66.4,646.0,61.6,631.0,0.0,11502403.0,0.0,是,三星,-1.0,-1.0,-1.0,-1.0,-1
2119,1.0,-1.0,-1.0,-1.0,1.0,-1.0,-1.0,-1.0,-1.0,-1.0,-1.0,1.0,-1.0,-1.0,3.0,18.0,0.0,否,4G,否,0.0,是,0.0,0.0,404.0,0.0,万普,GM1910,64.0,404.0,99.0,353.0,0.0,4110337.0,0.0,否,三星,-1.0,-1.0,-1.0,-1.0,-1
2120,2.0,-1.0,-1.0,-1.0,-1.0,-1.0,-1.0,-1.0,-1.0,-1.0,-1.0,-1.0,-1.0,-1.0,1.0,1.0,0.0,否,4G,否,0.0,是,0.0,0.0,426.0,0.0,苹果,A2217,0.0,426.0,0.0,124.0,0.0,1684081.0,0.0,否,一星,-1.0,-1.0,-1.0,-1.0,-1
2121,2.0,-1.0,-1.0,-1.0,-1.0,-1.0,-1.0,-1.0,-1.0,-1.0,-1.0,-1.0,-1.0,-1.0,3.0,32.0,0.0,否,5G,是,419.58,是,27.65,0.0,365.0,0.0,苹果,A2408,58.89,365.0,69.77,510.0,0.0,31645458.0,0.0,是,三星,-1.0,-1.0,-1.0,-1.0,-1
2122,2.0,-1.0,-1.0,-1.0,-1.0,-1.0,-1.0,-1.0,-1.0,-1.0,-1.0,-1.0,-1.0,-1.0,0.0,0.0,0.0,否,4G,否,0.0,是,0.0,0.0,146.0,0.0,苹果,iPhone 7 A1660,168.0,146.0,157.9,66.0,0.0,416921.0,0.0,否,银卡,-1.0,-1.0,-1.0,-1.0,-1
2123,1.0,1.0,-1.0,-1.0,-1.0,-1.0,-1.0,-1.0,1.0,-1.0,-1.0,-1.0,-1.0,-1.0,3.0,10.0,1.0,否,4G,是,0.0,是,0.0,0.0,162.0,0.0,万普,ONEPLUS A6010,58.0,162.0,58.0,181.0,0.0,4232439.0,0.0,否,三星,-1.0,-1.0,-1.0,-1.0,-1
2124,2.0,-1.0,-1.0,-1.0,-1.0,-1.0,-1.0,-1.0,-1.0,-1.0,-1.0,-1.0,-1.0,-1.0,2.0,0.0,0.0,否,5G,否,0.0,是,0.0,0.0,176.0,0.0,华为,CDL-AN50,43.97,176.0,44.9,229.0,0.0,13622807.0,0.0,是,二星,-1.0,-1.0,-1.0,-1.0,-1
2125,2.0,-1.0,-1.0,-1.0,-1.0,-1.0,-1.0,-1.0,-1.0,-1.0,-1.0,-1.0,-1.0,-1.0,0.0,12.0,3.0,否,4G,否,0.0,是,0.0,0.0,906.0,0.0,华为,LYA-AL00,143.0,906.0,143.0,418.0,0.0,367744.0,0.0,否,银卡,-1.0,-1.0,-1.0,-1.0,-1
2126,1.0,1.0,-1.0,-1.0,-1.0,-1.0,-1.0,-1.0,1.0,-1.0,-1.0,-1.0,-1.0,1.0,9.0,10.0,0.0,否,4G,否,167.16,是,5.0,0.0,527.0,0.0,欧珀,PACM00,188.9,527.0,241.8,682.0,7.51132557799489e-06,77616127.0,583.0,否,金卡,-1.0,-1.0,-1.0,-1.0,-1
2127,2.0,-1.0,-1.0,-1.0,-1.0,-1.0,-1.0,-1.0,-1.0,-1.0,-1.0,-1.0,-1.0,-1.0,42.0,2.0,0.0,否,4G,否,0.0,是,0.0,0.0,141.0,0.0,华为,YAL-AL50,130.0,141.0,128.0,100.0,0.0,15552762.0,0.0,否,银卡,-1.0,-1.0,-1.0,-1.0,-1
2128,1.0,1.0,-1.0,-1.0,-1.0,-1.0,-1.0,-1.0,1.0,-1.0,-1.0,-1.0,-1.0,-1.0,1.0,58.0,3.0,否,4G,否,0.0,是,0.0,0.0,768.0,0.0,华为,STK-AL00,158.2,768.0,158.0,194.0,0.0,6658045.0,0.0,否,银卡,-1.0,-1.0,-1.0,-1.0,-1
2129,1.0,1.0,-1.0,-1.0,-1.0,-1.0,-1.0,-1.0,1.0,-1.0,-1.0,-1.0,-1.0,-1.0,49.0,15.0,11.0,否,4G,否,0.0,是,0.0,0.0,347.0,0.0,苹果,iPhone X A1865,48.85,347.0,59.0,136.0,0.0,7395797.0,0.0,否,三星,-1.0,-1.0,-1.0,-1.0,-1
2130,2.0,-1.0,-1.0,-1.0,-1.0,-1.0,-1.0,-1.0,-1.0,-1.0,-1.0,-1.0,-1.0,-1.0,40.0,5.0,1.0,否,4G,否,0.0,是,0.0,0.0,254.0,0.0,华为,MHA-AL00,58.0,254.0,58.0,308.0,0.0,6551689.0,0.0,否,三星,-1.0,-1.0,-1.0,-1.0,-1
2131,1.0,-1.0,1.0,-1.0,-1.0,-1.0,-1.0,-1.0,1.0,-1.0,-1.0,-1.0,-1.0,-1.0,37.0,14.0,0.0,否,4G,否,16.05,是,3.48,0.0,340.0,0.0,苹果,iPhone 8 A1863,22.68,340.0,68.88,175.0,8.11795681174494e-06,41389725.0,336.0,否,二星,-1.0,-1.0,-1.0,-1.0,-1
2132,1.0,1.0,-1.0,-1.0,-1.0,-1.0,-1.0,-1.0,-1.0,-1.0,-1.0,1.0,-1.0,1.0,7.0,17.0,6.0,否,4G,否,0.0,是,0.0,0.0,234.0,0.0,苹果,iPhone 7 A1660,111.0,234.0,111.0,318.0,0.0,29688767.0,0.0,否,银卡,-1.0,-1.0,-1.0,-1.0,-1
2133,1.0,1.0,-1.0,-1.0,-1.0,1.0,-1.0,-1.0,1.0,-1.0,1.0,-1.0,-1.0,1.0,86.0,3.0,0.0,否,4G,否,0.0,是,0.0,0.0,124.0,0.0,华为,TAS-AL00,70.0,124.0,70.0,140.0,0.0,21466698.0,0.0,否,三星,-1.0,-1.0,-1.0,-1.0,-1
2134,1.0,-1.0,1.0,-1.0,-1.0,-1.0,-1.0,-1.0,-1.0,-1.0,-1.0,1.0,-1.0,1.0,20.0,0.0,2.0,否,5G,否,0.0,是,0.0,0.0,516.0,0.0,华为,TAS-AN00,208.0,516.0,208.0,681.0,1.26771572769932e-05,14593177.0,185.0,是,银卡,-1.0,-1.0,-1.0,-1.0,-1
2135,1.0,-1.0,1.0,-1.0,-1.0,-1.0,-1.0,-1.0,-1.0,-1.0,1.0,1.0,-1.0,-1.0,0.0,51.0,1.0,否,4G,否,0.0,是,0.0,0.0,1710.0,0.0,苹果,iPhone 7Plus A1661,141.0,1710.0,108.21,1383.0,0.0,15255088.0,0.0,否,三星,-1.0,-1.0,-1.0,-1.0,-1
2136,1.0,-1.0,-1.0,1.0,-1.0,-1.0,-1.0,-1.0,1.0,1.0,-1.0,-1.0,-1.0,1.0,6.0,11.0,2.0,否,5G,否,0.0,是,0.0,0.0,277.0,0.0,苹果,A2404,61.2,277.0,61.0,457.0,0.0,8470259.0,0.0,是,三星,-1.0,-1.0,-1.0,-1.0,-1
2137,1.0,-1.0,-1.0,-1.0,-1.0,1.0,-1.0,-1.0,1.0,-1.0,1.0,1.0,-1.0,1.0,21.0,16.0,0.0,否,5G,否,0.0,是,0.0,0.0,235.0,0.0,欧珀,PCCM00,56.7,235.0,56.3,92.0,0.0,21650765.0,0.0,是,三星,-1.0,-1.0,-1.0,-1.0,-1
2138,2.0,-1.0,-1.0,-1.0,-1.0,-1.0,-1.0,-1.0,-1.0,-1.0,-1.0,-1.0,-1.0,-1.0,2.0,0.0,0.0,否,5G,否,0.0,是,0.0,0.0,139.0,0.0,步步高,V2061A,147.7,139.0,212.8,237.0,0.0,13471841.0,0.0,是,三星,-1.0,-1.0,-1.0,-1.0,-1
2139,1.0,-1.0,-1.0,-1.0,-1.0,1.0,1.0,1.0,1.0,-1.0,-1.0,-1.0,-1.0,-1.0,18.0,35.0,7.0,否,4G,否,0.0,是,0.0,0.0,2091.0,0.0,苹果,A2223,175.27,2091.0,136.63,1370.0,0.0,13151191.0,0.0,否,银卡,1.0,-1.0,-1.0,-1.0,1
2140,1.0,-1.0,-1.0,-1.0,-1.0,-1.0,1.0,-1.0,-1.0,-1.0,-1.0,1.0,-1.0,-1.0,8.0,42.0,1.0,否,4G,否,0.0,是,0.0,0.0,280.0,0.0,欧珀,PAAM00,66.6,280.0,53.0,196.0,0.0,73904957.0,0.0,否,三星,-1.0,-1.0,-1.0,-1.0,-1
2141,2.0,-1.0,-1.0,-1.0,-1.0,-1.0,-1.0,-1.0,-1.0,-1.0,-1.0,-1.0,-1.0,-1.0,20.0,12.0,0.0,否,4G,否,0.0,是,0.0,0.0,355.0,0.0,华为,LYA-AL00,21.0,355.0,21.0,227.0,6.46792300206732e-07,77304569.0,50.0,否,二星,-1.0,-1.0,-1.0,-1.0,-1
2142,1.0,1.0,-1.0,-1.0,1.0,1.0,-1.0,-1.0,-1.0,-1.0,1.0,1.0,-1.0,-1.0,39.0,16.0,1.0,否,5G,否,0.0,是,0.0,0.0,155.0,0.0,苹果,A2639,123.0,155.0,123.0,359.0,0.0,7380482.0,0.0,是,银卡,-1.0,-1.0,-1.0,-1.0,-1
2143,1.0,1.0,-1.0,-1.0,-1.0,-1.0,1.0,1.0,-1.0,1.0,-1.0,1.0,1.0,-1.0,0.0,10.0,0.0,否,4G,否,0.0,是,0.0,0.0,211.0,0.0,华为,VOG-AL00,8.0,211.0,8.0,33.0,0.0,89311.0,0.0,否,二星,-1.0,-1.0,-1.0,-1.0,-1
2144,1.0,1.0,-1.0,-1.0,-1.0,-1.0,-1.0,-1.0,1.0,-1.0,1.0,-1.0,-1.0,1.0,40.0,0.0,0.0,否,4G,否,0.0,是,0.0,0.0,206.0,0.0,华为,SEA-AL10,120.7,206.0,89.7,238.0,0.0,25319294.0,0.0,否,银卡,-1.0,-1.0,-1.0,-1.0,-1
2145,1.0,-1.0,1.0,-1.0,-1.0,-1.0,-1.0,-1.0,1.0,-1.0,-1.0,-1.0,-1.0,-1.0,37.0,5.0,0.0,否,4G,否,0.0,是,0.0,0.0,198.0,0.0,苹果,iPhone X A1865,99.0,198.0,129.3,130.0,0.0,14291699.0,0.0,否,三星,-1.0,-1.0,-1.0,-1.0,-1
2146,1.0,1.0,1.0,-1.0,-1.0,-1.0,-1.0,-1.0,-1.0,-1.0,-1.0,1.0,-1.0,-1.0,21.0,69.0,4.0,否,4G,否,0.0,是,0.0,0.0,401.0,0.0,苹果,A2408,75.0,401.0,75.0,291.0,0.0,24634119.0,0.0,否,三星,-1.0,-1.0,-1.0,-1.0,-1
2147,1.0,-1.0,1.0,-1.0,-1.0,-1.0,-1.0,-1.0,1.0,1.0,1.0,-1.0,-1.0,-1.0,16.0,18.0,4.0,否,4G,否,0.0,是,0.0,0.0,393.0,0.0,小米科技,M1803E1A,65.0,393.0,58.0,115.0,0.0,12265678.0,0.0,否,三星,-1.0,-1.0,-1.0,-1.0,-1
2148,2.0,-1.0,-1.0,-1.0,-1.0,-1.0,-1.0,-1.0,-1.0,-1.0,-1.0,-1.0,-1.0,-1.0,6.0,5.0,2.0,否,5G,否,0.0,是,0.0,0.0,204.0,0.0,小米科技,M2007J17C,62.97,204.0,26.95,361.0,0.0,45609440.0,0.0,是,三星,-1.0,-1.0,-1.0,-1.0,-1
2149,1.0,1.0,1.0,1.0,-1.0,1.0,1.0,1.0,1.0,1.0,1.0,1.0,-1.0,1.0,14.0,30.0,3.0,否,5G,否,0.0,是,0.0,0.0,271.0,0.0,苹果,A2639,143.4,271.0,143.1,225.0,0.0,8317683.0,0.0,是,银卡,-1.0,-1.0,-1.0,-1.0,-1
2150,2.0,-1.0,-1.0,-1.0,-1.0,-1.0,-1.0,-1.0,-1.0,-1.0,-1.0,-1.0,-1.0,-1.0,10.0,23.0,1.0,否,5G,否,0.0,是,0.0,0.0,273.0,0.0,中兴,ZTE A2020N2 Pro,128.3,273.0,131.5,1433.0,0.0,15775716.0,0.0,是,金卡,-1.0,-1.0,-1.0,-1.0,-1
2151,2.0,-1.0,-1.0,-1.0,-1.0,-1.0,-1.0,-1.0,-1.0,-1.0,-1.0,-1.0,-1.0,-1.0,4.0,2.0,0.0,否,4G,否,0.0,是,0.0,0.0,186.0,0.0,华为,HMA-AL00,27.17,186.0,139.0,70.0,0.0,2738476.0,0.0,否,三星,-1.0,-1.0,-1.0,-1.0,-1
2152,2.0,-1.0,-1.0,-1.0,-1.0,-1.0,-1.0,-1.0,-1.0,-1.0,-1.0,-1.0,-1.0,-1.0,0.0,9.0,1.0,否,5G,否,0.0,是,0.0,0.0,192.0,0.0,苹果,A2634,18.1,192.0,32.44,295.0,0.0,83720.0,0.0,是,二星,-1.0,-1.0,-1.0,-1.0,-1
2153,2.0,-1.0,-1.0,-1.0,-1.0,-1.0,-1.0,-1.0,-1.0,-1.0,-1.0,-1.0,-1.0,-1.0,21.0,47.0,24.0,否,4G,是,0.0,是,0.0,0.0,1730.0,0.0,华为,ELE-TL00,205.0,1730.0,198.0,1184.0,0.0,12437084.0,0.0,否,银卡,-1.0,-1.0,-1.0,-1.0,-1
2154,2.0,-1.0,-1.0,-1.0,-1.0,-1.0,-1.0,-1.0,-1.0,-1.0,-1.0,-1.0,-1.0,-1.0,22.0,24.0,0.0,否,5G,是,0.0,是,0.0,0.0,418.0,0.0,小米科技,M2002J9E,61.3,418.0,65.0,456.0,0.0,41987285.0,0.0,是,三星,-1.0,-1.0,-1.0,-1.0,-1
2155,1.0,-1.0,1.0,-1.0,-1.0,1.0,-1.0,-1.0,1.0,-1.0,-1.0,1.0,-1.0,-1.0,12.0,6.0,0.0,否,4G,否,0.0,是,0.0,0.0,842.0,0.0,苹果,A2223,65.0,842.0,60.0,433.0,0.0,53651997.0,0.0,否,三星,-1.0,-1.0,-1.0,-1.0,-1
2156,1.0,-1.0,-1.0,-1.0,-1.0,-1.0,-1.0,1.0,1.0,-1.0,-1.0,-1.0,-1.0,1.0,0.0,3.0,2.0,否,4G,否,0.0,是,0.0,0.107883817427386,964.0,104.0,苹果,A2104,330.9,964.0,322.3,820.0,0.110691544127023,34857631.0,3858445.0,否,白金卡,-1.0,-1.0,-1.0,-1.0,-1
2157,1.0,1.0,-1.0,-1.0,-1.0,-1.0,-1.0,-1.0,-1.0,1.0,-1.0,1.0,-1.0,1.0,6.0,79.0,3.0,否,5G,否,0.0,是,0.0,0.0,245.0,0.0,苹果,A2634,18.0,245.0,18.0,241.0,0.0,954672.0,0.0,是,三星,-1.0,-1.0,-1.0,-1.0,-1
2158,2.0,-1.0,-1.0,-1.0,-1.0,-1.0,-1.0,-1.0,-1.0,-1.0,-1.0,-1.0,-1.0,-1.0,1.0,8.0,0.0,否,4G,否,0.0,是,0.0,0.0,343.0,0.0,三星,SM-N9860,60.0,343.0,60.0,380.0,0.0,2260745.0,0.0,否,三星,-1.0,-1.0,-1.0,-1.0,-1
2159,1.0,1.0,-1.0,-1.0,-1.0,-1.0,-1.0,-1.0,1.0,1.0,1.0,1.0,-1.0,1.0,21.0,30.0,15.0,否,5G,否,0.0,是,0.0,0.0,2045.0,0.0,苹果,A2644,209.6,2045.0,185.0,1608.0,0.0,37421287.0,0.0,是,银卡,-1.0,-1.0,-1.0,-1.0,-1
2160,2.0,-1.0,-1.0,-1.0,-1.0,-1.0,-1.0,-1.0,-1.0,-1.0,-1.0,-1.0,-1.0,-1.0,4.0,10.0,4.0,否,4G,否,99.56,是,30.0,0.0,608.0,0.0,苹果,A2404,144.68,608.0,83.52,362.0,0.0,12186589.0,0.0,否,二星,-1.0,-1.0,-1.0,-1.0,-1
2161,2.0,-1.0,-1.0,-1.0,-1.0,-1.0,-1.0,-1.0,-1.0,-1.0,-1.0,-1.0,-1.0,-1.0,0.0,5.0,7.0,否,4G,否,0.0,是,0.0,0.0,153.0,0.0,华为,VOG-AL00,115.0,153.0,115.0,104.0,0.0,46421771.0,0.0,否,银卡,-1.0,-1.0,-1.0,-1.0,-1
2162,1.0,1.0,-1.0,-1.0,-1.0,1.0,-1.0,-1.0,-1.0,1.0,1.0,1.0,-1.0,1.0,156.0,33.0,5.0,否,4G,否,0.0,是,0.0,0.0,1143.0,0.0,华为,LIO-AL00,65.0,1143.0,58.0,1096.0,0.0,23289566.0,0.0,否,三星,-1.0,-1.0,-1.0,-1.0,-1
2163,1.0,1.0,1.0,-1.0,-1.0,-1.0,-1.0,-1.0,-1.0,-1.0,-1.0,1.0,-1.0,1.0,1.0,3.0,0.0,否,4G,否,0.0,是,0.0,0.0,178.0,0.0,华为,VOG-AL00,60.0,178.0,60.0,100.0,0.0,3844360.0,0.0,否,三星,-1.0,-1.0,-1.0,-1.0,-1
2164,2.0,-1.0,-1.0,-1.0,-1.0,-1.0,-1.0,-1.0,-1.0,-1.0,-1.0,-1.0,-1.0,-1.0,4.0,0.0,0.0,否,4G,否,0.0,是,0.0,0.0,125.0,0.0,华为,EVR-AL00,28.0,125.0,28.0,107.0,0.0,11078139.0,0.0,否,三星,-1.0,-1.0,-1.0,-1.0,-1
2165,2.0,-1.0,-1.0,-1.0,-1.0,-1.0,-1.0,-1.0,-1.0,-1.0,-1.0,-1.0,-1.0,-1.0,1.0,17.0,1.0,否,4G,否,0.0,是,0.0,0.0,513.0,0.0,苹果,iPhone 7Plus A1661,60.15,513.0,60.0,399.0,0.0,16587101.0,0.0,否,三星,-1.0,-1.0,-1.0,-1.0,-1
2166,2.0,-1.0,-1.0,-1.0,-1.0,-1.0,-1.0,-1.0,-1.0,-1.0,-1.0,-1.0,-1.0,-1.0,12.0,27.0,2.0,否,4G,否,0.0,是,0.0,0.0,332.0,0.0,华为,AKA-AL10,8.0,332.0,8.0,177.0,0.0,42353440.0,0.0,否,二星,-1.0,-1.0,-1.0,-1.0,-1
2167,2.0,-1.0,-1.0,-1.0,-1.0,-1.0,-1.0,-1.0,-1.0,-1.0,-1.0,-1.0,-1.0,-1.0,26.0,4.0,0.0,否,4G,是,0.0,是,0.0,0.0,141.0,0.0,华为,ELE-AL00,16.0,141.0,23.85,245.0,0.0,16558270.0,0.0,否,三星,-1.0,-1.0,-1.0,-1.0,-1
2168,1.0,1.0,-1.0,-1.0,-1.0,-1.0,-1.0,-1.0,-1.0,1.0,-1.0,-1.0,-1.0,-1.0,1.0,0.0,0.0,否,4G,否,0.0,是,0.0,0.0,160.0,0.0,苹果,iPhone 7Plus A1661,83.0,160.0,83.0,292.0,1.25826883158949e-06,31789709.0,40.0,否,三星,-1.0,-1.0,-1.0,-1.0,-1
2169,1.0,1.0,-1.0,-1.0,-1.0,-1.0,1.0,-1.0,1.0,-1.0,-1.0,1.0,-1.0,-1.0,5.0,23.0,2.0,否,4G,否,52.41,是,1.41,0.0,212.0,0.0,中国移动,SP200,177.41,212.0,146.1,294.0,0.0,57021678.0,0.0,否,银卡,-1.0,-1.0,-1.0,-1.0,-1
2170,2.0,-1.0,-1.0,-1.0,-1.0,-1.0,-1.0,-1.0,-1.0,-1.0,-1.0,-1.0,-1.0,-1.0,4.0,6.0,3.0,否,4G,否,0.0,是,0.0,0.0,243.0,0.0,华为,VOG-AL10,48.57,243.0,38.0,178.0,0.0,17340284.0,0.0,否,三星,-1.0,-1.0,-1.0,-1.0,-1
2171,2.0,-1.0,-1.0,-1.0,-1.0,-1.0,-1.0,-1.0,-1.0,-1.0,-1.0,-1.0,-1.0,-1.0,12.0,10.0,1.0,否,4G,否,0.0,是,0.0,0.0,176.0,0.0,苹果,iPhone X A1865,26.28,176.0,29.94,203.0,0.0,17816748.0,0.0,否,三星,-1.0,-1.0,-1.0,-1.0,-1
2172,2.0,-1.0,-1.0,-1.0,-1.0,-1.0,-1.0,-1.0,-1.0,-1.0,-1.0,-1.0,-1.0,-1.0,0.0,0.0,0.0,否,4G,否,19.36,是,5.51,0.0,186.0,0.0,苹果,A2104,5.51,186.0,0.0,79.0,0.0,1883608.0,0.0,否,三星,-1.0,-1.0,-1.0,-1.0,-1
2173,1.0,-1.0,1.0,-1.0,-1.0,1.0,-1.0,1.0,1.0,1.0,1.0,1.0,-1.0,-1.0,6.0,76.0,8.0,否,4G,否,0.0,是,0.0,0.0,900.0,0.0,苹果,iPhone 7Plus A1661,1.7,900.0,2.2,1039.0,0.0,37404501.0,0.0,否,一星,-1.0,-1.0,-1.0,-1.0,-1
2174,2.0,-1.0,-1.0,-1.0,-1.0,-1.0,-1.0,-1.0,-1.0,-1.0,-1.0,-1.0,-1.0,-1.0,4.0,0.0,3.0,否,5G,否,0.0,是,0.0,0.0,508.0,0.0,小米科技,M2011K2C,42.0,508.0,42.0,278.0,0.0,17500344.0,0.0,是,三星,-1.0,-1.0,-1.0,-1.0,-1
2175,2.0,-1.0,-1.0,-1.0,-1.0,-1.0,-1.0,-1.0,-1.0,-1.0,-1.0,-1.0,-1.0,-1.0,0.0,0.0,0.0,否,4G,否,0.0,是,0.0,0.0,168.0,0.0,华为,VOG-AL00,22.4,168.0,26.4,111.0,0.0,5035409.0,0.0,否,三星,-1.0,-1.0,-1.0,-1.0,-1
2176,2.0,-1.0,-1.0,-1.0,-1.0,-1.0,-1.0,-1.0,-1.0,-1.0,-1.0,-1.0,-1.0,-1.0,41.0,1.0,1.0,否,5G,否,0.0,是,0.0,0.0,654.0,0.0,欧珀,PEHM00,135.0,654.0,55.75,568.0,0.0,74029025.0,0.0,是,三星,-1.0,-1.0,-1.0,-1.0,-1
2177,1.0,1.0,-1.0,-1.0,-1.0,-1.0,-1.0,1.0,-1.0,-1.0,-1.0,1.0,-1.0,-1.0,7.0,4.0,0.0,否,5G,否,0.0,是,0.0,0.0,184.0,0.0,华为,EVR-AN00,471.97,184.0,469.0,252.0,0.0,11440581.0,0.0,是,钻石卡,-1.0,-1.0,-1.0,-1.0,-1
2178,2.0,-1.0,-1.0,-1.0,-1.0,-1.0,-1.0,-1.0,-1.0,-1.0,-1.0,-1.0,-1.0,-1.0,75.0,24.0,0.0,否,4G,否,0.0,是,0.0,0.0,232.0,0.0,华为,NOH-AL10,58.0,232.0,58.0,150.0,0.0,25326194.0,0.0,否,三星,-1.0,-1.0,-1.0,-1.0,-1
2179,2.0,-1.0,-1.0,-1.0,-1.0,-1.0,-1.0,-1.0,-1.0,-1.0,-1.0,-1.0,-1.0,-1.0,3.0,10.0,2.0,否,4G,否,0.0,是,0.0,0.0,217.0,0.0,华为,LIO-AL00,146.0,217.0,146.0,353.0,0.0,11881282.0,0.0,否,银卡,-1.0,-1.0,-1.0,-1.0,-1
2180,1.0,1.0,1.0,-1.0,1.0,1.0,-1.0,-1.0,1.0,1.0,1.0,-1.0,1.0,-1.0,128.0,39.0,1.0,否,4G,否,0.0,是,0.0,0.0102880658436214,486.0,5.0,苹果,iPhone X A1865,131.0,486.0,131.5,748.0,0.00150032763927496,10259759.0,15393.0,否,银卡,-1.0,-1.0,-1.0,-1.0,-1
2181,1.0,1.0,1.0,-1.0,-1.0,1.0,-1.0,1.0,1.0,1.0,1.0,1.0,-1.0,1.0,28.0,19.0,0.0,否,5G,否,0.0,是,0.0,0.0,182.0,0.0,苹果,A2639,95.0,182.0,91.0,208.0,0.0,47886935.0,0.0,是,银卡,-1.0,-1.0,-1.0,-1.0,-1
2182,2.0,-1.0,-1.0,-1.0,-1.0,-1.0,-1.0,-1.0,-1.0,-1.0,-1.0,-1.0,-1.0,-1.0,10.0,11.0,5.0,否,5G,否,0.0,是,0.0,0.0,319.0,0.0,欧珀,PEGM00,10.0,319.0,10.0,243.0,0.000402157321174697,6644166.0,2672.0,是,一星,-1.0,-1.0,-1.0,-1.0,-1
2183,2.0,-1.0,-1.0,-1.0,-1.0,-1.0,-1.0,-1.0,-1.0,-1.0,-1.0,-1.0,-1.0,-1.0,0.0,0.0,0.0,否,5G,否,115.4,是,16.3,0.0,135.0,0.0,华为,NOH-AN00,44.0,135.0,25.0,58.0,0.0,13773526.0,0.0,是,三星,-1.0,-1.0,-1.0,-1.0,-1
2184,1.0,1.0,-1.0,-1.0,-1.0,-1.0,-1.0,-1.0,-1.0,-1.0,-1.0,1.0,-1.0,-1.0,0.0,0.0,0.0,否,4G,否,77.72,是,20.0,0.0,175.0,0.0,华为,LRA-AL00,99.69,175.0,54.27,194.0,0.0,20086224.0,0.0,否,三星,-1.0,-1.0,-1.0,-1.0,-1
2185,1.0,1.0,-1.0,-1.0,1.0,1.0,-1.0,-1.0,1.0,1.0,-1.0,-1.0,-1.0,-1.0,6.0,26.0,8.0,否,5G,否,0.0,是,0.0,0.0,515.0,0.0,苹果,A2404,110.0,515.0,110.0,451.0,0.0,12293299.0,0.0,是,银卡,-1.0,-1.0,-1.0,-1.0,-1
2186,1.0,-1.0,-1.0,-1.0,-1.0,1.0,-1.0,1.0,1.0,-1.0,1.0,-1.0,-1.0,-1.0,0.0,0.0,0.0,否,5G,否,0.0,是,0.0,0.0,238.0,0.0,苹果,A2644,58.0,238.0,58.0,254.0,0.0,3091204.0,0.0,是,三星,-1.0,-1.0,-1.0,-1.0,-1
2187,2.0,-1.0,-1.0,-1.0,-1.0,-1.0,-1.0,-1.0,-1.0,-1.0,-1.0,-1.0,-1.0,-1.0,0.0,7.0,1.0,否,4G,否,0.0,是,0.0,0.156626506024096,249.0,39.0,三星,SM-G9600/DS,74.0,249.0,166.21,286.0,0.274172144520473,19943638.0,5467990.0,否,三星,-1.0,-1.0,-1.0,-1.0,-1
2188,2.0,-1.0,-1.0,-1.0,-1.0,-1.0,-1.0,-1.0,-1.0,-1.0,-1.0,-1.0,-1.0,-1.0,82.0,8.0,2.0,否,4G,否,0.0,是,0.0,0.0,426.0,0.0,华为,VOG-AL10,56.0,426.0,56.0,353.0,0.0,8880914.0,0.0,否,三星,-1.0,-1.0,-1.0,-1.0,-1
2189,2.0,-1.0,-1.0,-1.0,-1.0,-1.0,-1.0,-1.0,-1.0,-1.0,-1.0,-1.0,-1.0,-1.0,24.0,24.0,2.0,否,5G,否,0.0,是,0.0,0.0,258.0,0.0,苹果,A2408,99.0,258.0,99.15,237.0,0.0,7343844.0,0.0,是,三星,-1.0,-1.0,-1.0,-1.0,-1
2190,1.0,-1.0,-1.0,-1.0,-1.0,-1.0,1.0,-1.0,-1.0,-1.0,-1.0,1.0,-1.0,1.0,77.0,80.0,2.0,否,5G,否,0.0,是,0.0,0.0,399.0,0.0,华为,ANY-AN00,19.0,399.0,18.0,273.0,0.0,5854779.0,0.0,是,三星,-1.0,-1.0,-1.0,-1.0,-1
2191,2.0,-1.0,-1.0,-1.0,-1.0,-1.0,-1.0,-1.0,-1.0,-1.0,-1.0,-1.0,-1.0,-1.0,15.0,9.0,5.0,否,5G,否,0.0,是,0.0,0.0,1832.0,0.0,华为,ELS-AN10,109.6,1832.0,109.0,1103.0,0.0,8430086.0,0.0,是,银卡,-1.0,-1.0,-1.0,-1.0,-1
2192,2.0,-1.0,-1.0,-1.0,-1.0,-1.0,-1.0,-1.0,-1.0,-1.0,-1.0,-1.0,-1.0,-1.0,28.0,10.0,0.0,否,4G,否,0.0,是,0.0,0.0,199.0,0.0,苹果,A2100,103.0,199.0,103.15,387.0,0.0,15205960.0,0.0,否,银卡,-1.0,-1.0,-1.0,-1.0,-1
2193,1.0,1.0,-1.0,-1.0,-1.0,-1.0,-1.0,-1.0,-1.0,-1.0,1.0,-1.0,-1.0,-1.0,102.0,4.0,1.0,否,4G,否,0.0,是,0.0,0.0,186.0,0.0,苹果,iPhone 8 Plus A1864,17.0,186.0,15.2,212.0,0.0,1519689.0,0.0,否,三星,-1.0,-1.0,-1.0,-1.0,-1
2194,1.0,1.0,-1.0,-1.0,-1.0,1.0,-1.0,-1.0,-1.0,-1.0,-1.0,1.0,-1.0,1.0,19.0,26.0,2.0,否,4G,否,0.0,是,0.0,0.0,560.0,0.0,华为,ALP-AL00,140.0,560.0,140.0,579.0,0.0,10712100.0,0.0,否,银卡,-1.0,-1.0,-1.0,-1.0,-1
2195,2.0,-1.0,-1.0,-1.0,-1.0,-1.0,-1.0,-1.0,-1.0,-1.0,-1.0,-1.0,-1.0,-1.0,0.0,8.0,0.0,否,5G,否,0.0,是,0.0,0.0,439.0,0.0,华为,LIO-AN00,45.0,439.0,45.0,342.0,0.0,11544824.0,0.0,是,三星,-1.0,-1.0,-1.0,-1.0,-1
2196,1.0,1.0,-1.0,-1.0,-1.0,1.0,-1.0,-1.0,1.0,-1.0,-1.0,-1.0,-1.0,-1.0,0.0,6.0,0.0,否,5G,否,0.0,是,0.0,0.0,222.0,0.0,苹果,A2404,90.1,222.0,90.0,199.0,0.0,10576665.0,0.0,是,银卡,-1.0,-1.0,-1.0,-1.0,-1
2197,1.0,-1.0,-1.0,-1.0,1.0,-1.0,-1.0,-1.0,-1.0,-1.0,-1.0,1.0,-1.0,-1.0,7.0,0.0,0.0,否,4G,否,0.0,是,0.0,0.0,235.0,0.0,小米科技,M2006C3LC,69.5,235.0,69.0,510.0,0.0,62449842.0,0.0,否,二星,-1.0,-1.0,-1.0,-1.0,-1
2198,2.0,-1.0,-1.0,-1.0,-1.0,-1.0,-1.0,-1.0,-1.0,-1.0,-1.0,-1.0,-1.0,-1.0,2.0,18.0,1.0,否,4G,否,0.0,是,0.0,0.0,211.0,0.0,亿城,YC202,58.0,211.0,86.0,120.0,0.0,1112292.0,0.0,否,三星,-1.0,-1.0,-1.0,-1.0,-1
2199,2.0,-1.0,-1.0,-1.0,-1.0,-1.0,-1.0,-1.0,-1.0,-1.0,-1.0,-1.0,-1.0,-1.0,1.0,1.0,0.0,否,5G,否,0.0,是,0.0,0.0,285.0,0.0,苹果,A2404,105.0,285.0,90.0,303.0,0.0,614682.0,0.0,是,银卡,-1.0,-1.0,-1.0,-1.0,-1
2200,1.0,1.0,1.0,-1.0,-1.0,-1.0,-1.0,-1.0,1.0,-1.0,-1.0,-1.0,-1.0,1.0,129.0,12.0,4.0,否,4G,否,0.0,是,0.0,0.0,341.0,0.0,0,0,40.0,341.0,15.0,81.0,0.0,823990.0,0.0,否,一星,-1.0,-1.0,-1.0,-1.0,-1
2201,1.0,-1.0,-1.0,-1.0,-1.0,1.0,1.0,-1.0,1.0,-1.0,-1.0,1.0,1.0,-1.0,0.0,0.0,0.0,否,4G,否,0.0,是,0.0,0.0,158.0,0.0,华为,WLZ-AN00,14.4,158.0,12.7,216.0,0.0,354.0,0.0,否,三星,-1.0,-1.0,-1.0,-1.0,-1
2202,1.0,1.0,-1.0,-1.0,-1.0,1.0,-1.0,1.0,1.0,1.0,1.0,1.0,-1.0,-1.0,3.0,2.0,3.0,否,5G,否,0.0,是,0.0,0.0,1950.0,0.0,苹果,A2404,79.0,1950.0,79.0,1493.0,0.0,20921585.0,0.0,是,二星,-1.0,-1.0,-1.0,-1.0,-1
2203,2.0,-1.0,-1.0,-1.0,-1.0,-1.0,-1.0,-1.0,-1.0,-1.0,-1.0,-1.0,-1.0,-1.0,11.0,7.0,2.0,否,5G,否,0.0,是,0.0,0.0,268.0,0.0,小米科技,M2001J2C,64.24,268.0,42.6,114.0,0.0,9652910.0,0.0,是,三星,-1.0,-1.0,-1.0,-1.0,-1
2204,1.0,1.0,1.0,1.0,1.0,1.0,1.0,1.0,1.0,1.0,1.0,1.0,-1.0,1.0,15.0,25.0,5.0,否,5G,否,0.0,是,0.0,0.0,644.0,0.0,欧珀,PEMM00,53.45,644.0,53.0,480.0,0.0,33301649.0,0.0,是,三星,-1.0,-1.0,-1.0,-1.0,-1
2205,1.0,1.0,1.0,1.0,1.0,1.0,1.0,1.0,1.0,1.0,1.0,1.0,1.0,1.0,5.0,27.0,7.0,否,4G,否,0.0,是,0.0,0.0,1916.0,0.0,苹果,A2104,155.58,1916.0,112.94,1478.0,0.0,27043495.0,0.0,否,三星,-1.0,-1.0,-1.0,-1.0,-1
2206,2.0,-1.0,-1.0,-1.0,-1.0,-1.0,-1.0,-1.0,-1.0,-1.0,-1.0,-1.0,-1.0,-1.0,7.0,4.0,2.0,否,5G,否,0.0,是,0.0,0.0,248.0,0.0,小米科技,M2007J17C,10.0,248.0,11.0,368.0,0.0,5353548.0,0.0,是,三星,-1.0,-1.0,-1.0,-1.0,-1
2207,1.0,-1.0,-1.0,-1.0,-1.0,1.0,-1.0,-1.0,-1.0,-1.0,1.0,1.0,-1.0,1.0,5.0,18.0,0.0,否,5G,否,0.0,是,0.0,0.0,312.0,0.0,苹果,A2634,80.0,312.0,80.0,468.0,0.0,23625110.0,0.0,是,三星,-1.0,-1.0,-1.0,-1.0,-1
2208,1.0,-1.0,-1.0,-1.0,-1.0,1.0,1.0,-1.0,1.0,-1.0,-1.0,1.0,-1.0,1.0,6.0,8.0,0.0,否,4G,是,110.68,是,26.68,0.0,218.0,0.0,欧珀,PCHM30,54.77,218.0,40.86,58.0,0.0,68441614.0,0.0,否,一星,-1.0,-1.0,-1.0,-1.0,-1
2209,1.0,1.0,1.0,-1.0,-1.0,-1.0,-1.0,-1.0,1.0,-1.0,-1.0,-1.0,-1.0,-1.0,6.0,160.0,22.0,否,5G,是,0.0,是,0.0,0.0,1772.0,0.0,华为,TET-AN00,98.68,1772.0,138.58,1746.0,0.0,1394305.0,0.0,是,三星,-1.0,-1.0,-1.0,-1.0,-1
2210,2.0,-1.0,-1.0,-1.0,-1.0,-1.0,-1.0,-1.0,-1.0,-1.0,-1.0,-1.0,-1.0,-1.0,2.0,33.0,5.0,否,4G,否,0.0,是,0.0,0.07265625,1280.0,93.0,华为,VOG-AL10,270.0,1280.0,270.0,1471.0,0.108012015780283,38290314.0,4135814.0,否,白金卡,-1.0,-1.0,-1.0,-1.0,-1
2211,1.0,-1.0,1.0,-1.0,-1.0,-1.0,-1.0,-1.0,-1.0,-1.0,-1.0,1.0,-1.0,-1.0,5.0,1.0,0.0,否,4G,否,0.0,是,0.0,0.0,569.0,0.0,华为,SEA-AL10,49.8,569.0,55.7,384.0,0.0,18254816.0,0.0,否,一星,-1.0,-1.0,-1.0,-1.0,-1
2212,1.0,1.0,1.0,-1.0,-1.0,-1.0,-1.0,-1.0,-1.0,-1.0,-1.0,-1.0,-1.0,1.0,3.0,6.0,3.0,否,4G,否,0.0,是,0.0,0.0,305.0,0.0,华为,PAR-AL00,60.0,305.0,60.0,355.0,0.0,39130838.0,0.0,否,三星,-1.0,-1.0,-1.0,-1.0,-1
2213,1.0,-1.0,1.0,-1.0,-1.0,-1.0,-1.0,-1.0,-1.0,-1.0,1.0,-1.0,-1.0,-1.0,3.0,25.0,4.0,否,4G,否,0.0,是,0.0,0.0,635.0,0.0,苹果,iPhone X A1865,141.0,635.0,141.0,805.0,0.0,8167898.0,0.0,否,银卡,-1.0,-1.0,-1.0,-1.0,-1
2214,2.0,-1.0,-1.0,-1.0,-1.0,-1.0,-1.0,-1.0,-1.0,-1.0,-1.0,-1.0,-1.0,-1.0,2.0,5.0,0.0,否,5G,否,0.0,是,0.0,0.0,220.0,0.0,苹果,A2404,68.66,220.0,64.4,90.0,0.0,15234959.0,0.0,是,三星,-1.0,-1.0,-1.0,-1.0,-1
2215,2.0,-1.0,-1.0,-1.0,-1.0,-1.0,-1.0,-1.0,-1.0,-1.0,-1.0,-1.0,-1.0,-1.0,33.0,0.0,0.0,否,4G,否,149.66,是,30.0,0.0,357.0,0.0,华为,HRY-AL00Ta,88.0,357.0,58.0,204.0,0.0,23462683.0,0.0,否,三星,-1.0,-1.0,-1.0,-1.0,-1
2216,1.0,1.0,-1.0,-1.0,-1.0,-1.0,-1.0,-1.0,1.0,-1.0,-1.0,-1.0,-1.0,1.0,1.0,0.0,1.0,否,5G,否,0.0,是,0.0,0.0,135.0,0.0,华为,TAS-AN00,74.0,135.0,74.0,187.0,0.0,2483104.0,0.0,是,三星,-1.0,-1.0,-1.0,-1.0,-1
2217,2.0,-1.0,-1.0,-1.0,-1.0,-1.0,-1.0,-1.0,-1.0,-1.0,-1.0,-1.0,-1.0,-1.0,36.0,12.0,1.0,否,4G,否,0.0,是,0.0,0.0,304.0,0.0,苹果,A2104,150.0,304.0,207.0,73.0,0.0,66126574.0,0.0,否,三星,-1.0,-1.0,-1.0,-1.0,-1
2218,2.0,-1.0,-1.0,-1.0,-1.0,-1.0,-1.0,-1.0,-1.0,-1.0,-1.0,-1.0,-1.0,-1.0,342.0,6.0,0.0,否,4G,否,0.0,是,0.0,0.0,148.0,0.0,欧珀,PBCM10,90.0,148.0,84.0,121.0,0.0,32815617.0,0.0,否,三星,-1.0,-1.0,-1.0,-1.0,-1
2219,1.0,-1.0,1.0,-1.0,-1.0,1.0,-1.0,-1.0,-1.0,1.0,-1.0,1.0,-1.0,1.0,43.0,4.0,1.0,否,4G,否,0.0,是,0.0,0.0,226.0,0.0,苹果,A2223,41.19,226.0,8.97,55.0,9.67829352328597e-06,11158992.0,108.0,否,三星,-1.0,-1.0,-1.0,-1.0,-1
2220,2.0,-1.0,-1.0,-1.0,-1.0,-1.0,-1.0,-1.0,-1.0,-1.0,-1.0,-1.0,-1.0,-1.0,0.0,27.0,2.0,否,4G,否,0.0,是,0.0,0.0,257.0,0.0,欧珀,PEDM00,18.0,257.0,18.0,289.0,0.0,88264.0,0.0,否,三星,-1.0,-1.0,-1.0,-1.0,-1
2221,1.0,-1.0,-1.0,-1.0,-1.0,-1.0,-1.0,-1.0,1.0,1.0,-1.0,-1.0,-1.0,-1.0,160.0,39.0,4.0,否,4G,否,0.0,是,0.0,0.0,2980.0,0.0,华为,COL-AL10,263.99,2980.0,84.9,587.0,0.000128640101106606,15951480.0,2052.0,否,三星,1.0,-1.0,-1.0,-1.0,-1
2222,2.0,-1.0,-1.0,-1.0,-1.0,-1.0,-1.0,-1.0,-1.0,-1.0,-1.0,-1.0,-1.0,-1.0,0.0,0.0,0.0,否,4G,否,0.0,是,0.0,0.0,720.0,0.0,小米科技,M1906G7T,48.85,720.0,18.35,332.0,0.0,5105032.0,0.0,否,三星,-1.0,-1.0,-1.0,-1.0,-1
2223,1.0,1.0,1.0,-1.0,-1.0,-1.0,-1.0,-1.0,1.0,-1.0,1.0,-1.0,-1.0,1.0,6.0,25.0,1.0,否,4G,否,0.0,是,0.0,0.0,754.0,0.0,华为,JKM-AL00b,109.1,754.0,108.8,649.0,0.0,5796736.0,0.0,否,三星,-1.0,-1.0,-1.0,-1.0,-1
2224,1.0,1.0,1.0,-1.0,-1.0,-1.0,-1.0,-1.0,1.0,1.0,-1.0,1.0,-1.0,1.0,5.0,0.0,16.0,否,5G,否,0.0,是,0.0,0.0,182.0,0.0,小米科技,2106118C,135.0,182.0,128.0,57.0,0.0,12614698.0,0.0,是,银卡,-1.0,-1.0,1.0,-1.0,-1
2225,2.0,-1.0,-1.0,-1.0,-1.0,-1.0,-1.0,-1.0,-1.0,-1.0,-1.0,-1.0,-1.0,-1.0,10.0,18.0,0.0,否,4G,否,0.0,是,0.0,0.0,478.0,0.0,欧珀,PCPM00,51.0,478.0,51.0,281.0,0.0,11405114.0,0.0,否,银卡,-1.0,-1.0,-1.0,-1.0,-1
2226,1.0,1.0,1.0,-1.0,-1.0,-1.0,-1.0,-1.0,-1.0,-1.0,1.0,1.0,-1.0,-1.0,6.0,25.0,33.0,否,5G,否,0.0,是,0.0,0.0,692.0,0.0,苹果,iPhone 7 A1660,182.35,692.0,128.3,110.0,0.0,3753427.0,0.0,是,银卡,-1.0,-1.0,-1.0,-1.0,-1
2227,2.0,-1.0,-1.0,-1.0,-1.0,-1.0,-1.0,-1.0,-1.0,-1.0,-1.0,-1.0,-1.0,-1.0,46.0,16.0,2.0,否,4G,否,0.0,是,0.0,0.0,416.0,0.0,华为,HRY-AL00,21.0,416.0,117.7,845.0,0.0,76464840.0,0.0,否,二星,-1.0,-1.0,-1.0,-1.0,-1
2228,1.0,1.0,1.0,-1.0,-1.0,-1.0,1.0,-1.0,-1.0,-1.0,-1.0,1.0,-1.0,1.0,1.0,0.0,3.0,否,5G,否,0.0,是,0.0,0.0,675.0,0.0,华为,ANG-AN00,290.0,675.0,290.0,465.0,0.0,20143708.0,0.0,是,白金卡,-1.0,-1.0,-1.0,-1.0,-1
2229,2.0,-1.0,-1.0,-1.0,-1.0,-1.0,-1.0,-1.0,-1.0,-1.0,-1.0,-1.0,-1.0,-1.0,3.0,11.0,8.0,否,4G,否,0.0,是,0.0,0.0,464.0,0.0,华为,TAS-AL00,70.0,464.0,60.0,309.0,0.0,17299899.0,0.0,否,三星,-1.0,-1.0,-1.0,-1.0,-1
2230,2.0,-1.0,-1.0,-1.0,-1.0,-1.0,-1.0,-1.0,-1.0,-1.0,-1.0,-1.0,-1.0,-1.0,38.0,13.0,6.0,否,4G,否,0.0,是,0.0,0.0,266.0,0.0,华为,BKL-AL00,63.0,266.0,67.75,485.0,0.00441804943749267,14795896.0,65369.0,否,三星,-1.0,-1.0,-1.0,-1.0,-1
2231,2.0,-1.0,-1.0,-1.0,-1.0,-1.0,-1.0,-1.0,-1.0,-1.0,-1.0,-1.0,-1.0,-1.0,9.0,9.0,1.0,否,4G,否,0.0,是,0.0,0.0,248.0,0.0,小米科技,M1901F9E,31.0,248.0,31.0,483.0,0.0,22502741.0,0.0,否,二星,-1.0,-1.0,-1.0,-1.0,-1
2232,2.0,-1.0,-1.0,-1.0,-1.0,-1.0,-1.0,-1.0,-1.0,-1.0,-1.0,-1.0,-1.0,-1.0,7.0,12.0,0.0,否,4G,否,0.0,是,0.0,0.0,307.0,0.0,华为,NAM-AL00,49.0,307.0,55.08,411.0,0.0,50626726.0,0.0,否,三星,-1.0,-1.0,-1.0,-1.0,-1
2233,1.0,1.0,1.0,-1.0,1.0,1.0,-1.0,1.0,-1.0,1.0,-1.0,1.0,-1.0,1.0,3.0,20.0,0.0,否,5G,是,0.0,是,0.0,0.0,170.0,0.0,苹果,A2629,85.0,170.0,88.1,352.0,0.0,1195218.0,0.0,是,三星,-1.0,-1.0,-1.0,-1.0,-1
2234,1.0,1.0,-1.0,-1.0,1.0,1.0,-1.0,-1.0,-1.0,-1.0,-1.0,1.0,-1.0,-1.0,0.0,0.0,1.0,否,5G,否,0.0,是,0.0,0.0,347.0,0.0,小米科技,M2011K2C,95.0,347.0,95.0,410.0,0.0,20791466.0,0.0,是,三星,-1.0,-1.0,-1.0,-1.0,-1
2235,2.0,-1.0,-1.0,-1.0,-1.0,-1.0,-1.0,-1.0,-1.0,-1.0,-1.0,-1.0,-1.0,-1.0,0.0,48.0,6.0,否,4G,否,0.0,是,0.0,0.0,370.0,0.0,步步高,vivo Y83A,90.0,370.0,90.0,389.0,0.0,826894.0,0.0,否,三星,-1.0,-1.0,-1.0,-1.0,-1
2236,1.0,-1.0,-1.0,-1.0,1.0,-1.0,-1.0,1.0,1.0,-1.0,-1.0,-1.0,-1.0,-1.0,0.0,7.0,0.0,否,4G,否,0.0,是,0.0,0.0,336.0,0.0,华为,VOG-AL10,401.9,336.0,398.0,270.0,0.0,3319078.0,0.0,否,白金卡,-1.0,-1.0,-1.0,-1.0,-1
2237,2.0,-1.0,-1.0,-1.0,-1.0,-1.0,-1.0,-1.0,-1.0,-1.0,-1.0,-1.0,-1.0,-1.0,14.0,17.0,0.0,否,5G,否,0.0,是,0.0,0.0,305.0,0.0,苹果,A2634,60.2,305.0,60.0,401.0,0.0,22483999.0,0.0,是,三星,-1.0,-1.0,-1.0,-1.0,-1
2238,1.0,1.0,-1.0,-1.0,-1.0,-1.0,-1.0,-1.0,-1.0,-1.0,-1.0,1.0,-1.0,-1.0,5.0,6.0,0.0,否,4G,否,0.0,是,0.0,0.0,160.0,0.0,步步高,V2049A,100.0,160.0,100.0,182.0,0.0,27905965.0,0.0,否,三星,-1.0,-1.0,-1.0,-1.0,-1
2239,2.0,-1.0,-1.0,-1.0,-1.0,-1.0,-1.0,-1.0,-1.0,-1.0,-1.0,-1.0,-1.0,-1.0,11.0,2.0,0.0,否,4G,否,29.84,是,3.0,0.0,283.0,0.0,华为,HMA-AL00,30.3,283.0,25.0,130.0,0.0,64230247.0,0.0,否,二星,-1.0,-1.0,-1.0,-1.0,-1
2240,2.0,-1.0,-1.0,-1.0,-1.0,-1.0,-1.0,-1.0,-1.0,-1.0,-1.0,-1.0,-1.0,-1.0,11.0,18.0,1.0,否,5G,否,0.0,是,0.0,0.0,155.0,0.0,华为,LIO-AN00m,28.0,155.0,28.0,188.0,0.0,2898155.0,0.0,是,三星,-1.0,-1.0,-1.0,-1.0,-1
2241,1.0,1.0,-1.0,-1.0,1.0,1.0,-1.0,-1.0,1.0,1.0,1.0,1.0,-1.0,1.0,39.0,25.0,2.0,否,5G,否,0.0,是,0.0,0.0,373.0,0.0,苹果,A2634,112.25,373.0,114.75,261.0,0.0,21535564.0,0.0,是,银卡,-1.0,-1.0,-1.0,-1.0,-1
2242,2.0,-1.0,-1.0,-1.0,-1.0,-1.0,-1.0,-1.0,-1.0,-1.0,-1.0,-1.0,-1.0,-1.0,14.0,7.0,4.0,否,5G,否,0.0,是,0.0,0.0,170.0,0.0,苹果,A2634,28.6,170.0,20.0,105.0,0.0,22328442.0,0.0,是,三星,-1.0,-1.0,-1.0,-1.0,-1
2243,1.0,1.0,-1.0,-1.0,1.0,-1.0,-1.0,-1.0,-1.0,-1.0,-1.0,1.0,-1.0,-1.0,26.0,9.0,1.0,否,5G,否,0.0,是,0.0,0.0,238.0,0.0,苹果,A2408,169.0,238.0,169.0,255.0,0.0,18384329.0,0.0,是,银卡,-1.0,-1.0,-1.0,-1.0,-1
2244,2.0,-1.0,-1.0,-1.0,-1.0,-1.0,-1.0,-1.0,-1.0,-1.0,-1.0,-1.0,-1.0,-1.0,0.0,8.0,0.0,否,4G,否,0.0,是,0.0,0.0,178.0,0.0,苹果,A2223,29.0,178.0,29.0,226.0,0.0,64726.0,0.0,否,三星,-1.0,-1.0,-1.0,-1.0,-1
2245,2.0,-1.0,-1.0,-1.0,-1.0,-1.0,-1.0,-1.0,-1.0,-1.0,-1.0,-1.0,-1.0,-1.0,14.0,0.0,0.0,否,4G,否,0.0,是,0.0,0.0,198.0,0.0,华为,TAS-AN00,69.2,198.0,69.0,285.0,0.0,1390.0,0.0,否,三星,-1.0,-1.0,-1.0,-1.0,-1
2246,2.0,-1.0,-1.0,-1.0,-1.0,-1.0,-1.0,-1.0,-1.0,-1.0,-1.0,-1.0,-1.0,-1.0,38.0,10.0,7.0,否,4G,否,0.0,是,0.0,0.0,601.0,0.0,苹果,A2223,58.0,601.0,59.6,763.0,0.0,3247627.0,0.0,否,三星,-1.0,-1.0,-1.0,-1.0,-1
2247,2.0,-1.0,-1.0,-1.0,-1.0,-1.0,-1.0,-1.0,-1.0,-1.0,-1.0,-1.0,-1.0,-1.0,23.0,18.0,1.0,否,4G,否,0.0,是,0.0,0.0,381.0,0.0,苹果,iPhone 7Plus A1661,200.0,381.0,200.0,462.0,0.0,49368163.0,0.0,否,银卡,-1.0,-1.0,-1.0,-1.0,-1
2248,1.0,1.0,-1.0,-1.0,-1.0,1.0,1.0,-1.0,1.0,-1.0,-1.0,-1.0,-1.0,1.0,5.0,7.0,0.0,否,4G,否,0.0,是,0.0,0.0,208.0,0.0,华为,HRY-AL00,59.0,208.0,42.75,95.0,0.0,28240724.0,0.0,否,三星,-1.0,-1.0,-1.0,-1.0,-1
2249,2.0,-1.0,-1.0,-1.0,-1.0,-1.0,-1.0,-1.0,-1.0,-1.0,-1.0,-1.0,-1.0,-1.0,24.0,4.0,0.0,否,4G,否,0.0,是,0.0,0.0,141.0,0.0,欧珀,OPPO R11,53.98,141.0,64.85,85.0,0.0,36754370.0,0.0,否,三星,-1.0,-1.0,-1.0,-1.0,-1
2250,1.0,1.0,1.0,-1.0,1.0,-1.0,-1.0,-1.0,-1.0,-1.0,1.0,1.0,1.0,1.0,8.0,6.0,2.0,否,5G,否,0.0,是,0.0,0.0,2930.0,0.0,华为,ELS-AN00,108.0,2930.0,108.0,3669.0,0.0,19864727.0,0.0,是,三星,-1.0,-1.0,-1.0,-1.0,-1
2251,2.0,-1.0,-1.0,-1.0,-1.0,-1.0,-1.0,-1.0,-1.0,-1.0,-1.0,-1.0,-1.0,-1.0,1.0,3.0,0.0,否,4G,否,0.0,是,0.0,0.0,196.0,0.0,苹果,iPhone 6S PLUS A1699,60.0,196.0,60.15,210.0,0.0,19187497.0,0.0,否,三星,-1.0,-1.0,-1.0,-1.0,-1
2252,1.0,-1.0,1.0,-1.0,-1.0,-1.0,-1.0,-1.0,1.0,1.0,-1.0,-1.0,-1.0,-1.0,4.0,15.0,4.0,否,4G,否,0.0,是,0.0,0.0,557.0,0.0,苹果,A2223,34.0,557.0,34.0,613.0,0.0,1572522.0,0.0,否,三星,-1.0,-1.0,-1.0,-1.0,-1
2253,2.0,-1.0,-1.0,-1.0,-1.0,-1.0,-1.0,-1.0,-1.0,-1.0,-1.0,-1.0,-1.0,-1.0,1.0,12.0,0.0,否,4G,否,0.0,是,0.0,0.0,527.0,0.0,步步高,V2023A,49.0,527.0,49.0,75.0,0.0,1499243.0,0.0,否,三星,-1.0,-1.0,-1.0,-1.0,-1
2254,2.0,-1.0,-1.0,-1.0,-1.0,-1.0,-1.0,-1.0,-1.0,-1.0,-1.0,-1.0,-1.0,-1.0,4.0,2.0,0.0,否,5G,否,296.61,是,5.0,0.0,702.0,0.0,华为,OCE-AN10,167.3,702.0,147.2,513.0,0.0,33604560.0,0.0,是,银卡,-1.0,-1.0,-1.0,-1.0,-1
2255,2.0,-1.0,-1.0,-1.0,-1.0,-1.0,-1.0,-1.0,-1.0,-1.0,-1.0,-1.0,-1.0,-1.0,4.0,25.0,1.0,否,5G,否,0.0,是,0.0,0.0,596.0,0.0,苹果,A2404,19.65,596.0,38.0,521.0,0.0,3166630.0,0.0,是,二星,-1.0,-1.0,-1.0,-1.0,-1
2256,1.0,1.0,-1.0,-1.0,1.0,1.0,-1.0,-1.0,-1.0,1.0,-1.0,-1.0,-1.0,1.0,1.0,11.0,0.0,否,4G,否,0.0,是,0.0,0.0,266.0,0.0,苹果,A2100,129.2,266.0,128.0,273.0,0.0,4348878.0,0.0,否,银卡,1.0,-1.0,-1.0,-1.0,1
2257,1.0,1.0,-1.0,1.0,-1.0,1.0,-1.0,-1.0,-1.0,-1.0,1.0,1.0,-1.0,-1.0,10.0,16.0,3.0,否,4G,否,0.0,是,0.0,0.0,363.0,0.0,苹果,A2223,80.0,363.0,80.0,342.0,0.0,11222806.0,0.0,否,三星,-1.0,-1.0,-1.0,-1.0,-1
2258,1.0,-1.0,1.0,-1.0,-1.0,-1.0,-1.0,-1.0,1.0,-1.0,-1.0,-1.0,-1.0,-1.0,5.0,14.0,7.0,否,4G,否,0.0,是,0.0,0.0,531.0,0.0,苹果,A2100,140.0,531.0,140.0,806.0,0.0,14965584.0,0.0,否,银卡,-1.0,-1.0,-1.0,-1.0,-1
2259,1.0,1.0,-1.0,-1.0,-1.0,1.0,-1.0,-1.0,1.0,1.0,-1.0,-1.0,-1.0,1.0,10.0,27.0,3.0,否,5G,否,0.0,是,0.0,0.0,817.0,0.0,华为,BRQ-AN00,80.0,817.0,80.0,858.0,6.84140920746559e-05,14002963.0,958.0,是,三星,-1.0,-1.0,-1.0,-1.0,-1
2260,1.0,1.0,-1.0,-1.0,-1.0,-1.0,-1.0,-1.0,-1.0,-1.0,-1.0,-1.0,1.0,1.0,0.0,5.0,0.0,否,4G,否,0.0,是,0.0,0.0,152.0,0.0,小米科技,M2006C3LC,40.0,152.0,40.0,66.0,0.0,11311764.0,0.0,否,三星,-1.0,-1.0,-1.0,-1.0,-1
2261,1.0,1.0,-1.0,-1.0,-1.0,-1.0,-1.0,-1.0,1.0,-1.0,-1.0,-1.0,1.0,-1.0,2.0,1.0,1.0,否,5G,否,0.0,是,0.0,0.0,528.0,0.0,华为,ELS-AN00,145.0,528.0,145.0,423.0,0.0,6686987.0,0.0,是,银卡,-1.0,-1.0,-1.0,-1.0,1
2262,2.0,-1.0,-1.0,-1.0,-1.0,-1.0,-1.0,-1.0,-1.0,-1.0,-1.0,-1.0,-1.0,-1.0,50.0,40.0,6.0,否,4G,否,0.0,是,0.0,0.0,235.0,0.0,苹果,iPhone 7 A1660,129.3,235.0,129.1,269.0,0.0,4817299.0,0.0,否,银卡,-1.0,-1.0,-1.0,-1.0,-1
2263,1.0,1.0,1.0,-1.0,-1.0,1.0,-1.0,1.0,1.0,1.0,-1.0,-1.0,-1.0,-1.0,12.0,4.0,0.0,否,4G,否,0.0,是,0.0,0.0,590.0,0.0,苹果,A2108,140.0,590.0,140.1,264.0,0.0,86832763.0,0.0,否,银卡,-1.0,-1.0,-1.0,-1.0,-1
2264,2.0,-1.0,-1.0,-1.0,-1.0,-1.0,-1.0,-1.0,-1.0,-1.0,-1.0,-1.0,-1.0,-1.0,1.0,16.0,3.0,否,5G,否,0.0,是,0.0,0.0,341.0,0.0,苹果,A2412,317.5,341.0,539.17,132.0,0.0,8793490.0,0.0,是,钻石卡,-1.0,-1.0,-1.0,-1.0,-1
2265,1.0,1.0,-1.0,-1.0,-1.0,1.0,-1.0,-1.0,1.0,-1.0,-1.0,1.0,-1.0,-1.0,125.0,8.0,1.0,否,4G,否,0.0,是,0.0,0.0,181.0,0.0,苹果,iPhone 7Plus A1661,25.0,181.0,25.6,189.0,0.0,3790791.0,0.0,否,三星,-1.0,-1.0,-1.0,-1.0,-1
2266,2.0,-1.0,-1.0,-1.0,-1.0,-1.0,-1.0,-1.0,-1.0,-1.0,-1.0,-1.0,-1.0,-1.0,5.0,21.0,0.0,否,4G,否,0.0,是,0.0,0.0,618.0,0.0,华为,JAD-AL50,68.0,618.0,68.0,824.0,0.0,44040771.0,0.0,否,二星,-1.0,-1.0,-1.0,-1.0,-1
2267,2.0,-1.0,-1.0,-1.0,-1.0,-1.0,-1.0,-1.0,-1.0,-1.0,-1.0,-1.0,-1.0,-1.0,55.0,3.0,0.0,否,4G,否,0.0,是,0.0,0.0,151.0,0.0,华为,VIE-AL10,39.76,151.0,39.0,144.0,0.0,3114736.0,0.0,否,三星,-1.0,-1.0,-1.0,-1.0,-1
2268,2.0,-1.0,-1.0,-1.0,-1.0,-1.0,-1.0,-1.0,-1.0,-1.0,-1.0,-1.0,-1.0,-1.0,1.0,21.0,1.0,否,4G,否,0.0,是,0.0,0.0,348.0,0.0,华为,ALP-AL00,143.3,348.0,200.0,807.0,0.0,5429682.0,0.0,否,银卡,-1.0,-1.0,-1.0,-1.0,-1
2269,1.0,-1.0,-1.0,-1.0,-1.0,-1.0,-1.0,-1.0,1.0,-1.0,1.0,-1.0,-1.0,1.0,2.0,36.0,12.0,否,4G,否,0.0,是,0.0,0.0,2080.0,0.0,华为,EBG-AN00,89.11,2080.0,48.0,1181.0,0.0,40939721.0,0.0,否,二星,1.0,-1.0,-1.0,-1.0,-1
2270,1.0,-1.0,-1.0,-1.0,-1.0,-1.0,1.0,-1.0,-1.0,-1.0,-1.0,1.0,-1.0,-1.0,10.0,0.0,0.0,否,5G,是,0.0,是,0.0,0.00292397660818713,342.0,1.0,华为,TAS-AN00,82.0,342.0,80.0,48.0,0.00766180466649395,16253873.0,124534.0,是,三星,-1.0,-1.0,-1.0,-1.0,-1
2271,1.0,1.0,1.0,-1.0,-1.0,1.0,-1.0,-1.0,1.0,1.0,1.0,1.0,-1.0,1.0,0.0,0.0,0.0,否,5G,否,0.0,是,0.0,0.0,162.0,0.0,华为,TAH-AN00m,84.2,162.0,84.2,52.0,0.0,11270803.0,0.0,是,三星,-1.0,-1.0,-1.0,-1.0,-1
2272,2.0,-1.0,-1.0,-1.0,-1.0,-1.0,-1.0,-1.0,-1.0,-1.0,-1.0,-1.0,-1.0,-1.0,0.0,0.0,0.0,否,4G,否,0.0,是,0.0,0.0,167.0,0.0,华为,MED-TL00,35.0,167.0,35.0,44.0,0.0,281.0,0.0,否,三星,-1.0,-1.0,-1.0,-1.0,-1
2273,1.0,1.0,1.0,-1.0,-1.0,1.0,-1.0,-1.0,1.0,-1.0,-1.0,1.0,-1.0,1.0,4.0,40.0,1.0,否,4G,否,0.0,是,0.0,0.0,481.0,0.0,华为,JSN-AL00a,80.5,481.0,85.0,375.0,0.0,21789838.0,0.0,否,三星,-1.0,-1.0,-1.0,-1.0,-1
2274,2.0,-1.0,-1.0,-1.0,-1.0,-1.0,-1.0,-1.0,-1.0,-1.0,-1.0,-1.0,-1.0,-1.0,12.0,38.0,2.0,否,4G,否,0.0,是,0.0,0.0,1048.0,0.0,华为,WKG-AN00,9.0,1048.0,19.0,1032.0,0.00073239297012883,363193.0,266.0,否,三星,-1.0,-1.0,-1.0,-1.0,-1
2275,1.0,1.0,1.0,-1.0,-1.0,1.0,-1.0,1.0,-1.0,1.0,1.0,1.0,-1.0,1.0,4.0,10.0,0.0,否,4G,否,33.4,是,0.99,0.0,312.0,0.0,苹果,A2104,138.99,312.0,138.0,380.0,0.0,20553235.0,0.0,否,银卡,-1.0,-1.0,-1.0,-1.0,-1
2276,1.0,1.0,1.0,-1.0,-1.0,1.0,-1.0,1.0,1.0,1.0,-1.0,1.0,-1.0,1.0,42.0,0.0,0.0,否,4G,否,0.0,是,0.0,0.0,271.0,0.0,华为,LIO-AN00,138.1,271.0,138.0,256.0,9.53546701062156e-06,6292298.0,60.0,否,银卡,-1.0,-1.0,-1.0,-1.0,-1
2277,2.0,-1.0,-1.0,-1.0,-1.0,-1.0,-1.0,-1.0,-1.0,-1.0,-1.0,-1.0,-1.0,-1.0,19.0,4.0,1.0,否,4G,否,0.0,是,0.0,0.0,352.0,0.0,华为,VOG-AL10,110.0,352.0,110.0,723.0,0.0,6511711.0,0.0,否,银卡,-1.0,-1.0,-1.0,-1.0,-1
2278,2.0,-1.0,-1.0,-1.0,-1.0,-1.0,-1.0,-1.0,-1.0,-1.0,-1.0,-1.0,-1.0,-1.0,25.0,0.0,0.0,否,4G,否,0.0,是,0.0,0.0,139.0,0.0,华为,EDI-AL10,80.0,139.0,80.0,88.0,0.0,26008765.0,0.0,否,三星,-1.0,-1.0,-1.0,-1.0,-1
2279,1.0,-1.0,-1.0,-1.0,-1.0,-1.0,-1.0,1.0,-1.0,-1.0,-1.0,-1.0,-1.0,1.0,55.0,12.0,0.0,否,4G,否,0.0,是,0.0,0.0,204.0,0.0,小米科技,MCE8,32.79,204.0,25.1,178.0,0.0,3772540.0,0.0,否,一星,-1.0,-1.0,-1.0,-1.0,-1
2280,2.0,-1.0,-1.0,-1.0,-1.0,-1.0,-1.0,-1.0,-1.0,-1.0,-1.0,-1.0,-1.0,-1.0,2.0,0.0,0.0,否,4G,否,0.0,是,0.0,0.18695652173913,230.0,43.0,华为,AQM-AL10,69.0,230.0,69.0,78.0,0.336490769830885,5583538.0,1878809.0,否,三星,-1.0,-1.0,-1.0,-1.0,-1
2281,1.0,1.0,1.0,-1.0,-1.0,1.0,-1.0,-1.0,-1.0,-1.0,1.0,1.0,-1.0,1.0,11.0,22.0,4.0,否,4G,否,0.0,是,0.0,0.0,374.0,0.0,苹果,A2298,188.8,374.0,195.0,313.0,0.0,35120288.0,0.0,否,银卡,-1.0,-1.0,-1.0,-1.0,-1
2282,2.0,-1.0,-1.0,-1.0,-1.0,-1.0,-1.0,-1.0,-1.0,-1.0,-1.0,-1.0,-1.0,-1.0,38.0,2.0,2.0,否,4G,否,0.0,是,0.0,0.0,121.0,0.0,欧珀,PDBM00,98.1,121.0,98.0,105.0,0.0,18830816.0,0.0,否,三星,-1.0,-1.0,-1.0,-1.0,-1
2283,1.0,1.0,-1.0,-1.0,-1.0,-1.0,-1.0,-1.0,1.0,-1.0,-1.0,-1.0,-1.0,-1.0,13.0,0.0,0.0,否,5G,否,0.0,是,0.0,0.0,532.0,0.0,华为,NOH-AN01,129.0,532.0,129.0,444.0,0.0,40935141.0,0.0,是,银卡,-1.0,-1.0,-1.0,-1.0,-1
2284,2.0,-1.0,-1.0,-1.0,-1.0,-1.0,-1.0,-1.0,-1.0,-1.0,-1.0,-1.0,-1.0,-1.0,21.0,22.0,0.0,否,4G,否,138.49,是,30.0,0.0,221.0,0.0,苹果,iPhone X A1865,84.25,221.0,58.0,89.0,0.0,30316849.0,0.0,否,三星,-1.0,-1.0,-1.0,-1.0,-1
2285,2.0,-1.0,-1.0,-1.0,-1.0,-1.0,-1.0,-1.0,-1.0,-1.0,-1.0,-1.0,-1.0,-1.0,18.0,9.0,0.0,否,4G,否,0.0,是,0.0,0.0,314.0,0.0,小米科技,M1906G7T,138.0,314.0,135.0,171.0,0.0,13376361.0,0.0,否,银卡,-1.0,-1.0,-1.0,-1.0,-1
2286,2.0,-1.0,-1.0,-1.0,-1.0,-1.0,-1.0,-1.0,-1.0,-1.0,-1.0,-1.0,-1.0,-1.0,7.0,0.0,0.0,否,5G,否,0.0,是,0.0,0.0,171.0,0.0,步步高,V2183A,97.0,171.0,97.0,256.0,0.0,27135266.0,0.0,是,三星,-1.0,-1.0,-1.0,-1.0,-1
2287,1.0,1.0,-1.0,-1.0,-1.0,-1.0,1.0,1.0,1.0,-1.0,1.0,1.0,-1.0,-1.0,12.0,36.0,3.0,否,4G,否,0.0,是,0.0,0.0,365.0,0.0,华为,EML-AL00,68.0,365.0,68.0,273.0,0.0,15174575.0,0.0,否,三星,-1.0,-1.0,-1.0,-1.0,-1
2288,1.0,1.0,-1.0,-1.0,-1.0,-1.0,-1.0,-1.0,1.0,-1.0,-1.0,-1.0,-1.0,-1.0,6.0,24.0,9.0,否,5G,否,0.0,是,0.0,0.0,464.0,0.0,苹果,A2404,64.2,464.0,68.26,606.0,0.0,7310507.0,0.0,是,三星,-1.0,-1.0,-1.0,-1.0,-1
2289,1.0,1.0,1.0,-1.0,-1.0,-1.0,-1.0,-1.0,-1.0,-1.0,1.0,-1.0,-1.0,-1.0,6.0,16.0,13.0,否,5G,否,0.0,是,0.0,0.0,565.0,0.0,苹果,A2634,48.0,565.0,48.0,812.0,0.0,37280714.0,0.0,是,三星,-1.0,-1.0,-1.0,-1.0,-1
2290,2.0,-1.0,-1.0,-1.0,-1.0,-1.0,-1.0,-1.0,-1.0,-1.0,-1.0,-1.0,-1.0,-1.0,11.0,0.0,0.0,否,5G,否,0.0,是,0.0,0.0,333.0,0.0,欧珀,PERM00,77.1,333.0,76.1,630.0,0.0,2224163.0,0.0,是,三星,-1.0,-1.0,-1.0,-1.0,-1
2291,1.0,-1.0,-1.0,-1.0,-1.0,1.0,-1.0,-1.0,-1.0,-1.0,-1.0,1.0,-1.0,1.0,24.0,2.0,0.0,否,5G,否,0.0,是,0.0,0.0,183.0,0.0,苹果,A2408,12.0,183.0,12.0,195.0,0.0,6499959.0,0.0,是,三星,-1.0,-1.0,-1.0,-1.0,-1
2292,1.0,1.0,-1.0,-1.0,-1.0,-1.0,-1.0,-1.0,-1.0,-1.0,-1.0,1.0,-1.0,-1.0,76.0,29.0,21.0,否,4G,否,0.0,是,0.0,0.0,498.0,0.0,华为,YAL-AL10,70.93,498.0,50.68,497.0,0.0,27163042.0,0.0,否,三星,-1.0,-1.0,-1.0,-1.0,-1
2293,1.0,1.0,-1.0,-1.0,-1.0,-1.0,-1.0,-1.0,1.0,-1.0,-1.0,-1.0,-1.0,-1.0,6.0,0.0,0.0,否,5G,否,0.0,是,0.0,0.0,532.0,0.0,华为,WLZ-AN00,73.0,532.0,0.0,0.0,0.0,14471583.0,0.0,是,未评级,1.0,-1.0,-1.0,-1.0,1
2294,2.0,-1.0,-1.0,-1.0,-1.0,-1.0,-1.0,-1.0,-1.0,-1.0,-1.0,-1.0,-1.0,-1.0,6.0,1.0,0.0,否,4G,是,0.0,是,0.0,0.0,217.0,0.0,华为,VCE-AL00,21.66,217.0,19.0,229.0,0.0,9896934.0,0.0,否,二星,-1.0,-1.0,-1.0,-1.0,-1
2295,1.0,1.0,1.0,-1.0,-1.0,-1.0,-1.0,-1.0,1.0,1.0,1.0,1.0,-1.0,1.0,2.0,2.0,2.0,否,5G,否,0.0,是,0.0,0.0,220.0,0.0,苹果,A2404,14.66,220.0,12.0,195.0,0.0,8952608.0,0.0,是,三星,-1.0,-1.0,-1.0,-1.0,-1
2296,2.0,-1.0,-1.0,-1.0,-1.0,-1.0,-1.0,-1.0,-1.0,-1.0,-1.0,-1.0,-1.0,-1.0,7.0,9.0,2.0,否,4G,是,0.0,是,0.0,0.0,861.0,0.0,欧珀,PBAM00,153.1,861.0,214.7,454.0,1.12849749586406e-06,18608814.0,21.0,否,银卡,-1.0,-1.0,-1.0,-1.0,-1
2297,1.0,1.0,-1.0,-1.0,-1.0,-1.0,-1.0,-1.0,-1.0,-1.0,-1.0,1.0,-1.0,-1.0,1.0,19.0,2.0,否,5G,否,0.0,是,0.0,0.171374764595104,531.0,91.0,欧珀,PEHM00,40.3,531.0,40.0,694.0,0.205144765958782,9111707.0,1869219.0,是,三星,-1.0,-1.0,-1.0,-1.0,-1
2298,2.0,-1.0,-1.0,-1.0,-1.0,-1.0,-1.0,-1.0,-1.0,-1.0,-1.0,-1.0,-1.0,-1.0,35.0,13.0,2.0,否,4G,否,0.0,是,0.0,0.0,241.0,0.0,欧珀,PEHM00,128.0,241.0,128.0,269.0,0.0,16442803.0,0.0,否,银卡,-1.0,-1.0,-1.0,-1.0,-1
2299,1.0,-1.0,-1.0,-1.0,-1.0,1.0,-1.0,-1.0,-1.0,-1.0,-1.0,1.0,-1.0,1.0,0.0,2.0,0.0,否,5G,是,0.0,是,0.0,0.0,201.0,0.0,苹果,A2408,31.0,201.0,30.0,62.0,0.0,46270489.0,0.0,是,二星,-1.0,-1.0,-1.0,-1.0,-1
2300,2.0,-1.0,-1.0,-1.0,-1.0,-1.0,-1.0,-1.0,-1.0,-1.0,-1.0,-1.0,-1.0,-1.0,4.0,10.0,3.0,否,5G,否,0.0,是,0.0,0.0,271.0,0.0,苹果,A2408,119.0,271.0,120.2,288.0,0.0,3514031.0,0.0,是,银卡,-1.0,-1.0,-1.0,-1.0,-1
2301,2.0,-1.0,-1.0,-1.0,-1.0,-1.0,-1.0,-1.0,-1.0,-1.0,-1.0,-1.0,-1.0,-1.0,1.0,22.0,1.0,否,4G,否,0.0,是,0.0,0.0,669.0,0.0,苹果,A2223,135.15,669.0,135.0,563.0,0.0,8619237.0,0.0,否,银卡,-1.0,-1.0,-1.0,-1.0,-1
2302,1.0,-1.0,-1.0,-1.0,-1.0,-1.0,1.0,1.0,1.0,-1.0,-1.0,-1.0,-1.0,-1.0,10.0,11.0,4.0,否,4G,是,0.0,是,0.0,0.0576923076923077,156.0,9.0,苹果,iPhone 8 A1863,100.0,156.0,100.0,180.0,0.0129457787242008,50837498.0,658131.0,否,三星,-1.0,-1.0,-1.0,-1.0,-1
2303,2.0,-1.0,-1.0,-1.0,-1.0,-1.0,-1.0,-1.0,-1.0,-1.0,-1.0,-1.0,-1.0,-1.0,17.0,13.0,2.0,否,5G,否,0.0,是,0.0,0.0,356.0,0.0,苹果,A2400,58.0,356.0,65.0,378.0,0.0,24713065.0,0.0,是,三星,-1.0,-1.0,-1.0,-1.0,-1
2304,2.0,-1.0,-1.0,-1.0,-1.0,-1.0,-1.0,-1.0,-1.0,-1.0,-1.0,-1.0,-1.0,-1.0,4.0,3.0,3.0,否,4G,否,0.0,是,0.0,0.0,271.0,0.0,华为,BLA-AL00,70.1,271.0,69.0,222.0,0.0,33475330.0,0.0,否,三星,-1.0,-1.0,-1.0,-1.0,-1
2305,2.0,-1.0,-1.0,-1.0,-1.0,-1.0,-1.0,-1.0,-1.0,-1.0,-1.0,-1.0,-1.0,-1.0,18.0,22.0,3.0,否,4G,否,0.0,是,0.0,0.0,334.0,0.0,华为,PAR-AL00,138.0,334.0,138.0,851.0,0.0,13748627.0,0.0,否,银卡,-1.0,-1.0,-1.0,-1.0,-1
2306,2.0,-1.0,-1.0,-1.0,-1.0,-1.0,-1.0,-1.0,-1.0,-1.0,-1.0,-1.0,-1.0,-1.0,14.0,18.0,1.0,否,4G,否,0.0,是,0.0,0.0,457.0,0.0,华为,MHA-AL00,70.0,457.0,70.0,180.0,0.0,8880586.0,0.0,否,三星,-1.0,-1.0,-1.0,-1.0,-1
2307,1.0,1.0,-1.0,-1.0,1.0,1.0,-1.0,-1.0,1.0,1.0,1.0,-1.0,-1.0,1.0,7.0,25.0,4.0,否,5G,否,0.0,是,0.0,0.0,163.0,0.0,苹果,A2412,111.3,163.0,111.0,144.0,0.0,1827319.0,0.0,是,银卡,1.0,-1.0,-1.0,-1.0,1
2308,2.0,-1.0,-1.0,-1.0,-1.0,-1.0,-1.0,-1.0,-1.0,-1.0,-1.0,-1.0,-1.0,-1.0,0.0,22.0,1.0,否,4G,否,0.0,是,0.0,0.0,274.0,0.0,华为,ASK-AL00x,8.0,274.0,8.0,138.0,0.0,123173.0,0.0,否,二星,-1.0,-1.0,-1.0,-1.0,-1
2309,2.0,-1.0,-1.0,-1.0,-1.0,-1.0,-1.0,-1.0,-1.0,-1.0,-1.0,-1.0,-1.0,-1.0,4.0,0.0,0.0,否,5G,否,0.0,是,0.0,0.0,193.0,0.0,小米科技,M2001J2C,100.0,193.0,100.0,219.0,0.00200067518660244,12417308.0,24843.0,是,三星,-1.0,-1.0,-1.0,-1.0,-1
2310,1.0,1.0,1.0,-1.0,1.0,1.0,-1.0,-1.0,1.0,-1.0,1.0,1.0,-1.0,1.0,7.0,20.0,3.0,否,4G,否,0.0,是,0.0,0.0,305.0,0.0,苹果,iPhone X A1865,137.2,305.0,99.0,272.0,0.0,10175790.0,0.0,否,银卡,-1.0,-1.0,-1.0,-1.0,-1
2311,1.0,1.0,1.0,-1.0,-1.0,1.0,-1.0,1.0,1.0,1.0,1.0,-1.0,-1.0,-1.0,6.0,31.0,7.0,否,4G,否,0.0,是,0.0,0.0,427.0,0.0,苹果,iPhone 7Plus A1661,23.64,427.0,10.71,331.0,0.0,25139773.0,0.0,否,二星,-1.0,-1.0,-1.0,-1.0,-1
2312,2.0,-1.0,-1.0,-1.0,-1.0,-1.0,-1.0,-1.0,-1.0,-1.0,-1.0,-1.0,-1.0,-1.0,65.0,0.0,0.0,否,4G,否,0.0,是,0.0,0.0,679.0,0.0,小米科技,MDE40,10.86,679.0,9.9,1045.0,0.0,2292201.0,0.0,否,三星,-1.0,-1.0,-1.0,-1.0,-1
2313,1.0,-1.0,1.0,-1.0,-1.0,-1.0,-1.0,-1.0,1.0,-1.0,-1.0,-1.0,-1.0,-1.0,1.0,2.0,1.0,否,5G,否,977.2,是,18.0,0.0,1151.0,0.0,华为,CDY-AN00,118.71,1151.0,81.0,630.0,0.0,66301521.0,0.0,是,三星,-1.0,-1.0,-1.0,-1.0,-1
2314,1.0,1.0,-1.0,-1.0,-1.0,-1.0,-1.0,-1.0,1.0,-1.0,-1.0,-1.0,-1.0,-1.0,8.0,9.0,1.0,否,5G,否,0.0,是,0.0,0.0,165.0,0.0,步步高,V2047A,98.0,165.0,98.0,165.0,0.0,28748192.0,0.0,是,三星,-1.0,-1.0,-1.0,-1.0,-1
2315,1.0,1.0,1.0,-1.0,-1.0,-1.0,1.0,-1.0,-1.0,-1.0,-1.0,1.0,-1.0,1.0,18.0,17.0,2.0,否,5G,否,0.0,是,0.0,0.0,195.0,0.0,苹果,A2644,25.0,195.0,21.0,133.0,0.0,48739614.0,0.0,是,二星,-1.0,-1.0,-1.0,-1.0,-1
2316,2.0,-1.0,-1.0,-1.0,-1.0,-1.0,-1.0,-1.0,-1.0,-1.0,-1.0,-1.0,-1.0,-1.0,2.0,3.0,0.0,否,4G,否,0.0,是,0.0,0.13716814159292,226.0,31.0,步步高,vivo X7,24.25,226.0,23.0,121.0,0.142428711252908,4879592.0,694994.0,否,三星,-1.0,-1.0,-1.0,-1.0,-1
2317,1.0,1.0,-1.0,1.0,-1.0,-1.0,-1.0,-1.0,1.0,-1.0,-1.0,1.0,-1.0,-1.0,0.0,1.0,0.0,否,4G,否,0.0,是,0.0,0.0,151.0,0.0,苹果,A2223,79.88,151.0,80.07,120.0,0.0,318942.0,0.0,否,银卡,-1.0,-1.0,-1.0,-1.0,-1
2318,1.0,1.0,1.0,-1.0,-1.0,-1.0,-1.0,-1.0,1.0,1.0,1.0,-1.0,-1.0,-1.0,9.0,12.0,5.0,否,4G,否,0.0,是,0.0,0.0625,160.0,10.0,华为,HMA-AL00,48.0,160.0,48.0,122.0,0.135228410743952,12051469.0,1629701.0,否,三星,-1.0,-1.0,-1.0,-1.0,-1
2319,1.0,1.0,1.0,1.0,1.0,1.0,1.0,1.0,1.0,1.0,1.0,1.0,1.0,1.0,0.0,0.0,0.0,否,2G,否,0.0,否,0.0,0.0,517.0,0.0,华为,PAR-AL00,15.0,517.0,15.0,676.0,0.0,498.0,0.0,否,三星,1.0,-1.0,-1.0,-1.0,-1
2320,1.0,-1.0,-1.0,-1.0,-1.0,-1.0,-1.0,-1.0,1.0,-1.0,1.0,-1.0,-1.0,-1.0,2.0,13.0,1.0,否,4G,是,0.0,是,0.0,0.0,221.0,0.0,华为,JLN-AL00,72.76,221.0,72.0,195.0,0.0,34969152.0,0.0,否,三星,-1.0,-1.0,-1.0,1.0,-1
2321,2.0,-1.0,-1.0,-1.0,-1.0,-1.0,-1.0,-1.0,-1.0,-1.0,-1.0,-1.0,-1.0,-1.0,21.0,19.0,0.0,否,4G,否,0.0,是,0.0,0.0,453.0,0.0,苹果,A2108,121.0,453.0,121.0,434.0,0.0,16209711.0,0.0,否,银卡,-1.0,-1.0,-1.0,-1.0,-1
2322,1.0,1.0,1.0,-1.0,1.0,-1.0,-1.0,-1.0,-1.0,-1.0,1.0,1.0,-1.0,1.0,3.0,19.0,2.0,否,4G,否,0.0,是,0.0,0.0,469.0,0.0,苹果,A2412,250.0,469.0,250.0,236.0,0.0,16617296.0,0.0,否,金卡,-1.0,-1.0,-1.0,-1.0,-1
2323,1.0,-1.0,-1.0,-1.0,1.0,1.0,-1.0,1.0,-1.0,-1.0,1.0,-1.0,-1.0,-1.0,4.0,3.0,3.0,否,5G,否,0.0,是,0.0,0.0,352.0,0.0,欧珀,PDEM30,110.0,352.0,528.18,426.0,0.0,4105677.0,0.0,是,银卡,-1.0,-1.0,-1.0,-1.0,-1
2324,2.0,-1.0,-1.0,-1.0,-1.0,-1.0,-1.0,-1.0,-1.0,-1.0,-1.0,-1.0,-1.0,-1.0,3.0,18.0,1.0,否,4G,否,0.0,是,0.0,0.0,539.0,0.0,华为,LIO-AN00m,117.0,539.0,130.1,637.0,0.0,20885189.0,0.0,否,银卡,-1.0,-1.0,-1.0,-1.0,-1
2325,2.0,-1.0,-1.0,-1.0,-1.0,-1.0,-1.0,-1.0,-1.0,-1.0,-1.0,-1.0,-1.0,-1.0,1.0,1.0,0.0,否,4G,否,0.0,是,0.0,0.0,217.0,0.0,苹果,A2108,20.36,217.0,20.84,76.0,0.0,10300503.0,0.0,否,三星,-1.0,-1.0,-1.0,-1.0,-1
2326,2.0,-1.0,-1.0,-1.0,-1.0,-1.0,-1.0,-1.0,-1.0,-1.0,-1.0,-1.0,-1.0,-1.0,30.0,20.0,1.0,否,4G,否,0.0,是,0.0,0.0,968.0,0.0,华为,NTH-AN00,59.0,968.0,59.0,1071.0,0.0,31721820.0,0.0,否,三星,-1.0,-1.0,-1.0,-1.0,-1
2327,2.0,-1.0,-1.0,-1.0,-1.0,-1.0,-1.0,-1.0,-1.0,-1.0,-1.0,-1.0,-1.0,-1.0,25.0,30.0,7.0,否,5G,否,0.0,是,0.0,0.0,828.0,0.0,苹果,A2412,118.12,828.0,97.73,706.0,0.0,19699230.0,0.0,是,三星,-1.0,-1.0,-1.0,-1.0,-1
2328,1.0,1.0,-1.0,-1.0,-1.0,1.0,-1.0,-1.0,1.0,1.0,-1.0,-1.0,-1.0,1.0,6.0,23.0,2.0,否,4G,否,0.0,是,0.0,0.0,264.0,0.0,苹果,A2644,50.79,264.0,43.0,289.0,0.0,3213267.0,0.0,否,三星,-1.0,-1.0,-1.0,-1.0,-1
2329,1.0,1.0,-1.0,-1.0,-1.0,-1.0,-1.0,-1.0,1.0,-1.0,-1.0,-1.0,-1.0,1.0,5.0,8.0,3.0,否,4G,否,0.0,是,0.0,0.0,294.0,0.0,0,0,98.0,294.0,98.3,321.0,0.0,4504986.0,0.0,否,三星,-1.0,-1.0,-1.0,-1.0,-1
2330,1.0,-1.0,-1.0,-1.0,-1.0,1.0,-1.0,1.0,-1.0,-1.0,-1.0,1.0,-1.0,-1.0,0.0,15.0,1.0,否,4G,否,0.0,是,0.0,0.0,552.0,0.0,华为,VOG-AL10,85.0,552.0,85.0,520.0,0.0,423454.0,0.0,否,三星,-1.0,-1.0,-1.0,-1.0,-1
2331,2.0,-1.0,-1.0,-1.0,-1.0,-1.0,-1.0,-1.0,-1.0,-1.0,-1.0,-1.0,-1.0,-1.0,25.0,7.0,0.0,否,4G,否,0.0,是,0.0,0.0,140.0,0.0,华为,EVR-AL00,51.0,140.0,51.0,96.0,0.0,44274385.0,0.0,否,三星,-1.0,-1.0,-1.0,-1.0,-1
2332,2.0,-1.0,-1.0,-1.0,-1.0,-1.0,-1.0,-1.0,-1.0,-1.0,-1.0,-1.0,-1.0,-1.0,6.0,6.0,0.0,否,4G,否,0.0,是,0.0,0.0,402.0,0.0,苹果,A2108,59.0,402.0,60.0,244.0,0.0,10906944.0,0.0,否,三星,-1.0,-1.0,-1.0,-1.0,-1
2333,2.0,-1.0,-1.0,-1.0,-1.0,-1.0,-1.0,-1.0,-1.0,-1.0,-1.0,-1.0,-1.0,-1.0,4.0,4.0,0.0,否,5G,否,0.0,是,0.0,0.0,249.0,0.0,小米科技,2201122C,9.1,249.0,9.4,224.0,0.0,56053391.0,0.0,是,一星,-1.0,-1.0,-1.0,-1.0,-1
2334,2.0,-1.0,-1.0,-1.0,-1.0,-1.0,-1.0,-1.0,-1.0,-1.0,-1.0,-1.0,-1.0,-1.0,3.0,10.0,0.0,否,4G,否,0.0,是,0.0,0.0,126.0,0.0,华为,BMH_AN20,65.0,126.0,70.0,203.0,0.0,31796007.0,0.0,否,三星,-1.0,-1.0,-1.0,-1.0,-1
2335,1.0,1.0,-1.0,-1.0,-1.0,1.0,-1.0,-1.0,-1.0,-1.0,1.0,1.0,-1.0,-1.0,0.0,8.0,0.0,否,4G,是,0.0,是,0.0,0.0,452.0,0.0,苹果,iPhone 8 A1863,69.92,452.0,72.0,168.0,0.0,17102901.0,0.0,否,三星,-1.0,-1.0,-1.0,-1.0,-1
2336,2.0,-1.0,-1.0,-1.0,-1.0,-1.0,-1.0,-1.0,-1.0,-1.0,-1.0,-1.0,-1.0,-1.0,18.0,33.0,2.0,否,4G,否,0.0,是,0.0,0.0,684.0,0.0,苹果,iPhone 7Plus A1661,78.0,684.0,78.0,624.0,3.75778877214319e-06,14902381.0,56.0,否,三星,-1.0,-1.0,-1.0,-1.0,-1
2337,1.0,1.0,-1.0,-1.0,-1.0,1.0,-1.0,-1.0,1.0,-1.0,-1.0,1.0,-1.0,1.0,14.0,3.0,1.0,否,4G,否,0.0,是,0.0,0.0,178.0,0.0,苹果,A2223,121.6,178.0,121.1,151.0,0.0,7069009.0,0.0,否,银卡,-1.0,-1.0,-1.0,-1.0,-1
2338,1.0,1.0,-1.0,-1.0,-1.0,1.0,1.0,-1.0,-1.0,1.0,1.0,1.0,-1.0,1.0,1.0,4.0,0.0,否,4G,否,0.0,是,0.0,0.0,362.0,0.0,小米科技,M2012K11AC,38.5,362.0,37.9,218.0,0.0,41816660.0,0.0,否,三星,-1.0,-1.0,-1.0,-1.0,-1
2339,2.0,-1.0,-1.0,-1.0,-1.0,-1.0,-1.0,-1.0,-1.0,-1.0,-1.0,-1.0,-1.0,-1.0,13.0,19.0,1.0,否,4G,否,0.0,是,0.0,0.0,479.0,0.0,华为,EVR-AN00,139.0,479.0,139.0,520.0,0.0,2191004.0,0.0,否,银卡,-1.0,-1.0,-1.0,-1.0,-1
2340,2.0,-1.0,-1.0,-1.0,-1.0,-1.0,-1.0,-1.0,-1.0,-1.0,-1.0,-1.0,-1.0,-1.0,2.0,2.0,0.0,否,5G,是,0.0,是,0.0,0.0,166.0,0.0,欧珀,PEAM00,30.1,166.0,30.0,56.0,0.0,51039202.0,0.0,是,一星,-1.0,-1.0,-1.0,-1.0,-1
2341,1.0,1.0,-1.0,-1.0,-1.0,1.0,-1.0,1.0,1.0,1.0,1.0,-1.0,-1.0,1.0,24.0,36.0,6.0,否,5G,否,0.0,是,0.0,0.0,652.0,0.0,苹果,A2644,301.5,652.0,300.0,1085.0,0.0,11120096.0,0.0,是,金卡,-1.0,-1.0,-1.0,-1.0,-1
2342,1.0,-1.0,1.0,-1.0,-1.0,1.0,-1.0,-1.0,1.0,-1.0,-1.0,1.0,-1.0,1.0,130.0,22.0,1.0,否,4G,否,0.0,是,0.0,0.137931034482759,203.0,28.0,华为,ELE-AL00,71.2,203.0,69.29,115.0,0.519218942830627,3117211.0,1618515.0,否,二星,1.0,-1.0,-1.0,-1.0,-1
2343,2.0,-1.0,-1.0,-1.0,-1.0,-1.0,-1.0,-1.0,-1.0,-1.0,-1.0,-1.0,-1.0,-1.0,0.0,3.0,1.0,否,4G,否,0.0,是,0.0,0.0,179.0,0.0,华为,ELE-AL00,49.0,179.0,39.0,159.0,0.0,4372481.0,0.0,否,三星,-1.0,-1.0,-1.0,-1.0,-1
2344,2.0,-1.0,-1.0,-1.0,-1.0,-1.0,-1.0,-1.0,-1.0,-1.0,-1.0,-1.0,-1.0,-1.0,0.0,5.0,0.0,否,5G,否,0.0,是,0.0,0.0,169.0,0.0,小米科技,2201122C,100.0,169.0,98.1,51.0,0.0,36940624.0,0.0,是,三星,-1.0,-1.0,-1.0,-1.0,-1
2345,1.0,1.0,1.0,-1.0,-1.0,-1.0,-1.0,-1.0,-1.0,-1.0,1.0,-1.0,-1.0,-1.0,0.0,1.0,0.0,否,5G,否,0.0,是,0.0,0.0,139.0,0.0,华为,NOH-AN00,29.0,139.0,29.1,152.0,0.0,3387197.0,0.0,是,三星,-1.0,-1.0,-1.0,-1.0,-1
2346,2.0,-1.0,-1.0,-1.0,-1.0,-1.0,-1.0,-1.0,-1.0,-1.0,-1.0,-1.0,-1.0,-1.0,9.0,4.0,0.0,否,4G,否,0.0,是,0.0,0.0,452.0,0.0,华为,ELS-AN00,308.0,452.0,0.0,0.0,0.0,10613048.0,0.0,否,未评级,-1.0,-1.0,-1.0,-1.0,-1
2347,2.0,-1.0,-1.0,-1.0,-1.0,-1.0,-1.0,-1.0,-1.0,-1.0,-1.0,-1.0,-1.0,-1.0,0.0,2.0,4.0,否,5G,是,0.0,是,0.0,0.0,266.0,0.0,小米科技,21091116AC,28.14,266.0,22.64,148.0,0.0,15462926.0,0.0,是,三星,-1.0,-1.0,-1.0,-1.0,-1
2348,1.0,-1.0,-1.0,-1.0,-1.0,1.0,-1.0,-1.0,1.0,-1.0,-1.0,-1.0,-1.0,-1.0,6.0,3.0,0.0,否,5G,否,0.0,是,0.0,0.0,177.0,0.0,欧珀,PECM30,139.0,177.0,139.0,244.0,0.0,16375081.0,0.0,是,银卡,-1.0,-1.0,-1.0,-1.0,-1
2349,1.0,1.0,-1.0,-1.0,-1.0,-1.0,-1.0,-1.0,-1.0,-1.0,-1.0,-1.0,-1.0,-1.0,21.0,1.0,1.0,否,5G,否,116.03,是,10.0,0.0,158.0,0.0,小米科技,22041219C,69.1,158.0,55.21,178.0,0.0,47253351.0,0.0,是,三星,-1.0,-1.0,-1.0,-1.0,1
2350,1.0,1.0,-1.0,-1.0,-1.0,1.0,-1.0,-1.0,-1.0,1.0,-1.0,1.0,-1.0,1.0,25.0,11.0,0.0,否,5G,否,0.0,是,0.0,0.0,232.0,0.0,苹果,A2644,239.0,232.0,239.0,133.0,0.0,39783105.0,0.0,是,金卡,-1.0,-1.0,-1.0,-1.0,-1
2351,2.0,-1.0,-1.0,-1.0,-1.0,-1.0,-1.0,-1.0,-1.0,-1.0,-1.0,-1.0,-1.0,-1.0,2.0,4.0,0.0,否,4G,否,0.0,是,0.0,0.0,159.0,0.0,欧珀,PBEM00,42.66,159.0,73.39,242.0,0.0,10774008.0,0.0,否,三星,-1.0,-1.0,-1.0,-1.0,-1
2352,1.0,-1.0,-1.0,-1.0,1.0,-1.0,-1.0,-1.0,1.0,1.0,1.0,-1.0,-1.0,1.0,2.0,62.0,5.0,否,5G,否,0.0,是,0.0,0.0,846.0,0.0,苹果,A2408,100.0,846.0,100.0,656.0,0.0,492806.0,0.0,是,三星,-1.0,-1.0,-1.0,-1.0,-1
2353,1.0,1.0,1.0,-1.0,-1.0,1.0,-1.0,-1.0,1.0,-1.0,-1.0,1.0,-1.0,1.0,252.0,3.0,37.0,否,4G,否,0.0,是,0.0,0.0,190.0,0.0,华为,YAL-AL10,48.0,190.0,48.0,92.0,0.0,25177873.0,0.0,否,三星,-1.0,-1.0,-1.0,-1.0,-1
2354,2.0,-1.0,-1.0,-1.0,-1.0,-1.0,-1.0,-1.0,-1.0,-1.0,-1.0,-1.0,-1.0,-1.0,17.0,3.0,0.0,否,5G,否,0.0,是,0.0,0.0,265.0,0.0,苹果,A2404,58.0,265.0,58.0,392.0,0.0,9677585.0,0.0,是,三星,-1.0,-1.0,-1.0,-1.0,-1
2355,2.0,-1.0,-1.0,-1.0,-1.0,-1.0,-1.0,-1.0,-1.0,-1.0,-1.0,-1.0,-1.0,-1.0,8.0,0.0,0.0,否,4G,否,39.35,是,8.77,0.25,464.0,116.0,华为,DVC-AN20,71.1,464.0,51.1,271.0,0.186834718333008,25003977.0,4671611.0,否,三星,-1.0,-1.0,-1.0,-1.0,-1
2356,1.0,1.0,-1.0,-1.0,-1.0,-1.0,-1.0,-1.0,1.0,1.0,1.0,-1.0,-1.0,-1.0,8.0,26.0,2.0,否,4G,否,0.0,是,0.0,0.013986013986014,286.0,4.0,苹果,iPhone XS (A1920),95.0,286.0,95.0,370.0,0.00741025396320723,31036858.0,229991.0,否,三星,-1.0,-1.0,-1.0,-1.0,-1
2357,1.0,1.0,1.0,-1.0,-1.0,1.0,-1.0,-1.0,-1.0,-1.0,-1.0,1.0,-1.0,1.0,5.0,23.0,1.0,否,5G,否,0.0,是,0.0,0.0,279.0,0.0,华为,ELS-AN10,98.0,279.0,98.0,243.0,0.0,19865192.0,0.0,是,三星,-1.0,-1.0,-1.0,-1.0,-1
2358,2.0,-1.0,-1.0,-1.0,-1.0,-1.0,-1.0,-1.0,-1.0,-1.0,-1.0,-1.0,-1.0,-1.0,60.0,4.0,4.0,否,4G,否,0.0,是,0.0,0.0,157.0,0.0,小米科技,M1804E4A,58.0,157.0,58.0,236.0,0.0,16011039.0,0.0,否,三星,-1.0,-1.0,-1.0,-1.0,-1
2359,1.0,1.0,-1.0,-1.0,-1.0,-1.0,-1.0,-1.0,-1.0,-1.0,-1.0,1.0,-1.0,-1.0,0.0,4.0,0.0,否,4G,否,0.0,是,0.0,0.0,247.0,0.0,华为,ASK-AL00x,37.9,247.0,32.6,106.0,0.0,7027026.0,0.0,否,三星,-1.0,-1.0,-1.0,-1.0,-1
2360,1.0,-1.0,1.0,-1.0,-1.0,-1.0,-1.0,1.0,-1.0,-1.0,1.0,1.0,-1.0,-1.0,22.0,6.0,0.0,否,4G,否,9.67,是,0.58,0.0,159.0,0.0,华为,COL-AL10,9.58,159.0,9.29,139.0,0.0,57635254.0,0.0,否,三星,-1.0,-1.0,-1.0,-1.0,-1
2361,1.0,1.0,-1.0,-1.0,-1.0,1.0,-1.0,1.0,1.0,-1.0,1.0,-1.0,-1.0,1.0,15.0,0.0,0.0,否,4G,是,0.0,是,0.0,0.0,682.0,0.0,小米科技,MEE7,26.96,682.0,11.74,365.0,0.0,7383189.0,0.0,否,三星,1.0,-1.0,-1.0,-1.0,-1
2362,1.0,1.0,1.0,-1.0,-1.0,1.0,-1.0,-1.0,-1.0,1.0,1.0,1.0,-1.0,1.0,11.0,9.0,1.0,否,5G,否,0.0,是,0.0,0.0,402.0,0.0,苹果,A2408,59.99,402.0,79.89,379.0,0.0,14225672.0,0.0,是,三星,-1.0,-1.0,-1.0,-1.0,-1
2363,2.0,-1.0,-1.0,-1.0,-1.0,-1.0,-1.0,-1.0,-1.0,-1.0,-1.0,-1.0,-1.0,-1.0,20.0,0.0,10.0,否,5G,否,0.0,是,0.0,0.0,282.0,0.0,华为,ELS-AN10,77.0,282.0,77.0,131.0,0.0,4142295.0,0.0,是,三星,-1.0,-1.0,-1.0,-1.0,-1
2364,1.0,1.0,-1.0,-1.0,-1.0,1.0,-1.0,-1.0,1.0,-1.0,-1.0,1.0,-1.0,-1.0,5.0,29.0,4.0,否,4G,否,0.0,是,0.0,0.0,483.0,0.0,华为,BLA-AL00,102.18,483.0,96.09,594.0,0.0,30433810.0,0.0,否,三星,-1.0,-1.0,-1.0,-1.0,-1
2365,2.0,-1.0,-1.0,-1.0,-1.0,-1.0,-1.0,-1.0,-1.0,-1.0,-1.0,-1.0,-1.0,-1.0,3.0,8.0,0.0,否,4G,否,0.0,是,0.0,0.0,274.0,0.0,苹果,A2223,112.0,274.0,112.3,375.0,0.0,33468504.0,0.0,否,银卡,-1.0,-1.0,-1.0,-1.0,-1
2366,1.0,1.0,-1.0,-1.0,-1.0,-1.0,-1.0,1.0,-1.0,-1.0,-1.0,1.0,-1.0,1.0,23.0,8.0,0.0,否,4G,否,0.0,是,0.0,0.0,145.0,0.0,万普,HD1900,59.0,145.0,59.0,117.0,0.0,3346312.0,0.0,否,三星,-1.0,-1.0,-1.0,-1.0,-1
2367,2.0,-1.0,-1.0,-1.0,-1.0,-1.0,-1.0,-1.0,-1.0,-1.0,-1.0,-1.0,-1.0,-1.0,24.0,5.0,1.0,否,5G,否,2.01,是,30.0,0.0,198.0,0.0,苹果,A2404,61.6,198.0,50.4,12.0,0.0,9888051.0,0.0,是,二星,-1.0,-1.0,-1.0,-1.0,-1
2368,1.0,1.0,-1.0,-1.0,1.0,-1.0,1.0,-1.0,-1.0,-1.0,1.0,-1.0,-1.0,-1.0,11.0,45.0,1.0,否,5G,否,0.0,是,0.0,0.0,281.0,0.0,苹果,A2634,149.0,281.0,149.0,263.0,0.0,20349701.0,0.0,是,银卡,-1.0,-1.0,-1.0,-1.0,-1
2369,1.0,-1.0,-1.0,-1.0,-1.0,1.0,-1.0,-1.0,-1.0,1.0,-1.0,-1.0,-1.0,-1.0,3.0,0.0,2.0,否,5G,否,15.67,是,4.93,0.229050279329609,179.0,41.0,小米科技,M2102J2SC,15.18,179.0,19.0,50.0,0.289388087822854,9373551.0,2712594.0,是,二星,-1.0,-1.0,-1.0,-1.0,1
2370,1.0,-1.0,-1.0,-1.0,-1.0,-1.0,-1.0,-1.0,-1.0,1.0,-1.0,-1.0,-1.0,-1.0,0.0,11.0,0.0,否,4G,否,0.0,是,0.0,0.0,306.0,0.0,华为,ELS_NX9,58.0,306.0,58.0,176.0,0.0,10877197.0,0.0,否,三星,1.0,-1.0,-1.0,-1.0,1
2371,2.0,-1.0,-1.0,-1.0,-1.0,-1.0,-1.0,-1.0,-1.0,-1.0,-1.0,-1.0,-1.0,-1.0,16.0,9.0,4.0,否,5G,否,0.0,是,0.0,0.0,256.0,0.0,小米科技,M2006J10C,88.12,256.0,101.61,417.0,0.0,11390515.0,0.0,是,三星,-1.0,-1.0,-1.0,-1.0,-1
2372,2.0,-1.0,-1.0,-1.0,-1.0,-1.0,-1.0,-1.0,-1.0,-1.0,-1.0,-1.0,-1.0,-1.0,2.0,5.0,0.0,否,4G,否,0.0,是,0.0,0.0,171.0,0.0,华为,ELS-AN00,68.0,171.0,68.0,316.0,0.0,18150309.0,0.0,否,三星,-1.0,-1.0,-1.0,-1.0,-1
2373,1.0,1.0,-1.0,-1.0,-1.0,-1.0,-1.0,-1.0,1.0,-1.0,-1.0,-1.0,-1.0,1.0,21.0,16.0,4.0,否,4G,否,0.0,是,0.0,0.0,390.0,0.0,苹果,iPhone 6S Plus A1687,111.0,390.0,111.0,415.0,0.0,16406376.0,0.0,否,银卡,-1.0,-1.0,-1.0,-1.0,-1
2374,1.0,1.0,1.0,-1.0,1.0,1.0,-1.0,1.0,1.0,-1.0,1.0,1.0,-1.0,1.0,61.0,40.0,8.0,否,5G,否,0.0,是,0.0,0.0110132158590308,908.0,10.0,苹果,A2412,138.6,908.0,149.95,511.0,0.00439250559599791,16157976.0,70974.0,是,银卡,-1.0,-1.0,-1.0,-1.0,-1
2375,2.0,-1.0,-1.0,-1.0,-1.0,-1.0,-1.0,-1.0,-1.0,-1.0,-1.0,-1.0,-1.0,-1.0,8.0,15.0,5.0,否,4G,否,0.0,是,0.0,0.0,359.0,0.0,华为,ELS-AN00,65.0,359.0,65.0,314.0,0.0,17482374.0,0.0,否,三星,-1.0,-1.0,-1.0,-1.0,-1
2376,2.0,-1.0,-1.0,-1.0,-1.0,-1.0,-1.0,-1.0,-1.0,-1.0,-1.0,-1.0,-1.0,-1.0,2.0,0.0,0.0,否,5G,否,0.0,是,0.0,0.0,537.0,0.0,小米科技,2201123C,100.73,537.0,95.0,366.0,0.0,21358665.0,0.0,是,三星,-1.0,-1.0,-1.0,-1.0,-1
2377,2.0,-1.0,-1.0,-1.0,-1.0,-1.0,-1.0,-1.0,-1.0,-1.0,-1.0,-1.0,-1.0,-1.0,36.0,10.0,2.0,否,4G,否,0.0,是,0.0,0.0,251.0,0.0,华为,VOG-AL00,58.0,251.0,58.0,282.0,0.0,17179766.0,0.0,否,三星,-1.0,-1.0,-1.0,-1.0,-1
2378,1.0,1.0,1.0,-1.0,1.0,-1.0,1.0,1.0,-1.0,1.0,1.0,1.0,-1.0,1.0,16.0,31.0,2.0,否,5G,否,0.0,是,0.0,0.0941336971350614,733.0,69.0,苹果,A2412,124.75,733.0,132.0,941.0,0.142668399000256,23956125.0,3417782.0,是,银卡,-1.0,-1.0,-1.0,-1.0,-1
2379,1.0,1.0,1.0,-1.0,-1.0,1.0,-1.0,1.0,1.0,1.0,1.0,1.0,-1.0,1.0,49.0,48.0,10.0,否,5G,否,0.0,是,0.0,0.0,970.0,0.0,苹果,A2629,198.0,970.0,198.0,1160.0,0.0,9970417.0,0.0,是,银卡,-1.0,-1.0,-1.0,-1.0,-1
2380,2.0,-1.0,-1.0,-1.0,-1.0,-1.0,-1.0,-1.0,-1.0,-1.0,-1.0,-1.0,-1.0,-1.0,8.0,5.0,0.0,否,4G,否,0.0,是,0.0,0.0,333.0,0.0,苹果,A2104,70.0,333.0,70.0,350.0,0.0,23069746.0,0.0,否,三星,-1.0,-1.0,-1.0,-1.0,-1
2381,1.0,-1.0,-1.0,-1.0,-1.0,-1.0,-1.0,-1.0,-1.0,1.0,-1.0,-1.0,-1.0,-1.0,3.0,6.0,2.0,否,4G,否,0.0,是,0.0,0.0,251.0,0.0,华为,SEA-AL10,46.53,251.0,61.5,107.0,0.0,5511163.0,0.0,否,三星,1.0,-1.0,-1.0,-1.0,1
2382,2.0,-1.0,-1.0,-1.0,-1.0,-1.0,-1.0,-1.0,-1.0,-1.0,-1.0,-1.0,-1.0,-1.0,17.0,0.0,0.0,否,5G,否,0.0,是,0.0,0.0,226.0,0.0,华为,TAS-AN00,128.0,226.0,129.0,44.0,0.0,8205356.0,0.0,是,银卡,-1.0,-1.0,-1.0,-1.0,-1
2383,1.0,-1.0,-1.0,-1.0,-1.0,-1.0,1.0,-1.0,-1.0,-1.0,-1.0,1.0,-1.0,-1.0,8.0,3.0,0.0,否,4G,否,0.0,是,0.0,0.0,150.0,0.0,华为,ELS-AN10,60.0,150.0,60.0,106.0,0.0,4345066.0,0.0,否,三星,-1.0,-1.0,-1.0,-1.0,-1
2384,2.0,-1.0,-1.0,-1.0,-1.0,-1.0,-1.0,-1.0,-1.0,-1.0,-1.0,-1.0,-1.0,-1.0,9.0,0.0,0.0,否,4G,否,0.0,是,0.0,0.0,268.0,0.0,华为,SEA-AL10,38.0,268.0,38.0,564.0,1.17273920801403e-07,8527045.0,1.0,否,三星,-1.0,-1.0,-1.0,-1.0,-1
2385,1.0,1.0,-1.0,-1.0,-1.0,-1.0,-1.0,-1.0,-1.0,-1.0,1.0,-1.0,-1.0,-1.0,21.0,46.0,23.0,否,4G,否,0.0,是,0.0,0.117340286831812,767.0,90.0,苹果,A2217,145.0,767.0,145.0,343.0,0.277199720751819,36447865.0,10103338.0,否,银卡,-1.0,-1.0,-1.0,-1.0,1
2386,1.0,1.0,1.0,-1.0,-1.0,1.0,1.0,-1.0,1.0,1.0,1.0,1.0,-1.0,1.0,0.0,8.0,2.0,否,4G,否,0.0,是,0.0,0.0,485.0,0.0,华为,VCE-AL00,32.0,485.0,30.2,247.0,0.0,17530051.0,0.0,否,二星,-1.0,-1.0,-1.0,-1.0,-1
2387,1.0,1.0,-1.0,-1.0,-1.0,1.0,-1.0,1.0,1.0,1.0,-1.0,1.0,-1.0,1.0,22.0,2.0,0.0,否,4G,否,23.79,是,8.0,0.0,178.0,0.0,步步高,V2156A,83.0,178.0,80.0,118.0,0.0,54082662.0,0.0,否,三星,-1.0,-1.0,-1.0,-1.0,-1
2388,1.0,-1.0,1.0,-1.0,-1.0,-1.0,-1.0,-1.0,-1.0,1.0,-1.0,-1.0,-1.0,-1.0,13.0,9.0,4.0,否,5G,否,0.0,是,0.0,0.0,416.0,0.0,苹果,A2644,310.0,416.0,309.1,271.0,0.0,8020362.0,0.0,是,白金卡,-1.0,-1.0,-1.0,-1.0,-1
2389,1.0,1.0,-1.0,-1.0,-1.0,-1.0,-1.0,1.0,-1.0,-1.0,1.0,1.0,-1.0,1.0,3.0,8.0,2.0,否,5G,否,0.0,是,0.0,0.0,1233.0,0.0,华为,NOP-AN00,140.0,1233.0,140.0,1047.0,0.0,16498842.0,0.0,是,银卡,-1.0,-1.0,-1.0,-1.0,-1
2390,1.0,-1.0,-1.0,-1.0,-1.0,-1.0,-1.0,-1.0,-1.0,-1.0,-1.0,-1.0,-1.0,-1.0,21.0,30.0,23.0,否,5G,否,218.49,是,3.63,0.0,712.0,0.0,步步高,V2171A,174.87,712.0,22.68,179.0,0.0,37397807.0,0.0,是,未评级,1.0,-1.0,-1.0,-1.0,1
2391,2.0,-1.0,-1.0,-1.0,-1.0,-1.0,-1.0,-1.0,-1.0,-1.0,-1.0,-1.0,-1.0,-1.0,10.0,7.0,1.0,否,4G,否,118.7,是,30.0,0.0,172.0,0.0,苹果,iPhone X A1865,103.0,172.0,73.0,220.0,0.0,37243368.0,0.0,否,三星,-1.0,-1.0,-1.0,-1.0,-1
2392,1.0,-1.0,-1.0,-1.0,-1.0,1.0,-1.0,-1.0,1.0,-1.0,-1.0,1.0,-1.0,-1.0,10.0,5.0,0.0,否,5G,否,0.0,是,0.0,0.0,159.0,0.0,苹果,A2404,88.0,159.0,88.0,227.0,0.0,5591415.0,0.0,是,三星,-1.0,-1.0,-1.0,-1.0,-1
2393,1.0,1.0,-1.0,-1.0,-1.0,-1.0,-1.0,-1.0,1.0,1.0,1.0,1.0,-1.0,-1.0,120.0,32.0,1.0,否,5G,否,0.0,是,0.0,0.0,328.0,0.0,苹果,A2408,164.0,328.0,164.0,228.0,0.0,8626248.0,0.0,是,银卡,-1.0,-1.0,-1.0,-1.0,-1
2394,2.0,-1.0,-1.0,-1.0,-1.0,-1.0,-1.0,-1.0,-1.0,-1.0,-1.0,-1.0,-1.0,-1.0,8.0,2.0,0.0,否,5G,否,0.0,是,0.0,0.0,401.0,0.0,华为,ANA-AN00,44.0,401.0,64.94,717.0,0.0,13261562.0,0.0,是,三星,-1.0,-1.0,-1.0,-1.0,-1
2395,2.0,-1.0,-1.0,-1.0,-1.0,-1.0,-1.0,-1.0,-1.0,-1.0,-1.0,-1.0,-1.0,-1.0,8.0,12.0,2.0,否,4G,否,0.0,是,0.0,0.0,253.0,0.0,苹果,A2412,60.0,253.0,60.0,286.0,0.0,10253875.0,0.0,否,三星,-1.0,-1.0,-1.0,-1.0,-1
2396,2.0,-1.0,-1.0,-1.0,-1.0,-1.0,-1.0,-1.0,-1.0,-1.0,-1.0,-1.0,-1.0,-1.0,8.0,10.0,2.0,否,4G,否,0.0,是,0.0,0.0,237.0,0.0,华为,VOG-AL00,70.0,237.0,70.0,141.0,0.0,8133195.0,0.0,否,二星,-1.0,-1.0,-1.0,-1.0,-1
2397,1.0,1.0,1.0,-1.0,1.0,1.0,1.0,1.0,1.0,1.0,1.0,1.0,-1.0,1.0,36.0,45.0,3.0,否,4G,否,0.0,是,0.0,0.0390143737166324,487.0,19.0,华为,HMA-AL00,90.4,487.0,89.6,661.0,0.0396444506789617,15398145.0,610451.0,否,三星,-1.0,-1.0,-1.0,-1.0,-1
2398,2.0,-1.0,-1.0,-1.0,-1.0,-1.0,-1.0,-1.0,-1.0,-1.0,-1.0,-1.0,-1.0,-1.0,95.0,18.0,0.0,否,4G,否,0.0,是,0.0,0.0,204.0,0.0,华为,AQM-AL00,63.4,204.0,47.8,158.0,0.0,16791223.0,0.0,否,三星,-1.0,-1.0,-1.0,-1.0,-1
2399,1.0,-1.0,-1.0,-1.0,-1.0,1.0,-1.0,1.0,-1.0,-1.0,-1.0,1.0,-1.0,-1.0,0.0,0.0,1.0,否,5G,否,0.0,是,0.0,0.154115586690018,571.0,88.0,华为,NOP-AN00,128.0,571.0,128.0,810.0,0.069378127669614,15775923.0,1094504.0,是,银卡,-1.0,-1.0,-1.0,-1.0,-1
2400,1.0,-1.0,-1.0,-1.0,-1.0,1.0,-1.0,-1.0,-1.0,-1.0,-1.0,-1.0,-1.0,1.0,5.0,12.0,2.0,否,4G,否,39.49,是,10.0,0.0,262.0,0.0,欧珀,PBBM00,89.89,262.0,83.3,735.0,0.0,61251908.0,0.0,否,三星,-1.0,-1.0,-1.0,-1.0,-1
2401,2.0,-1.0,-1.0,-1.0,-1.0,-1.0,-1.0,-1.0,-1.0,-1.0,-1.0,-1.0,-1.0,-1.0,1.0,16.0,3.0,否,4G,否,0.0,是,0.0,0.0,356.0,0.0,苹果,iPhone 7 A1660,70.0,356.0,80.0,213.0,0.0,1988767.0,0.0,否,三星,-1.0,-1.0,-1.0,-1.0,-1
2402,1.0,1.0,1.0,-1.0,-1.0,-1.0,-1.0,-1.0,-1.0,-1.0,1.0,-1.0,-1.0,-1.0,40.0,12.0,1.0,否,4G,否,0.0,是,0.0,0.0,1292.0,0.0,苹果,A2298,408.0,1292.0,408.4,937.0,0.0,16217894.0,0.0,否,白金卡,-1.0,-1.0,-1.0,-1.0,-1
2403,1.0,1.0,-1.0,-1.0,1.0,1.0,-1.0,1.0,1.0,1.0,1.0,1.0,-1.0,1.0,0.0,4.0,4.0,否,5G,否,151.96,是,20.0,0.0,477.0,0.0,小米科技,M2012K11AC,51.92,477.0,28.6,439.0,0.0,23445461.0,0.0,是,三星,-1.0,-1.0,-1.0,-1.0,-1
2404,2.0,-1.0,-1.0,-1.0,-1.0,-1.0,-1.0,-1.0,-1.0,-1.0,-1.0,-1.0,-1.0,-1.0,2.0,22.0,4.0,否,4G,否,0.0,是,0.0,0.0,292.0,0.0,苹果,A2223,13.74,292.0,56.84,1741.0,0.0,17365065.0,0.0,否,三星,-1.0,-1.0,-1.0,-1.0,-1
2405,2.0,-1.0,-1.0,-1.0,-1.0,-1.0,-1.0,-1.0,-1.0,-1.0,-1.0,-1.0,-1.0,-1.0,1.0,20.0,2.0,否,5G,否,0.0,是,0.0,0.0,583.0,0.0,华为,NOH-AN00,21.0,583.0,22.3,560.0,0.0,4512255.0,0.0,是,三星,-1.0,-1.0,-1.0,-1.0,-1
2406,1.0,-1.0,-1.0,-1.0,-1.0,1.0,-1.0,-1.0,-1.0,-1.0,-1.0,-1.0,-1.0,1.0,5.0,0.0,0.0,否,4G,否,0.0,是,0.0,0.0,154.0,0.0,华为,PCT-AL10,20.0,154.0,20.0,51.0,0.0,5079527.0,0.0,否,三星,-1.0,-1.0,-1.0,-1.0,-1
2407,1.0,1.0,1.0,-1.0,-1.0,1.0,-1.0,1.0,-1.0,-1.0,1.0,1.0,-1.0,-1.0,5.0,19.0,2.0,否,4G,否,0.0,是,0.0,0.194202898550725,345.0,67.0,华为,LYA-AL10,83.0,345.0,83.0,588.0,0.636631814292111,11691695.0,7443305.0,否,三星,-1.0,-1.0,-1.0,-1.0,-1
2408,1.0,1.0,-1.0,-1.0,1.0,-1.0,-1.0,-1.0,1.0,1.0,1.0,1.0,-1.0,-1.0,4.0,14.0,0.0,否,5G,是,0.0,是,0.0,0.0,342.0,0.0,苹果,A2644,96.4,342.0,96.0,480.0,0.0,3155638.0,0.0,是,银卡,-1.0,-1.0,-1.0,-1.0,-1
2409,1.0,1.0,1.0,-1.0,-1.0,-1.0,1.0,-1.0,1.0,-1.0,1.0,-1.0,-1.0,1.0,3.0,26.0,10.0,否,5G,否,0.0,是,0.0,0.0,1964.0,0.0,三星,SM-W2021,205.0,1964.0,205.0,1376.0,0.0,3484570.0,0.0,是,银卡,-1.0,-1.0,-1.0,-1.0,-1
2410,1.0,-1.0,-1.0,-1.0,-1.0,-1.0,1.0,-1.0,1.0,-1.0,1.0,-1.0,-1.0,-1.0,9.0,1.0,0.0,否,5G,否,0.0,是,0.0,0.0,383.0,0.0,步步高,V2057A,128.31,383.0,128.2,545.0,0.0,17628194.0,0.0,是,银卡,-1.0,-1.0,-1.0,-1.0,-1
2411,1.0,1.0,1.0,-1.0,-1.0,1.0,-1.0,-1.0,1.0,-1.0,1.0,-1.0,-1.0,-1.0,39.0,0.0,0.0,否,4G,否,0.0,是,0.0,0.0,697.0,0.0,苹果,iPhone 6 A1586,161.7,697.0,112.7,339.0,0.0,14353936.0,0.0,否,银卡,-1.0,-1.0,-1.0,-1.0,-1
2412,2.0,-1.0,-1.0,-1.0,-1.0,-1.0,-1.0,-1.0,-1.0,-1.0,-1.0,-1.0,-1.0,-1.0,2.0,3.0,0.0,否,4G,否,0.0,是,0.0,0.0,129.0,0.0,苹果,A2223,5.6,129.0,5.6,194.0,0.0,58940.0,0.0,否,二星,-1.0,-1.0,-1.0,-1.0,-1
2413,2.0,-1.0,-1.0,-1.0,-1.0,-1.0,-1.0,-1.0,-1.0,-1.0,-1.0,-1.0,-1.0,-1.0,17.0,5.0,0.0,否,4G,否,0.0,是,0.0,0.0,157.0,0.0,苹果,A2223,42.0,157.0,42.0,66.0,0.0,26052345.0,0.0,否,二星,-1.0,-1.0,-1.0,-1.0,-1
2414,1.0,1.0,-1.0,-1.0,-1.0,1.0,1.0,1.0,-1.0,-1.0,-1.0,1.0,-1.0,1.0,9.0,31.0,0.0,否,4G,否,0.0,是,0.0,0.0,557.0,0.0,小米科技,HMNote8M1906G7E,45.0,557.0,42.0,618.0,0.00701039722989625,20554898.0,144098.0,否,三星,-1.0,-1.0,-1.0,-1.0,-1
2415,1.0,1.0,-1.0,-1.0,-1.0,-1.0,-1.0,-1.0,-1.0,-1.0,-1.0,1.0,-1.0,1.0,7.0,16.0,0.0,否,4G,否,0.0,是,0.0,0.0,170.0,0.0,苹果,iPhone 6S PLUS A1699,41.23,170.0,38.1,168.0,0.0,478756.0,0.0,否,二星,-1.0,-1.0,-1.0,-1.0,-1
2416,2.0,-1.0,-1.0,-1.0,-1.0,-1.0,-1.0,-1.0,-1.0,-1.0,-1.0,-1.0,-1.0,-1.0,9.0,5.0,0.0,否,4G,否,0.0,是,0.0,0.0,244.0,0.0,华为,CLT-AL00,21.0,244.0,21.0,702.0,0.0,12826441.0,0.0,否,三星,-1.0,-1.0,-1.0,-1.0,-1
2417,2.0,-1.0,-1.0,-1.0,-1.0,-1.0,-1.0,-1.0,-1.0,-1.0,-1.0,-1.0,-1.0,-1.0,3.0,16.0,0.0,否,5G,否,0.0,是,0.0,0.0,255.0,0.0,苹果,A2639,118.5,255.0,116.0,247.0,0.0,50776291.0,0.0,是,银卡,-1.0,-1.0,-1.0,-1.0,-1
2418,2.0,-1.0,-1.0,-1.0,-1.0,-1.0,-1.0,-1.0,-1.0,-1.0,-1.0,-1.0,-1.0,-1.0,1.0,9.0,2.0,否,5G,否,0.0,是,0.0,0.0,366.0,0.0,苹果,A2639,90.0,366.0,90.0,451.0,0.0,717209.0,0.0,是,银卡,-1.0,-1.0,-1.0,-1.0,-1
2419,2.0,-1.0,-1.0,-1.0,-1.0,-1.0,-1.0,-1.0,-1.0,-1.0,-1.0,-1.0,-1.0,-1.0,17.0,8.0,0.0,否,5G,否,0.0,是,0.0,0.0,353.0,0.0,苹果,A2412,275.0,353.0,275.2,268.0,0.0,41502784.0,0.0,是,白金卡,-1.0,-1.0,-1.0,-1.0,-1
2420,2.0,-1.0,-1.0,-1.0,-1.0,-1.0,-1.0,-1.0,-1.0,-1.0,-1.0,-1.0,-1.0,-1.0,15.0,23.0,1.0,否,4G,否,0.0,是,0.0,0.0,155.0,0.0,苹果,iPhone 6S A1633,10.0,155.0,10.0,156.0,0.0,440321.0,0.0,否,三星,-1.0,-1.0,-1.0,-1.0,-1
2421,2.0,-1.0,-1.0,-1.0,-1.0,-1.0,-1.0,-1.0,-1.0,-1.0,-1.0,-1.0,-1.0,-1.0,8.0,17.0,7.0,否,5G,否,0.0,是,0.0,0.0,1873.0,0.0,华为,LIO-AN00P,140.0,1873.0,140.0,1013.0,0.0,32302457.0,0.0,是,银卡,-1.0,-1.0,-1.0,-1.0,-1
2422,2.0,-1.0,-1.0,-1.0,-1.0,-1.0,-1.0,-1.0,-1.0,-1.0,-1.0,-1.0,-1.0,-1.0,3.0,25.0,16.0,否,4G,否,172.74,是,5.0,0.0,1547.0,0.0,华为,TEL-AN00a,245.13,1547.0,256.0,1966.0,0.0,114085706.0,0.0,否,三星,-1.0,-1.0,-1.0,-1.0,-1
2423,2.0,-1.0,-1.0,-1.0,-1.0,-1.0,-1.0,-1.0,-1.0,-1.0,-1.0,-1.0,-1.0,-1.0,13.0,8.0,5.0,否,4G,否,1.96,是,1.0,0.0,259.0,0.0,苹果,A2404,22.0,259.0,45.5,334.0,0.0,48968024.0,0.0,否,二星,-1.0,-1.0,-1.0,-1.0,-1
2424,2.0,-1.0,-1.0,-1.0,-1.0,-1.0,-1.0,-1.0,-1.0,-1.0,-1.0,-1.0,-1.0,-1.0,13.0,0.0,0.0,否,5G,否,0.0,是,0.0,0.0,301.0,0.0,华为,ANA-AN00,99.1,301.0,99.0,202.0,0.0,46374454.0,0.0,是,银卡,-1.0,-1.0,-1.0,-1.0,-1
2425,1.0,1.0,1.0,-1.0,-1.0,-1.0,-1.0,-1.0,-1.0,1.0,1.0,-1.0,-1.0,-1.0,5.0,96.0,15.0,否,4G,否,0.0,是,0.0,0.0,2276.0,0.0,苹果,A2223,69.1,2276.0,69.0,1706.0,0.0,11973372.0,0.0,否,三星,-1.0,-1.0,-1.0,-1.0,-1
2426,2.0,-1.0,-1.0,-1.0,-1.0,-1.0,-1.0,-1.0,-1.0,-1.0,-1.0,-1.0,-1.0,-1.0,15.0,4.0,0.0,否,5G,否,0.0,是,0.0,0.0,194.0,0.0,华为,ELS-AN00,28.84,194.0,27.44,162.0,0.0,5290780.0,0.0,是,二星,-1.0,-1.0,-1.0,-1.0,-1
2427,1.0,-1.0,-1.0,-1.0,-1.0,-1.0,-1.0,-1.0,1.0,-1.0,-1.0,-1.0,-1.0,-1.0,8.0,4.0,3.0,否,5G,否,0.0,是,0.0,0.0,369.0,0.0,苹果,A2404,69.0,369.0,69.0,338.0,0.0,5833248.0,0.0,是,三星,1.0,-1.0,-1.0,-1.0,-1
2428,1.0,1.0,1.0,-1.0,1.0,1.0,1.0,1.0,1.0,1.0,1.0,1.0,1.0,1.0,10.0,4.0,0.0,否,5G,否,0.0,是,0.0,0.0,151.0,0.0,苹果,A2644,11.2,151.0,13.04,44.0,0.0,16853600.0,0.0,是,三星,-1.0,-1.0,-1.0,-1.0,-1
2429,1.0,-1.0,-1.0,-1.0,-1.0,1.0,-1.0,1.0,-1.0,1.0,-1.0,1.0,1.0,1.0,4.0,5.0,0.0,否,5G,否,0.0,是,0.0,0.0,181.0,0.0,华为,NOP-AN00,70.2,181.0,70.7,222.0,0.0,4542941.0,0.0,是,二星,-1.0,-1.0,-1.0,-1.0,-1
2430,1.0,1.0,-1.0,-1.0,1.0,1.0,-1.0,-1.0,1.0,1.0,1.0,1.0,-1.0,1.0,37.0,0.0,0.0,否,4G,否,0.0,是,0.0,0.0,567.0,0.0,苹果,A2104,245.6,567.0,245.8,347.0,0.0,36484164.0,0.0,否,银卡,-1.0,-1.0,-1.0,-1.0,-1
2431,1.0,-1.0,1.0,-1.0,-1.0,-1.0,-1.0,-1.0,-1.0,-1.0,1.0,-1.0,-1.0,-1.0,1.0,7.0,1.0,否,4G,否,0.0,是,0.0,0.0,599.0,0.0,华为,BLA-AL00,38.0,599.0,38.0,259.0,0.0,9845048.0,0.0,否,三星,-1.0,-1.0,-1.0,-1.0,-1
2432,2.0,-1.0,-1.0,-1.0,-1.0,-1.0,-1.0,-1.0,-1.0,-1.0,-1.0,-1.0,-1.0,-1.0,28.0,5.0,2.0,否,4G,否,0.0,是,0.0,0.0,135.0,0.0,华为,SEA-AL10,60.0,135.0,60.1,147.0,0.0,14047492.0,0.0,否,三星,-1.0,-1.0,-1.0,-1.0,-1
2433,2.0,-1.0,-1.0,-1.0,-1.0,-1.0,-1.0,-1.0,-1.0,-1.0,-1.0,-1.0,-1.0,-1.0,7.0,4.0,1.0,否,5G,否,0.0,是,0.0,0.0,185.0,0.0,华为,OCE-AN50,69.0,185.0,70.0,241.0,0.0,10043676.0,0.0,是,三星,-1.0,-1.0,-1.0,-1.0,-1
2434,2.0,-1.0,-1.0,-1.0,-1.0,-1.0,-1.0,-1.0,-1.0,-1.0,-1.0,-1.0,-1.0,-1.0,3.0,11.0,0.0,否,4G,否,0.0,是,0.0,0.0,387.0,0.0,苹果,A2412,44.0,387.0,34.0,434.0,0.0,281508.0,0.0,否,三星,-1.0,-1.0,-1.0,-1.0,-1
2435,1.0,1.0,-1.0,-1.0,-1.0,-1.0,-1.0,-1.0,-1.0,1.0,1.0,1.0,-1.0,-1.0,38.0,29.0,0.0,否,4G,否,0.0,是,0.0,0.0,433.0,0.0,华为,EML-AL00,56.0,433.0,56.1,488.0,0.0,11422461.0,0.0,否,三星,-1.0,-1.0,-1.0,-1.0,-1
2436,1.0,1.0,1.0,-1.0,1.0,-1.0,-1.0,-1.0,1.0,1.0,1.0,1.0,-1.0,-1.0,27.0,18.0,2.0,否,4G,否,0.0,是,0.0,0.0,194.0,0.0,华为,ELE-AL00,79.3,194.0,82.5,213.0,0.0,17666209.0,0.0,否,二星,-1.0,-1.0,-1.0,-1.0,-1
2437,2.0,-1.0,-1.0,-1.0,-1.0,-1.0,-1.0,-1.0,-1.0,-1.0,-1.0,-1.0,-1.0,-1.0,1.0,6.0,0.0,否,4G,否,0.0,是,0.0,0.0,116.0,0.0,华为,BKL-AL00,59.0,116.0,49.0,48.0,0.0,18764877.0,0.0,否,三星,-1.0,-1.0,-1.0,-1.0,-1
2438,1.0,1.0,1.0,-1.0,1.0,1.0,-1.0,-1.0,1.0,1.0,1.0,-1.0,-1.0,-1.0,5.0,6.0,0.0,否,5G,否,0.0,是,0.0,0.0,219.0,0.0,苹果,A2644,89.0,219.0,115.0,655.0,0.00020642070143564,39012560.0,8053.0,是,三星,1.0,-1.0,-1.0,-1.0,-1
2439,2.0,-1.0,-1.0,-1.0,-1.0,-1.0,-1.0,-1.0,-1.0,-1.0,-1.0,-1.0,-1.0,-1.0,8.0,18.0,2.0,否,4G,否,0.0,是,0.0,0.0,309.0,0.0,华为,ALP-AL00,49.0,309.0,49.0,311.0,0.0,6477827.0,0.0,否,三星,-1.0,-1.0,-1.0,-1.0,-1
2440,1.0,-1.0,1.0,-1.0,-1.0,1.0,1.0,1.0,-1.0,-1.0,1.0,1.0,1.0,1.0,1.0,4.0,1.0,否,4G,否,0.0,是,0.0,0.0,220.0,0.0,苹果,A2160,244.0,220.0,94.0,160.0,0.0,6131688.0,0.0,否,三星,-1.0,-1.0,-1.0,-1.0,-1
2441,2.0,-1.0,-1.0,-1.0,-1.0,-1.0,-1.0,-1.0,-1.0,-1.0,-1.0,-1.0,-1.0,-1.0,0.0,6.0,0.0,否,4G,否,0.0,是,0.0,0.0,342.0,0.0,华为,SLA-TL10,20.0,342.0,20.0,209.0,0.0,2150426.0,0.0,否,三星,-1.0,-1.0,-1.0,-1.0,-1
2442,1.0,1.0,-1.0,-1.0,-1.0,-1.0,-1.0,-1.0,-1.0,-1.0,1.0,-1.0,-1.0,-1.0,2.0,13.0,21.0,否,5G,否,0.0,是,0.0,0.0,864.0,0.0,小米科技,M2102J2SC,67.1,864.0,67.1,854.0,1.65111583678339e-05,4724078.0,78.0,是,银卡,-1.0,-1.0,-1.0,-1.0,-1
2443,2.0,-1.0,-1.0,-1.0,-1.0,-1.0,-1.0,-1.0,-1.0,-1.0,-1.0,-1.0,-1.0,-1.0,15.0,0.0,0.0,否,4G,否,0.0,是,0.0,0.0,169.0,0.0,步步高,vivo X20A,60.8,169.0,60.0,63.0,0.0,54218533.0,0.0,否,三星,-1.0,-1.0,-1.0,-1.0,-1
2444,2.0,-1.0,-1.0,-1.0,-1.0,-1.0,-1.0,-1.0,-1.0,-1.0,-1.0,-1.0,-1.0,-1.0,12.0,3.0,1.0,否,4G,否,0.0,是,0.0,0.0,277.0,0.0,小米科技,HMK20ProM1903F11A,10.15,277.0,10.0,34.0,0.0,12863986.0,0.0,否,一星,-1.0,-1.0,-1.0,-1.0,-1
2445,2.0,-1.0,-1.0,-1.0,-1.0,-1.0,-1.0,-1.0,-1.0,-1.0,-1.0,-1.0,-1.0,-1.0,0.0,0.0,2.0,否,4G,否,0.0,是,0.0,0.0,124.0,0.0,华为,ALP-AL00,40.0,124.0,40.0,145.0,0.0,22939171.0,0.0,否,三星,-1.0,-1.0,-1.0,-1.0,-1
2446,2.0,-1.0,-1.0,-1.0,-1.0,-1.0,-1.0,-1.0,-1.0,-1.0,-1.0,-1.0,-1.0,-1.0,15.0,5.0,0.0,否,4G,否,0.0,是,0.0,0.0,251.0,0.0,苹果,A2104,5.0,251.0,120.0,363.0,0.0,2491594.0,0.0,否,二星,-1.0,-1.0,-1.0,-1.0,-1
2447,2.0,-1.0,-1.0,-1.0,-1.0,-1.0,-1.0,-1.0,-1.0,-1.0,-1.0,-1.0,-1.0,-1.0,0.0,9.0,0.0,否,5G,否,0.0,是,0.0,0.128834355828221,163.0,21.0,苹果,A2644,14.5,163.0,10.6,140.0,0.0359806711228596,59393.0,2137.0,是,二星,-1.0,-1.0,-1.0,-1.0,-1
2448,1.0,1.0,-1.0,-1.0,-1.0,-1.0,-1.0,-1.0,1.0,-1.0,1.0,-1.0,-1.0,1.0,5.0,4.0,27.0,否,5G,否,0.0,是,0.0,0.0,500.0,0.0,苹果,A2412,198.0,500.0,198.0,627.0,0.0,27854582.0,0.0,是,银卡,-1.0,-1.0,-1.0,-1.0,-1
2449,1.0,-1.0,1.0,-1.0,-1.0,-1.0,-1.0,-1.0,1.0,1.0,-1.0,-1.0,-1.0,1.0,7.0,3.0,1.0,否,4G,否,0.0,是,0.0,0.0,153.0,0.0,苹果,A2223,35.98,153.0,35.0,199.0,0.0,14681414.0,0.0,否,三星,-1.0,-1.0,-1.0,-1.0,-1
2450,2.0,-1.0,-1.0,-1.0,-1.0,-1.0,-1.0,-1.0,-1.0,-1.0,-1.0,-1.0,-1.0,-1.0,0.0,0.0,0.0,否,5G,否,350.97,是,5.0,0.0,354.0,0.0,华为,ANG-AN00,98.0,354.0,98.0,324.0,0.0,39974229.0,0.0,是,银卡,-1.0,-1.0,-1.0,-1.0,-1
2451,2.0,-1.0,-1.0,-1.0,-1.0,-1.0,-1.0,-1.0,-1.0,-1.0,-1.0,-1.0,-1.0,-1.0,4.0,5.0,1.0,否,5G,否,0.0,是,0.0,0.0,311.0,0.0,欧珀,PEHM00,79.0,311.0,79.0,292.0,0.0,7383443.0,0.0,是,三星,-1.0,-1.0,-1.0,-1.0,-1
2452,2.0,-1.0,-1.0,-1.0,-1.0,-1.0,-1.0,-1.0,-1.0,-1.0,-1.0,-1.0,-1.0,-1.0,25.0,38.0,0.0,否,4G,否,1887.92,是,54.0,0.0,424.0,0.0,华为,NOH-AL00,261.0,424.0,159.2,280.0,0.0,88847767.0,0.0,否,金卡,-1.0,-1.0,-1.0,-1.0,-1
2453,2.0,-1.0,-1.0,-1.0,-1.0,-1.0,-1.0,-1.0,-1.0,-1.0,-1.0,-1.0,-1.0,-1.0,10.0,9.0,0.0,否,5G,否,0.0,是,0.0,0.0,147.0,0.0,华为,NTH-AN00,65.0,147.0,55.0,120.0,0.0,2930607.0,0.0,是,三星,-1.0,-1.0,-1.0,-1.0,-1
2454,2.0,-1.0,-1.0,-1.0,-1.0,-1.0,-1.0,-1.0,-1.0,-1.0,-1.0,-1.0,-1.0,-1.0,23.0,25.0,2.0,否,4G,否,0.0,是,0.0,0.0,228.0,0.0,小米科技,M1906G7T,89.0,228.0,69.0,149.0,0.0,15142801.0,0.0,否,三星,-1.0,-1.0,-1.0,-1.0,-1
2455,1.0,1.0,-1.0,-1.0,-1.0,-1.0,-1.0,-1.0,-1.0,-1.0,1.0,1.0,-1.0,1.0,0.0,0.0,0.0,否,2G,否,0.0,否,0.0,0.0,119.0,0.0,华为,LON-AL00,0.0,119.0,0.0,300.0,0.0,0.0,0.0,否,三星,-1.0,-1.0,-1.0,-1.0,-1
2456,1.0,-1.0,-1.0,-1.0,1.0,1.0,-1.0,-1.0,-1.0,1.0,-1.0,-1.0,-1.0,1.0,86.0,0.0,0.0,否,4G,否,0.0,是,0.0,0.0,256.0,0.0,欧珀,PDBM00,28.0,256.0,28.0,48.0,0.0,13067211.0,0.0,否,三星,-1.0,-1.0,-1.0,-1.0,-1
2457,2.0,-1.0,-1.0,-1.0,-1.0,-1.0,-1.0,-1.0,-1.0,-1.0,-1.0,-1.0,-1.0,-1.0,8.0,50.0,3.0,否,5G,是,0.0,是,0.0,0.0,1002.0,0.0,华为,ALP-AL00,221.95,1002.0,217.0,2057.0,1.83998340259869e-05,5326135.0,98.0,是,银卡,-1.0,-1.0,-1.0,-1.0,-1
2458,1.0,1.0,-1.0,-1.0,-1.0,1.0,-1.0,1.0,-1.0,1.0,-1.0,1.0,-1.0,-1.0,115.0,14.0,7.0,否,4G,否,23.45,是,29.0,0.0,364.0,0.0,奇酷,1807-A01,48.1,364.0,73.2,952.0,0.0,57579389.0,0.0,否,三星,-1.0,-1.0,-1.0,-1.0,-1
2459,1.0,1.0,1.0,-1.0,-1.0,-1.0,-1.0,-1.0,1.0,-1.0,-1.0,-1.0,-1.0,-1.0,3.0,21.0,1.0,否,4G,否,0.0,是,0.0,0.0,729.0,0.0,苹果,A2220,162.8,729.0,174.2,572.0,0.0,1442824.0,0.0,否,银卡,-1.0,-1.0,-1.0,-1.0,-1
2460,2.0,-1.0,-1.0,-1.0,-1.0,-1.0,-1.0,-1.0,-1.0,-1.0,-1.0,-1.0,-1.0,-1.0,83.0,4.0,0.0,否,4G,否,0.0,是,0.0,0.0,205.0,0.0,小米科技,M1805E2A,59.0,205.0,59.0,81.0,0.0,57091071.0,0.0,否,三星,-1.0,-1.0,-1.0,-1.0,-1
2461,1.0,1.0,1.0,-1.0,-1.0,1.0,-1.0,1.0,1.0,-1.0,1.0,-1.0,-1.0,1.0,28.0,11.0,2.0,否,5G,否,219.86,是,50.29,0.0,292.0,0.0,0,0,60.29,292.0,10.25,492.0,0.0,9255312.0,0.0,是,二星,-1.0,-1.0,-1.0,-1.0,-1
2462,2.0,-1.0,-1.0,-1.0,-1.0,-1.0,-1.0,-1.0,-1.0,-1.0,-1.0,-1.0,-1.0,-1.0,2.0,12.0,4.0,否,4G,否,0.0,是,0.0,0.0,216.0,0.0,华为,PCT-AL10,42.1,216.0,42.0,101.0,0.0,12265660.0,0.0,否,三星,-1.0,-1.0,-1.0,-1.0,-1
2463,1.0,-1.0,1.0,-1.0,-1.0,-1.0,-1.0,-1.0,-1.0,-1.0,-1.0,1.0,-1.0,-1.0,20.0,77.0,7.0,否,4G,否,0.0,是,0.0,0.0,1371.0,0.0,小米科技,M2001J2C,129.2,1371.0,149.65,1823.0,0.0,8612526.0,0.0,否,银卡,-1.0,-1.0,-1.0,-1.0,-1
2464,1.0,1.0,-1.0,-1.0,-1.0,1.0,1.0,1.0,-1.0,-1.0,1.0,1.0,-1.0,1.0,6.0,3.0,2.0,否,5G,否,0.0,是,0.0,0.0,439.0,0.0,华为,BRQ-AN00,109.0,439.0,109.0,478.0,0.0,14162942.0,0.0,是,三星,-1.0,-1.0,-1.0,-1.0,-1
2465,1.0,1.0,-1.0,-1.0,-1.0,1.0,-1.0,1.0,1.0,-1.0,-1.0,1.0,-1.0,-1.0,2.0,3.0,0.0,否,4G,否,0.0,是,0.0,0.161490683229814,161.0,26.0,华为,ANA-AN00,8.0,161.0,8.0,38.0,0.29732375943803,1848638.0,549644.0,否,三星,-1.0,-1.0,-1.0,-1.0,-1
2466,1.0,1.0,-1.0,-1.0,-1.0,1.0,-1.0,-1.0,1.0,1.0,-1.0,1.0,-1.0,1.0,5.0,7.0,0.0,否,4G,否,0.0,是,0.0,0.0,251.0,0.0,苹果,A2223,53.9,251.0,69.95,146.0,0.0,4506216.0,0.0,否,三星,-1.0,-1.0,-1.0,-1.0,-1
2467,1.0,1.0,-1.0,-1.0,-1.0,-1.0,-1.0,-1.0,-1.0,1.0,-1.0,-1.0,-1.0,-1.0,11.0,26.0,8.0,否,5G,否,0.0,是,0.0,0.0,981.0,0.0,苹果,A2408,153.0,981.0,358.0,1442.0,0.0,49253728.0,0.0,是,金卡,-1.0,-1.0,-1.0,-1.0,-1
2468,1.0,1.0,1.0,-1.0,1.0,1.0,-1.0,-1.0,1.0,1.0,1.0,1.0,-1.0,1.0,29.0,21.0,0.0,否,4G,否,0.0,是,0.0,0.0,609.0,0.0,苹果,A2104,74.0,609.0,69.0,198.0,0.0,31254951.0,0.0,否,三星,-1.0,-1.0,-1.0,-1.0,-1
2469,2.0,-1.0,-1.0,-1.0,-1.0,-1.0,-1.0,-1.0,-1.0,-1.0,-1.0,-1.0,-1.0,-1.0,9.0,4.0,1.0,否,5G,否,0.0,是,0.0,0.0223880597014925,134.0,3.0,摩托罗拉,XT2201-2,39.0,134.0,39.0,466.0,0.0232090646806073,17078241.0,396370.0,是,二星,-1.0,-1.0,-1.0,-1.0,-1
2470,2.0,-1.0,-1.0,-1.0,-1.0,-1.0,-1.0,-1.0,-1.0,-1.0,-1.0,-1.0,-1.0,-1.0,8.0,8.0,7.0,否,4G,否,0.0,是,0.0,0.0,227.0,0.0,步步高,V1901A,84.9,227.0,68.9,394.0,0.0,45017752.0,0.0,否,三星,-1.0,-1.0,-1.0,-1.0,-1
2471,2.0,-1.0,-1.0,-1.0,-1.0,-1.0,-1.0,-1.0,-1.0,-1.0,-1.0,-1.0,-1.0,-1.0,6.0,0.0,3.0,否,5G,否,0.0,是,0.0,0.0,379.0,0.0,华为,LIO-AN00,138.0,379.0,142.2,587.0,2.53737544851785e-05,38110245.0,967.0,是,银卡,-1.0,-1.0,-1.0,-1.0,-1
2472,2.0,-1.0,-1.0,-1.0,-1.0,-1.0,-1.0,-1.0,-1.0,-1.0,-1.0,-1.0,-1.0,-1.0,2.0,6.0,2.0,否,5G,否,0.0,是,0.0,0.0,248.0,0.0,华为,JER-AN10,65.0,248.0,65.0,153.0,0.0,20011691.0,0.0,是,三星,-1.0,-1.0,-1.0,-1.0,-1
2473,2.0,-1.0,-1.0,-1.0,-1.0,-1.0,-1.0,-1.0,-1.0,-1.0,-1.0,-1.0,-1.0,-1.0,12.0,19.0,3.0,否,5G,否,0.0,是,0.0,0.0054127198917456,739.0,4.0,苹果,A2108,154.16,739.0,125.0,340.0,0.00122098074159894,59919045.0,73160.0,是,三星,-1.0,-1.0,-1.0,-1.0,-1
2474,1.0,1.0,1.0,-1.0,-1.0,1.0,-1.0,1.0,1.0,1.0,1.0,-1.0,-1.0,1.0,22.0,20.0,0.0,否,4G,否,0.0,是,0.0,0.0,587.0,0.0,华为,PCT-AL10,133.3,587.0,120.1,379.0,0.0,3443001.0,0.0,否,银卡,-1.0,-1.0,-1.0,-1.0,-1
2475,2.0,-1.0,-1.0,-1.0,-1.0,-1.0,-1.0,-1.0,-1.0,-1.0,-1.0,-1.0,-1.0,-1.0,1.0,54.0,3.0,否,4G,否,0.0,是,0.0,0.0,652.0,0.0,苹果,iPhone 6S PLUS A1699,140.1,652.0,140.6,696.0,0.0,37550864.0,0.0,否,银卡,-1.0,-1.0,-1.0,-1.0,-1
2476,1.0,-1.0,-1.0,-1.0,-1.0,1.0,-1.0,1.0,-1.0,-1.0,-1.0,1.0,-1.0,-1.0,7.0,32.0,2.0,否,4G,否,0.0,是,0.0,0.0,611.0,0.0,苹果,iPhone 8 A1863,16.17,611.0,26.81,514.0,6.57332806404732e-06,5020288.0,33.0,否,三星,-1.0,-1.0,-1.0,-1.0,-1
2477,2.0,-1.0,-1.0,-1.0,-1.0,-1.0,-1.0,-1.0,-1.0,-1.0,-1.0,-1.0,-1.0,-1.0,2.0,29.0,4.0,否,4G,否,104.08,是,3.15,0.0,231.0,0.0,苹果,iPhone X A1865,151.05,231.0,158.0,371.0,0.0,57613333.0,0.0,否,银卡,-1.0,-1.0,-1.0,-1.0,-1
2478,2.0,-1.0,-1.0,-1.0,-1.0,-1.0,-1.0,-1.0,-1.0,-1.0,-1.0,-1.0,-1.0,-1.0,6.0,33.0,2.0,否,4G,否,0.0,是,0.0,0.0,1090.0,0.0,苹果,iPhone 7Plus A1661,128.0,1090.0,128.0,575.0,0.0,1997512.0,0.0,否,银卡,-1.0,-1.0,-1.0,-1.0,-1
2479,2.0,-1.0,-1.0,-1.0,-1.0,-1.0,-1.0,-1.0,-1.0,-1.0,-1.0,-1.0,-1.0,-1.0,0.0,5.0,0.0,否,4G,否,0.0,是,0.0,0.0,237.0,0.0,华为,BAL-AL00,56.0,237.0,56.0,355.0,0.0,6627730.0,0.0,否,三星,-1.0,-1.0,-1.0,-1.0,-1
2480,2.0,-1.0,-1.0,-1.0,-1.0,-1.0,-1.0,-1.0,-1.0,-1.0,-1.0,-1.0,-1.0,-1.0,23.0,0.0,0.0,否,4G,否,0.0,是,0.0,0.181818181818182,187.0,34.0,华为,VKY-AL00,60.0,187.0,110.5,690.0,0.0140386857667298,55548647.0,779830.0,否,三星,-1.0,-1.0,-1.0,-1.0,-1
2481,1.0,-1.0,1.0,-1.0,-1.0,1.0,-1.0,1.0,-1.0,-1.0,1.0,1.0,-1.0,-1.0,1.0,32.0,0.0,否,4G,否,0.0,是,0.0,0.0,1799.0,0.0,苹果,A2412,323.95,1799.0,210.0,1896.0,0.0,29600111.0,0.0,否,银卡,-1.0,-1.0,-1.0,-1.0,-1
2482,1.0,1.0,-1.0,1.0,-1.0,-1.0,-1.0,-1.0,-1.0,-1.0,-1.0,-1.0,-1.0,1.0,24.0,88.0,9.0,否,4G,否,886.24,是,27.0,0.171787709497207,716.0,123.0,华为,PPA-AL20,195.3,716.0,217.8,438.0,0.288083325239606,59634656.0,17179750.0,否,银卡,-1.0,-1.0,-1.0,-1.0,-1
2483,1.0,1.0,-1.0,-1.0,-1.0,1.0,-1.0,-1.0,1.0,-1.0,1.0,-1.0,-1.0,1.0,10.0,12.0,0.0,否,4G,否,0.0,是,0.0,0.0,493.0,0.0,苹果,A2100,144.0,493.0,144.3,394.0,0.0,2682485.0,0.0,否,银卡,-1.0,-1.0,-1.0,-1.0,-1
2484,2.0,-1.0,-1.0,-1.0,-1.0,-1.0,-1.0,-1.0,-1.0,-1.0,-1.0,-1.0,-1.0,-1.0,0.0,18.0,1.0,否,4G,否,0.0,是,0.0,0.0,1042.0,0.0,小米科技,M2001J1C,56.72,1042.0,51.8,884.0,0.0,17115167.0,0.0,否,三星,-1.0,-1.0,-1.0,-1.0,-1
2485,1.0,-1.0,1.0,-1.0,-1.0,-1.0,-1.0,-1.0,1.0,-1.0,-1.0,1.0,-1.0,-1.0,0.0,26.0,0.0,否,4G,否,375.43,是,9.36,0.0,740.0,0.0,苹果,A2298,145.29,740.0,112.11,753.0,0.0,97601168.0,0.0,否,三星,-1.0,-1.0,-1.0,-1.0,-1
2486,2.0,-1.0,-1.0,-1.0,-1.0,-1.0,-1.0,-1.0,-1.0,-1.0,-1.0,-1.0,-1.0,-1.0,0.0,0.0,0.0,否,4G,否,1.13,是,0.29,0.0,167.0,0.0,宇龙,Coolpad 8675-A,10.29,167.0,10.88,120.0,0.0,1515.0,0.0,否,三星,-1.0,-1.0,-1.0,-1.0,-1
2487,1.0,1.0,1.0,-1.0,-1.0,-1.0,-1.0,1.0,1.0,-1.0,1.0,1.0,-1.0,1.0,15.0,5.0,6.0,否,5G,是,0.0,是,0.0,0.0,514.0,0.0,华为,LIO-AN00,90.0,514.0,90.0,494.0,0.0,13035419.0,0.0,是,三星,-1.0,-1.0,-1.0,-1.0,-1
2488,1.0,1.0,-1.0,-1.0,-1.0,-1.0,-1.0,-1.0,-1.0,-1.0,1.0,-1.0,-1.0,1.0,0.0,3.0,8.0,否,5G,否,0.0,是,0.0,0.0,230.0,0.0,中邮通信,Hera-BD00,87.0,230.0,73.0,262.0,5.74981126776903e-05,21600709.0,1242.0,是,三星,-1.0,-1.0,-1.0,-1.0,-1
2489,2.0,-1.0,-1.0,-1.0,-1.0,-1.0,-1.0,-1.0,-1.0,-1.0,-1.0,-1.0,-1.0,-1.0,14.0,16.0,7.0,否,5G,否,0.0,是,0.0,0.0,397.0,0.0,步步高,V2072A,44.98,397.0,0.0,0.0,0.0,35319062.0,0.0,是,未评级,-1.0,-1.0,-1.0,-1.0,-1
2490,2.0,-1.0,-1.0,-1.0,-1.0,-1.0,-1.0,-1.0,-1.0,-1.0,-1.0,-1.0,-1.0,-1.0,32.0,1.0,2.0,否,5G,否,0.0,是,0.0,0.0,208.0,0.0,欧珀,PEYM00,22.5,208.0,29.25,199.0,0.0,4583499.0,0.0,是,三星,-1.0,-1.0,-1.0,-1.0,-1
2491,2.0,-1.0,-1.0,-1.0,-1.0,-1.0,-1.0,-1.0,-1.0,-1.0,-1.0,-1.0,-1.0,-1.0,229.0,12.0,0.0,否,4G,否,0.0,是,0.0,0.0,1133.0,0.0,苹果,A2104,49.0,1133.0,49.0,1778.0,0.0,5093013.0,0.0,否,三星,-1.0,-1.0,-1.0,-1.0,-1
2492,2.0,-1.0,-1.0,-1.0,-1.0,-1.0,-1.0,-1.0,-1.0,-1.0,-1.0,-1.0,-1.0,-1.0,0.0,1.0,4.0,否,5G,否,0.0,是,0.0,0.0401376146788991,1744.0,70.0,小米科技,M2011K2C,128.0,1744.0,128.0,1496.0,0.0549102822447005,44655152.0,2452027.0,是,三星,-1.0,-1.0,-1.0,-1.0,-1
2493,1.0,1.0,-1.0,-1.0,-1.0,1.0,-1.0,-1.0,-1.0,-1.0,1.0,-1.0,-1.0,1.0,2.0,28.0,4.0,否,4G,否,0.0,是,0.0,0.0,412.0,0.0,华为,EVR-AL00,100.0,412.0,100.0,519.0,0.0,2851071.0,0.0,否,三星,1.0,-1.0,-1.0,-1.0,-1
2494,1.0,-1.0,1.0,-1.0,-1.0,-1.0,-1.0,-1.0,1.0,-1.0,-1.0,-1.0,-1.0,-1.0,37.0,16.0,0.0,否,4G,否,0.0,是,0.0,0.0,263.0,0.0,华为,ELS-AN00,18.0,263.0,18.0,233.0,0.0,99233.0,0.0,否,三星,-1.0,-1.0,-1.0,-1.0,-1
2495,2.0,-1.0,-1.0,-1.0,-1.0,-1.0,-1.0,-1.0,-1.0,-1.0,-1.0,-1.0,-1.0,-1.0,622.0,9.0,0.0,否,5G,是,0.0,是,0.0,0.0,143.0,0.0,华为,LIO-AN00m,66.19,143.0,79.76,368.0,0.0,64136711.0,0.0,是,二星,-1.0,-1.0,-1.0,-1.0,-1
2496,2.0,-1.0,-1.0,-1.0,-1.0,-1.0,-1.0,-1.0,-1.0,-1.0,-1.0,-1.0,-1.0,-1.0,1.0,8.0,0.0,否,4G,否,0.0,是,0.0,0.0,190.0,0.0,华为,LYA-AL00,8.0,190.0,8.0,116.0,0.0,73118953.0,0.0,否,二星,-1.0,-1.0,-1.0,-1.0,-1
2497,2.0,-1.0,-1.0,-1.0,-1.0,-1.0,-1.0,-1.0,-1.0,-1.0,-1.0,-1.0,-1.0,-1.0,37.0,17.0,0.0,否,4G,否,0.0,是,0.0,0.0,359.0,0.0,华为,EVR-AL00,33.0,359.0,54.0,341.0,0.0,1358850.0,0.0,否,三星,-1.0,-1.0,-1.0,-1.0,-1
2498,1.0,1.0,-1.0,-1.0,-1.0,1.0,-1.0,-1.0,-1.0,1.0,1.0,-1.0,-1.0,1.0,2.0,0.0,1.0,否,5G,否,0.0,是,0.0,0.0,341.0,0.0,华为,NOH-AN00,99.0,341.0,99.0,264.0,0.0,6875288.0,0.0,是,银卡,-1.0,-1.0,-1.0,-1.0,-1
2499,2.0,-1.0,-1.0,-1.0,-1.0,-1.0,-1.0,-1.0,-1.0,-1.0,-1.0,-1.0,-1.0,-1.0,68.0,15.0,4.0,否,5G,否,0.0,是,0.0,0.0,293.0,0.0,苹果,A2639,56.0,293.0,56.0,232.0,0.0,12501489.0,0.0,是,三星,-1.0,-1.0,-1.0,-1.0,-1
2500,1.0,1.0,-1.0,-1.0,1.0,1.0,-1.0,-1.0,1.0,1.0,1.0,1.0,-1.0,1.0,55.0,21.0,2.0,否,4G,是,27.6,是,7.54,0.0,476.0,0.0,小米科技,HM7M1810F6LE,15.06,476.0,12.63,213.0,0.0,3793775.0,0.0,否,三星,-1.0,-1.0,-1.0,-1.0,-1
2501,2.0,-1.0,-1.0,-1.0,-1.0,-1.0,-1.0,-1.0,-1.0,-1.0,-1.0,-1.0,-1.0,-1.0,0.0,7.0,0.0,否,5G,否,0.0,是,0.0,0.0,543.0,0.0,华为,ANA-AN00,32.04,543.0,45.0,603.0,0.0,32379393.0,0.0,是,二星,-1.0,-1.0,-1.0,-1.0,-1
2502,2.0,-1.0,-1.0,-1.0,-1.0,-1.0,-1.0,-1.0,-1.0,-1.0,-1.0,-1.0,-1.0,-1.0,10.0,11.0,1.0,否,5G,是,0.0,是,0.0,0.0,275.0,0.0,华为,NOH-AN00,40.0,275.0,56.1,182.0,0.0,14589465.0,0.0,是,三星,-1.0,-1.0,-1.0,-1.0,-1
2503,1.0,-1.0,-1.0,-1.0,-1.0,-1.0,1.0,1.0,1.0,-1.0,-1.0,-1.0,-1.0,1.0,0.0,0.0,2.0,否,5G,否,0.0,是,0.0,0.0,3108.0,0.0,华为,TAH-AN00m,264.29,3108.0,275.69,2125.0,0.0,9520054.0,0.0,是,金卡,-1.0,-1.0,-1.0,-1.0,-1
2504,2.0,-1.0,-1.0,-1.0,-1.0,-1.0,-1.0,-1.0,-1.0,-1.0,-1.0,-1.0,-1.0,-1.0,0.0,20.0,1.0,否,4G,否,0.0,是,0.0,0.0,226.0,0.0,华为,OCE-AL50,43.1,226.0,43.0,143.0,0.0,2608562.0,0.0,否,三星,-1.0,-1.0,-1.0,-1.0,-1
2505,2.0,-1.0,-1.0,-1.0,-1.0,-1.0,-1.0,-1.0,-1.0,-1.0,-1.0,-1.0,-1.0,-1.0,7.0,8.0,2.0,否,4G,否,0.0,是,0.0,0.0,513.0,0.0,华为,FLA-AL10,0.0,513.0,0.0,594.0,0.0,2893602.0,0.0,否,三星,-1.0,-1.0,-1.0,-1.0,-1
2506,2.0,-1.0,-1.0,-1.0,-1.0,-1.0,-1.0,-1.0,-1.0,-1.0,-1.0,-1.0,-1.0,-1.0,7.0,13.0,1.0,否,4G,否,0.0,是,0.0,0.0,337.0,0.0,苹果,iPhone 8 Plus A1864,77.3,337.0,77.1,826.0,0.0,20670373.0,0.0,否,三星,-1.0,-1.0,-1.0,-1.0,-1
2507,1.0,-1.0,1.0,-1.0,-1.0,1.0,-1.0,-1.0,1.0,1.0,1.0,1.0,-1.0,1.0,4.0,43.0,4.0,否,4G,否,0.0,是,0.0,0.0,694.0,0.0,苹果,A2412,110.0,694.0,110.0,434.0,0.0,28335460.0,0.0,否,三星,-1.0,-1.0,-1.0,-1.0,-1
2508,2.0,-1.0,-1.0,-1.0,-1.0,-1.0,-1.0,-1.0,-1.0,-1.0,-1.0,-1.0,-1.0,-1.0,19.0,13.0,2.0,否,4G,否,645.13,是,18.0,0.0,222.0,0.0,苹果,A2223,118.08,222.0,109.76,151.0,0.0,45905873.0,0.0,否,三星,-1.0,-1.0,-1.0,-1.0,-1
2509,1.0,-1.0,1.0,-1.0,-1.0,-1.0,-1.0,-1.0,-1.0,-1.0,-1.0,1.0,-1.0,-1.0,11.0,32.0,1.0,否,4G,否,0.0,是,0.0,0.0,283.0,0.0,小米科技,MCE16,85.0,283.0,85.0,364.0,0.0,8414378.0,0.0,否,三星,-1.0,-1.0,-1.0,-1.0,-1
2510,2.0,-1.0,-1.0,-1.0,-1.0,-1.0,-1.0,-1.0,-1.0,-1.0,-1.0,-1.0,-1.0,-1.0,0.0,6.0,3.0,否,4G,否,0.0,是,0.0,0.0,163.0,0.0,华为,JSN-AL00,49.0,163.0,49.0,128.0,0.0,25769891.0,0.0,否,二星,-1.0,-1.0,-1.0,-1.0,-1
2511,2.0,-1.0,-1.0,-1.0,-1.0,-1.0,-1.0,-1.0,-1.0,-1.0,-1.0,-1.0,-1.0,-1.0,11.0,2.0,1.0,否,5G,否,0.0,是,0.0,0.0,421.0,0.0,欧珀,PEDM00,138.99,421.0,120.0,383.0,0.0,22648659.0,0.0,是,银卡,-1.0,-1.0,-1.0,-1.0,-1
2512,1.0,1.0,-1.0,-1.0,-1.0,-1.0,-1.0,-1.0,-1.0,-1.0,1.0,-1.0,-1.0,1.0,1.0,5.0,1.0,否,4G,否,0.0,是,0.0,0.0,157.0,0.0,华为,MXW-AN00,89.0,157.0,89.3,170.0,0.0,3726759.0,0.0,否,三星,-1.0,-1.0,-1.0,-1.0,-1
2513,2.0,-1.0,-1.0,-1.0,-1.0,-1.0,-1.0,-1.0,-1.0,-1.0,-1.0,-1.0,-1.0,-1.0,0.0,12.0,1.0,否,4G,否,0.0,是,0.0,0.0,283.0,0.0,华为,ELE-AL00,50.0,283.0,50.0,506.0,0.0,3807533.0,0.0,否,三星,-1.0,-1.0,-1.0,-1.0,-1
2514,1.0,1.0,-1.0,-1.0,-1.0,-1.0,-1.0,-1.0,-1.0,-1.0,1.0,-1.0,-1.0,1.0,3.0,17.0,2.0,否,4G,否,0.0,是,0.0,0.0,399.0,0.0,华为,JKM-AL00b,24.76,399.0,29.76,200.0,0.0,14945607.0,0.0,否,三星,-1.0,-1.0,-1.0,-1.0,-1
2515,1.0,-1.0,-1.0,-1.0,-1.0,1.0,-1.0,1.0,1.0,-1.0,1.0,-1.0,-1.0,-1.0,1.0,12.0,5.0,否,4G,否,0.0,是,0.0,0.0,258.0,0.0,华为,HMA-AL00,46.0,258.0,49.0,297.0,0.0,8450222.0,0.0,否,二星,-1.0,-1.0,-1.0,-1.0,-1
2516,1.0,1.0,1.0,-1.0,1.0,1.0,-1.0,1.0,1.0,1.0,1.0,1.0,-1.0,1.0,1.0,13.0,0.0,否,4G,否,0.0,是,0.0,0.0,186.0,0.0,苹果,A2634,109.0,186.0,79.0,362.0,0.0,42861199.0,0.0,否,三星,-1.0,-1.0,-1.0,-1.0,-1
2517,1.0,1.0,-1.0,-1.0,-1.0,-1.0,-1.0,-1.0,-1.0,-1.0,-1.0,1.0,-1.0,1.0,8.0,19.0,2.0,否,4G,否,25.98,是,30.0,0.0,229.0,0.0,小米科技,M1908C3JC,54.5,229.0,67.8,298.0,0.0,20827692.0,0.0,否,三星,-1.0,-1.0,-1.0,-1.0,-1
2518,2.0,-1.0,-1.0,-1.0,-1.0,-1.0,-1.0,-1.0,-1.0,-1.0,-1.0,-1.0,-1.0,-1.0,6.0,22.0,2.0,否,5G,否,0.0,是,0.0,0.0,493.0,0.0,华为,LYA-AL00,97.0,493.0,97.0,329.0,0.0,37361892.0,0.0,是,三星,-1.0,-1.0,-1.0,-1.0,-1
2519,1.0,1.0,1.0,1.0,1.0,1.0,1.0,1.0,1.0,-1.0,1.0,1.0,1.0,1.0,1.0,0.0,0.0,否,5G,否,0.0,是,0.0,0.0,783.0,0.0,华为,ANG-AN00,85.0,783.0,85.0,1493.0,0.0,2437926.0,0.0,是,三星,-1.0,-1.0,-1.0,-1.0,1
2520,1.0,1.0,1.0,-1.0,-1.0,-1.0,-1.0,-1.0,1.0,-1.0,1.0,-1.0,-1.0,1.0,5.0,15.0,2.0,否,4G,否,0.0,是,0.0,0.0,273.0,0.0,苹果,A2220,121.0,273.0,108.1,396.0,0.0,38033531.0,0.0,否,银卡,-1.0,-1.0,-1.0,-1.0,-1
2521,1.0,1.0,-1.0,-1.0,-1.0,1.0,-1.0,-1.0,1.0,-1.0,-1.0,-1.0,-1.0,-1.0,59.0,11.0,0.0,否,4G,否,0.0,是,0.0,0.00657894736842105,304.0,2.0,苹果,A2103,62.1,304.0,42.5,260.0,0.0740370991660425,7566693.0,560216.0,否,三星,-1.0,-1.0,-1.0,-1.0,-1
2522,1.0,1.0,-1.0,-1.0,-1.0,-1.0,-1.0,-1.0,1.0,-1.0,-1.0,-1.0,-1.0,-1.0,16.0,16.0,0.0,否,5G,否,0.0,是,0.0,0.0,383.0,0.0,华为,NOH-AN01,10.0,383.0,10.0,267.0,0.0,1688998.0,0.0,是,三星,-1.0,-1.0,-1.0,-1.0,-1
2523,1.0,1.0,-1.0,-1.0,-1.0,1.0,-1.0,-1.0,-1.0,-1.0,-1.0,1.0,-1.0,1.0,8.0,11.0,3.0,否,4G,否,0.0,是,0.0,0.0,208.0,0.0,苹果,A2104,105.0,208.0,105.0,376.0,0.0,17258601.0,0.0,否,三星,-1.0,-1.0,-1.0,-1.0,-1
2524,1.0,-1.0,-1.0,-1.0,-1.0,-1.0,1.0,-1.0,-1.0,-1.0,1.0,-1.0,-1.0,-1.0,5.0,54.0,0.0,否,4G,否,0.0,是,0.0,0.0,847.0,0.0,苹果,A2223,94.0,847.0,94.0,1026.0,0.0,25306309.0,0.0,否,三星,-1.0,-1.0,-1.0,-1.0,-1
2525,2.0,-1.0,-1.0,-1.0,-1.0,-1.0,-1.0,-1.0,-1.0,-1.0,-1.0,-1.0,-1.0,-1.0,0.0,14.0,3.0,否,4G,否,0.0,是,0.0,0.0,402.0,0.0,苹果,A2412,114.15,402.0,90.4,147.0,0.0,39198246.0,0.0,否,银卡,-1.0,-1.0,-1.0,-1.0,-1
2526,1.0,1.0,1.0,-1.0,-1.0,-1.0,-1.0,-1.0,1.0,1.0,1.0,-1.0,-1.0,1.0,3.0,15.0,0.0,否,4G,否,0.0,是,0.0,0.0,345.0,0.0,苹果,A2104,128.3,345.0,145.29,626.0,0.0,20590632.0,0.0,否,三星,-1.0,-1.0,-1.0,-1.0,-1
2527,2.0,-1.0,-1.0,-1.0,-1.0,-1.0,-1.0,-1.0,-1.0,-1.0,-1.0,-1.0,-1.0,-1.0,0.0,0.0,0.0,否,5G,否,0.0,是,0.0,0.0,237.0,0.0,步步高,V2183A,64.0,237.0,39.2,227.0,0.0,13068268.0,0.0,是,三星,-1.0,-1.0,-1.0,-1.0,-1
2528,1.0,-1.0,1.0,-1.0,-1.0,-1.0,-1.0,-1.0,-1.0,-1.0,-1.0,-1.0,-1.0,1.0,2.0,25.0,1.0,否,4G,否,0.0,是,0.0,0.0,561.0,0.0,步步高,vivo X21A,75.0,561.0,75.0,355.0,0.0,2476281.0,0.0,否,三星,-1.0,-1.0,-1.0,-1.0,-1
2529,1.0,-1.0,-1.0,-1.0,-1.0,-1.0,1.0,-1.0,1.0,-1.0,-1.0,-1.0,-1.0,-1.0,3.0,16.0,3.0,否,4G,否,0.0,是,0.0,0.0,431.0,0.0,苹果,A2108,73.0,431.0,73.5,414.0,0.0,9404347.0,0.0,否,三星,-1.0,-1.0,-1.0,-1.0,-1
2530,2.0,-1.0,-1.0,-1.0,-1.0,-1.0,-1.0,-1.0,-1.0,-1.0,-1.0,-1.0,-1.0,-1.0,77.0,20.0,0.0,否,4G,否,50.0,是,10.0,0.0,218.0,0.0,华为,LLD-AL20,54.15,218.0,34.15,272.0,0.0,13392308.0,0.0,否,三星,-1.0,-1.0,-1.0,-1.0,-1
2531,2.0,-1.0,-1.0,-1.0,-1.0,-1.0,-1.0,-1.0,-1.0,-1.0,-1.0,-1.0,-1.0,-1.0,28.0,22.0,9.0,否,5G,否,0.0,是,0.0,0.0,575.0,0.0,苹果,A2412,241.0,575.0,381.2,456.0,0.0,46356021.0,0.0,是,金卡,-1.0,-1.0,-1.0,-1.0,-1
2532,2.0,-1.0,-1.0,-1.0,-1.0,-1.0,-1.0,-1.0,-1.0,-1.0,-1.0,-1.0,-1.0,-1.0,3.0,27.0,0.0,否,4G,否,0.0,是,0.0,0.0,428.0,0.0,华为,LIO-AN00P,88.69,428.0,88.0,276.0,0.0,28824702.0,0.0,否,三星,-1.0,-1.0,-1.0,-1.0,-1
2533,1.0,-1.0,-1.0,-1.0,-1.0,1.0,-1.0,1.0,-1.0,-1.0,-1.0,-1.0,-1.0,1.0,7.0,14.0,2.0,否,4G,否,0.0,是,0.0,0.0,1029.0,0.0,华为,LYA-AL00P,81.2,1029.0,81.0,817.0,0.0,15767460.0,0.0,否,三星,1.0,-1.0,-1.0,-1.0,-1
2534,2.0,-1.0,-1.0,-1.0,-1.0,-1.0,-1.0,-1.0,-1.0,-1.0,-1.0,-1.0,-1.0,-1.0,4.0,13.0,1.0,否,4G,否,0.0,是,0.0,0.0,182.0,0.0,苹果,iPhone X A1865,53.67,182.0,67.0,128.0,0.0,41158583.0,0.0,否,三星,-1.0,-1.0,-1.0,-1.0,-1
2535,1.0,-1.0,1.0,-1.0,-1.0,-1.0,-1.0,1.0,1.0,-1.0,-1.0,-1.0,-1.0,-1.0,30.0,3.0,0.0,否,4G,否,0.0,是,0.0,0.0,126.0,0.0,小米科技,M1902F1A,8.0,126.0,8.0,82.0,0.0,37622446.0,0.0,否,二星,-1.0,-1.0,-1.0,-1.0,-1
2536,2.0,-1.0,-1.0,-1.0,-1.0,-1.0,-1.0,-1.0,-1.0,-1.0,-1.0,-1.0,-1.0,-1.0,1.0,43.0,4.0,否,4G,否,0.0,是,0.0,0.0,659.0,0.0,华为,TAS-AN00,60.0,659.0,60.0,482.0,0.0,21369134.0,0.0,否,二星,-1.0,-1.0,-1.0,-1.0,-1
2537,1.0,1.0,1.0,-1.0,1.0,1.0,1.0,1.0,1.0,1.0,1.0,1.0,1.0,1.0,18.0,111.0,7.0,否,4G,否,0.0,是,0.0,0.0,978.0,0.0,苹果,A2223,80.0,978.0,80.0,1067.0,0.0,10662777.0,0.0,否,三星,-1.0,-1.0,-1.0,-1.0,-1
2538,2.0,-1.0,-1.0,-1.0,-1.0,-1.0,-1.0,-1.0,-1.0,-1.0,-1.0,-1.0,-1.0,-1.0,56.0,38.0,0.0,否,4G,否,0.0,是,0.0,0.0852941176470588,340.0,29.0,小米科技,M1803E1A,11.9,340.0,10.0,197.0,0.0652571154349176,30332018.0,1979380.0,否,一星,-1.0,-1.0,-1.0,-1.0,-1
2539,2.0,-1.0,-1.0,-1.0,-1.0,-1.0,-1.0,-1.0,-1.0,-1.0,-1.0,-1.0,-1.0,-1.0,10.0,0.0,0.0,否,5G,否,0.0,是,0.0,0.0,191.0,0.0,步步高,V2005A,218.9,191.0,219.3,169.0,0.0,3896297.0,0.0,是,银卡,-1.0,-1.0,-1.0,-1.0,-1
2540,2.0,-1.0,-1.0,-1.0,-1.0,-1.0,-1.0,-1.0,-1.0,-1.0,-1.0,-1.0,-1.0,-1.0,0.0,2.0,4.0,否,4G,否,0.0,是,0.0,0.0,134.0,0.0,华为,PCT-AL10,5.0,134.0,0.0,50.0,0.0,2090441.0,0.0,否,三星,-1.0,-1.0,-1.0,-1.0,-1
2541,1.0,1.0,-1.0,-1.0,-1.0,-1.0,-1.0,-1.0,1.0,1.0,1.0,1.0,-1.0,-1.0,2.0,1.0,4.0,否,5G,否,0.0,是,0.0,0.0,395.0,0.0,三星,SM-A5260,289.0,395.0,139.0,480.0,0.0,49204693.0,0.0,是,银卡,-1.0,-1.0,-1.0,-1.0,-1
2542,2.0,-1.0,-1.0,-1.0,-1.0,-1.0,-1.0,-1.0,-1.0,-1.0,-1.0,-1.0,-1.0,-1.0,95.0,23.0,1.0,否,4G,否,0.0,是,0.0,0.0,578.0,0.0,0,0,20.1,578.0,25.1,1213.0,0.000474418928399376,4367448.0,2072.0,否,三星,-1.0,-1.0,-1.0,-1.0,-1
2543,1.0,-1.0,1.0,-1.0,-1.0,-1.0,-1.0,-1.0,1.0,1.0,1.0,1.0,-1.0,1.0,5.0,0.0,0.0,否,4G,否,0.02,是,0.29,0.0,840.0,0.0,华为,ALP-AL00,111.7,840.0,87.5,760.0,0.0,1330.0,0.0,否,三星,-1.0,-1.0,-1.0,-1.0,-1
2544,2.0,-1.0,-1.0,-1.0,-1.0,-1.0,-1.0,-1.0,-1.0,-1.0,-1.0,-1.0,-1.0,-1.0,36.0,41.0,4.0,否,5G,否,0.0,是,0.0,0.0225967062428188,2611.0,59.0,华为,NOH-AN00,302.0,2611.0,302.0,2131.0,0.0516302434308925,17524070.0,904772.0,是,白金卡,-1.0,-1.0,-1.0,-1.0,-1
2545,1.0,-1.0,-1.0,-1.0,-1.0,1.0,-1.0,1.0,-1.0,-1.0,1.0,1.0,-1.0,1.0,12.0,1.0,1.0,否,5G,否,109.58,是,3.36,0.0,1056.0,0.0,华为,JER-AN20,202.59,1056.0,171.0,1570.0,0.0,134300960.0,0.0,是,银卡,-1.0,-1.0,-1.0,-1.0,-1
2546,2.0,-1.0,-1.0,-1.0,-1.0,-1.0,-1.0,-1.0,-1.0,-1.0,-1.0,-1.0,-1.0,-1.0,6.0,3.0,2.0,否,5G,否,0.0,是,0.0,0.0,289.0,0.0,小米科技,M2011K2C,29.0,289.0,28.0,165.0,0.0,12746925.0,0.0,是,三星,-1.0,-1.0,-1.0,-1.0,-1
2547,2.0,-1.0,-1.0,-1.0,-1.0,-1.0,-1.0,-1.0,-1.0,-1.0,-1.0,-1.0,-1.0,-1.0,1.0,17.0,15.0,否,4G,否,0.0,是,0.0,0.0,1043.0,0.0,小米科技,M2007J22C,38.0,1043.0,38.0,1242.0,0.0,13900328.0,0.0,否,三星,-1.0,-1.0,-1.0,-1.0,-1
2548,1.0,-1.0,-1.0,-1.0,-1.0,1.0,-1.0,1.0,1.0,-1.0,1.0,1.0,-1.0,-1.0,0.0,6.0,1.0,否,5G,否,0.0,是,0.0,0.0,428.0,0.0,华为,NOH-AN00,59.1,428.0,59.95,397.0,0.0,1712791.0,0.0,是,三星,-1.0,-1.0,-1.0,-1.0,-1
2549,1.0,1.0,-1.0,-1.0,-1.0,-1.0,-1.0,-1.0,-1.0,-1.0,-1.0,-1.0,-1.0,1.0,5.0,18.0,2.0,否,4G,是,0.0,是,0.0,0.0,471.0,0.0,步步高,vivo NEX A,79.0,471.0,188.0,239.0,0.0,4279742.0,0.0,否,银卡,-1.0,-1.0,-1.0,-1.0,-1
2550,1.0,-1.0,1.0,-1.0,-1.0,1.0,-1.0,1.0,1.0,1.0,-1.0,1.0,-1.0,1.0,43.0,8.0,0.0,否,4G,否,0.0,是,0.0,0.0,195.0,0.0,苹果,iPhone 6S PLUS A1699,81.9,195.0,60.01,105.0,0.0,52878971.0,0.0,否,三星,-1.0,-1.0,-1.0,-1.0,-1
2551,1.0,-1.0,1.0,-1.0,-1.0,-1.0,-1.0,-1.0,-1.0,-1.0,1.0,1.0,-1.0,1.0,128.0,26.0,5.0,否,4G,是,0.0,是,0.0,0.0,651.0,0.0,苹果,A2223,110.35,651.0,81.66,322.0,0.0,25108217.0,0.0,否,三星,-1.0,-1.0,-1.0,-1.0,-1
2552,2.0,-1.0,-1.0,-1.0,-1.0,-1.0,-1.0,-1.0,-1.0,-1.0,-1.0,-1.0,-1.0,-1.0,5.0,8.0,1.0,否,4G,否,0.0,是,0.0,0.0,329.0,0.0,华为,LIO-AN00,81.08,329.0,82.32,306.0,0.0,1662242.0,0.0,否,三星,-1.0,-1.0,-1.0,-1.0,-1
2553,2.0,-1.0,-1.0,-1.0,-1.0,-1.0,-1.0,-1.0,-1.0,-1.0,-1.0,-1.0,-1.0,-1.0,1.0,13.0,2.0,否,4G,否,37.23,是,10.0,0.0,143.0,0.0,华为,SPN-AL00,29.17,143.0,10.19,69.0,0.000118651473313919,13189891.0,1565.0,否,三星,-1.0,-1.0,-1.0,-1.0,-1
2554,1.0,-1.0,1.0,-1.0,-1.0,1.0,-1.0,-1.0,-1.0,1.0,-1.0,-1.0,-1.0,-1.0,73.0,28.0,3.0,否,4G,否,0.0,是,0.0,0.0,810.0,0.0,苹果,A2217,62.66,810.0,60.0,1828.0,0.0,29313090.0,0.0,否,三星,-1.0,-1.0,-1.0,-1.0,-1
2555,1.0,-1.0,1.0,-1.0,-1.0,-1.0,-1.0,-1.0,-1.0,-1.0,1.0,1.0,-1.0,1.0,4.0,3.0,3.0,否,5G,否,0.0,是,0.0,0.0,915.0,0.0,欧珀,PEEM00,65.0,915.0,65.0,497.0,0.0,30737425.0,0.0,是,三星,-1.0,-1.0,-1.0,-1.0,-1
2556,1.0,1.0,1.0,-1.0,-1.0,-1.0,-1.0,-1.0,-1.0,1.0,1.0,-1.0,-1.0,-1.0,25.0,0.0,0.0,否,4G,否,0.0,是,0.0,0.0,312.0,0.0,华为,HMA-AL00,158.0,312.0,165.0,352.0,0.0,31806284.0,0.0,否,银卡,-1.0,-1.0,-1.0,-1.0,-1
2557,1.0,1.0,1.0,-1.0,-1.0,-1.0,-1.0,-1.0,1.0,-1.0,1.0,-1.0,-1.0,-1.0,1.0,0.0,2.0,否,5G,否,0.0,是,0.0,0.0,546.0,0.0,苹果,A2412,50.89,546.0,42.0,345.0,0.0,21592326.0,0.0,是,三星,-1.0,-1.0,-1.0,-1.0,-1
2558,2.0,-1.0,-1.0,-1.0,-1.0,-1.0,-1.0,-1.0,-1.0,-1.0,-1.0,-1.0,-1.0,-1.0,4.0,5.0,0.0,否,4G,否,0.0,是,0.0,0.0,365.0,0.0,华为,ART-AL00x,98.0,365.0,68.0,287.0,0.0,12058096.0,0.0,否,三星,-1.0,-1.0,-1.0,-1.0,-1
2559,2.0,-1.0,-1.0,-1.0,-1.0,-1.0,-1.0,-1.0,-1.0,-1.0,-1.0,-1.0,-1.0,-1.0,4.0,3.0,1.0,否,4G,否,0.0,是,0.0,0.0,146.0,0.0,华为,SEA-AL10,45.0,146.0,45.0,119.0,0.0194715969211437,14964258.0,291378.0,否,三星,-1.0,-1.0,-1.0,-1.0,-1
2560,1.0,-1.0,1.0,-1.0,-1.0,-1.0,-1.0,-1.0,-1.0,1.0,-1.0,-1.0,-1.0,1.0,9.0,22.0,0.0,否,4G,否,49.07,是,10.0,0.0,320.0,0.0,华为,YAL-AL00,60.65,320.0,46.61,287.0,0.0,13592510.0,0.0,否,三星,-1.0,-1.0,-1.0,-1.0,-1
2561,1.0,-1.0,-1.0,-1.0,-1.0,-1.0,-1.0,1.0,-1.0,-1.0,-1.0,1.0,-1.0,1.0,7.0,3.0,3.0,否,5G,否,0.0,是,0.0,0.148566463944396,1151.0,171.0,华为,TAS-AN00,225.0,1151.0,225.0,1501.0,0.550250196451798,9478152.0,5215355.0,是,金卡,-1.0,-1.0,-1.0,-1.0,-1
2562,1.0,1.0,-1.0,-1.0,-1.0,-1.0,-1.0,-1.0,1.0,-1.0,-1.0,-1.0,-1.0,1.0,1.0,14.0,0.0,否,4G,否,0.0,是,0.0,0.0,498.0,0.0,华为,TAS-AL00,81.0,498.0,81.0,420.0,0.0,8866343.0,0.0,否,三星,-1.0,-1.0,-1.0,-1.0,-1
2563,2.0,-1.0,-1.0,-1.0,-1.0,-1.0,-1.0,-1.0,-1.0,-1.0,-1.0,-1.0,-1.0,-1.0,60.0,29.0,5.0,否,5G,否,0.0,是,0.0,0.0,455.0,0.0,苹果,A2408,84.92,455.0,75.0,178.0,0.0,2723079.0,0.0,是,三星,-1.0,-1.0,-1.0,-1.0,-1
2564,2.0,-1.0,-1.0,-1.0,-1.0,-1.0,-1.0,-1.0,-1.0,-1.0,-1.0,-1.0,-1.0,-1.0,5.0,8.0,4.0,否,4G,是,0.0,是,0.0,0.0,312.0,0.0,苹果,A2104,23.0,312.0,23.0,249.0,0.0,9051511.0,0.0,否,三星,-1.0,-1.0,-1.0,-1.0,-1
2565,2.0,-1.0,-1.0,-1.0,-1.0,-1.0,-1.0,-1.0,-1.0,-1.0,-1.0,-1.0,-1.0,-1.0,0.0,1.0,1.0,否,5G,否,0.0,是,0.0,0.076,250.0,19.0,华为,ANA-AN00,56.08,250.0,54.6,138.0,0.129251832741758,50687583.0,6551463.0,是,三星,-1.0,-1.0,-1.0,-1.0,-1
2566,2.0,-1.0,-1.0,-1.0,-1.0,-1.0,-1.0,-1.0,-1.0,-1.0,-1.0,-1.0,-1.0,-1.0,8.0,4.0,4.0,否,5G,否,39.51,是,8.53,0.0,343.0,0.0,苹果,A2634,58.0,343.0,58.0,181.0,0.0,23414843.0,0.0,是,三星,-1.0,-1.0,-1.0,-1.0,-1
2567,2.0,-1.0,-1.0,-1.0,-1.0,-1.0,-1.0,-1.0,-1.0,-1.0,-1.0,-1.0,-1.0,-1.0,30.0,9.0,0.0,否,4G,否,0.0,是,0.0,0.0,167.0,0.0,华为,LYA-AL00,34.0,167.0,34.0,150.0,0.0,15930910.0,0.0,否,三星,-1.0,-1.0,-1.0,-1.0,-1
2568,1.0,1.0,-1.0,-1.0,-1.0,1.0,-1.0,1.0,-1.0,-1.0,1.0,1.0,1.0,-1.0,0.0,23.0,0.0,否,4G,否,0.0,是,0.0,0.0,232.0,0.0,华为,COL-AL10,58.0,232.0,58.0,386.0,0.0,2793437.0,0.0,否,三星,-1.0,-1.0,-1.0,-1.0,-1
2569,1.0,-1.0,-1.0,-1.0,-1.0,1.0,-1.0,-1.0,-1.0,-1.0,1.0,-1.0,-1.0,-1.0,4.0,0.0,0.0,否,4G,否,0.0,是,0.0,0.0,584.0,0.0,华为,LIO-AN00,102.0,584.0,101.0,445.0,0.0,13594594.0,0.0,否,三星,-1.0,-1.0,-1.0,-1.0,-1
2570,1.0,-1.0,-1.0,-1.0,-1.0,-1.0,-1.0,1.0,-1.0,-1.0,-1.0,-1.0,-1.0,1.0,1.0,18.0,2.0,否,4G,否,0.0,是,0.0,0.115363283416528,1803.0,208.0,华为,LYA-AL00,402.0,1803.0,402.2,4557.0,0.0119667578576921,76057192.0,910158.0,否,钻石卡,-1.0,-1.0,-1.0,-1.0,-1
2571,2.0,-1.0,-1.0,-1.0,-1.0,-1.0,-1.0,-1.0,-1.0,-1.0,-1.0,-1.0,-1.0,-1.0,3.0,8.0,4.0,否,4G,否,0.0,是,0.0,0.0,173.0,0.0,华为,GLK-AL00,112.1,173.0,109.22,517.0,0.0,21070697.0,0.0,否,银卡,-1.0,-1.0,-1.0,-1.0,-1
2572,1.0,1.0,-1.0,-1.0,-1.0,-1.0,-1.0,-1.0,-1.0,1.0,-1.0,-1.0,-1.0,-1.0,76.0,5.0,0.0,否,4G,否,0.0,是,0.0,0.0151515151515152,132.0,2.0,华为,VOG-AL00,90.2,132.0,90.0,97.0,0.0565292646160835,13559720.0,766521.0,否,银卡,-1.0,-1.0,-1.0,-1.0,-1
2573,1.0,1.0,-1.0,-1.0,-1.0,-1.0,-1.0,-1.0,-1.0,1.0,-1.0,-1.0,-1.0,-1.0,24.0,15.0,0.0,否,4G,否,0.0,是,0.0,0.0,156.0,0.0,苹果,iPhone X A1865,21.0,156.0,21.0,261.0,0.0,28815494.0,0.0,否,二星,-1.0,-1.0,-1.0,-1.0,-1
2574,1.0,1.0,1.0,-1.0,-1.0,1.0,-1.0,1.0,1.0,1.0,1.0,1.0,1.0,1.0,20.0,20.0,3.0,否,4G,否,0.0,是,0.0,0.0,151.0,0.0,苹果,A2108,90.0,151.0,90.0,121.0,0.0,17512199.0,0.0,否,三星,-1.0,-1.0,-1.0,-1.0,-1
2575,2.0,-1.0,-1.0,-1.0,-1.0,-1.0,-1.0,-1.0,-1.0,-1.0,-1.0,-1.0,-1.0,-1.0,6.0,0.0,1.0,否,5G,否,0.0,是,0.0,0.0,169.0,0.0,华为,FRL-TN00,102.0,169.0,100.0,74.0,0.0,46835922.0,0.0,是,三星,-1.0,-1.0,-1.0,-1.0,-1
2576,2.0,-1.0,-1.0,-1.0,-1.0,-1.0,-1.0,-1.0,-1.0,-1.0,-1.0,-1.0,-1.0,-1.0,0.0,0.0,0.0,否,5G,否,0.0,是,0.0,0.0,123.0,0.0,小米科技,M2102K1C,58.24,123.0,63.52,251.0,0.0,102176181.0,0.0,是,三星,-1.0,-1.0,-1.0,-1.0,-1
2577,2.0,-1.0,-1.0,-1.0,-1.0,-1.0,-1.0,-1.0,-1.0,-1.0,-1.0,-1.0,-1.0,-1.0,0.0,4.0,0.0,否,4G,否,0.0,是,0.0,0.0,162.0,0.0,华为,TET-AN50,48.1,162.0,48.1,164.0,0.0,241796.0,0.0,否,三星,-1.0,-1.0,-1.0,-1.0,-1
2578,1.0,-1.0,1.0,-1.0,-1.0,-1.0,-1.0,1.0,-1.0,1.0,-1.0,-1.0,-1.0,-1.0,24.0,46.0,2.0,否,4G,否,0.0,是,0.0,0.0,1057.0,0.0,华为,LIO-AL00,135.0,1057.0,135.0,1173.0,0.0,24491969.0,0.0,否,银卡,-1.0,-1.0,-1.0,-1.0,-1
2579,1.0,-1.0,-1.0,-1.0,1.0,-1.0,1.0,-1.0,1.0,1.0,-1.0,-1.0,-1.0,-1.0,11.0,69.0,4.0,否,5G,否,0.0,是,0.0,0.0,631.0,0.0,苹果,A2634,133.8,631.0,90.0,520.0,0.0,33658334.0,0.0,是,银卡,-1.0,-1.0,-1.0,-1.0,-1
2580,1.0,1.0,-1.0,-1.0,-1.0,-1.0,-1.0,-1.0,-1.0,-1.0,-1.0,1.0,-1.0,1.0,9.0,6.0,0.0,否,4G,否,0.0,是,0.0,0.0,309.0,0.0,华为,HMA-AL00,19.0,309.0,19.0,178.0,0.0,697005.0,0.0,否,三星,-1.0,-1.0,-1.0,-1.0,-1
2581,1.0,-1.0,-1.0,-1.0,-1.0,1.0,-1.0,1.0,1.0,-1.0,-1.0,-1.0,-1.0,-1.0,12.0,0.0,0.0,否,5G,否,0.0,是,0.0,0.0,209.0,0.0,小米科技,M2104K10AC,46.0,209.0,45.0,56.0,1.18912879430189e-07,8409518.0,1.0,是,三星,-1.0,-1.0,-1.0,-1.0,-1
2582,1.0,1.0,-1.0,-1.0,-1.0,-1.0,-1.0,-1.0,-1.0,-1.0,1.0,-1.0,-1.0,-1.0,1.0,8.0,3.0,否,4G,否,0.0,是,0.0,0.0,2752.0,0.0,华为,MHA-AL00,20.0,2752.0,21.0,2008.0,0.0,26434216.0,0.0,否,二星,-1.0,-1.0,-1.0,-1.0,-1
2583,2.0,-1.0,-1.0,-1.0,-1.0,-1.0,-1.0,-1.0,-1.0,-1.0,-1.0,-1.0,-1.0,-1.0,27.0,4.0,1.0,否,5G,是,0.0,是,0.0,0.0,214.0,0.0,华为,TAS-AN00,45.0,214.0,45.0,141.0,0.0,41888798.0,0.0,是,三星,-1.0,-1.0,-1.0,-1.0,-1
2584,1.0,1.0,-1.0,-1.0,-1.0,-1.0,-1.0,-1.0,1.0,-1.0,-1.0,-1.0,-1.0,-1.0,20.0,11.0,1.0,否,4G,否,0.0,是,0.0,0.0,324.0,0.0,中邮通信,Hebe-BD00,125.0,324.0,125.0,397.0,0.0,24235437.0,0.0,否,银卡,-1.0,-1.0,-1.0,-1.0,-1
2585,2.0,-1.0,-1.0,-1.0,-1.0,-1.0,-1.0,-1.0,-1.0,-1.0,-1.0,-1.0,-1.0,-1.0,0.0,24.0,1.0,否,4G,否,46.66,是,10.0,0.0,1663.0,0.0,苹果,A2404,68.0,1663.0,73.58,1923.0,0.0,4392127.0,0.0,否,三星,-1.0,-1.0,-1.0,-1.0,-1
2586,1.0,-1.0,1.0,-1.0,-1.0,1.0,-1.0,-1.0,-1.0,-1.0,1.0,-1.0,-1.0,-1.0,0.0,0.0,0.0,否,5G,否,0.0,是,0.0,0.0,368.0,0.0,小米科技,M2102K1C,111.0,368.0,111.0,359.0,0.0,7332489.0,0.0,是,银卡,-1.0,-1.0,-1.0,-1.0,-1
2587,1.0,-1.0,1.0,-1.0,-1.0,1.0,-1.0,-1.0,-1.0,-1.0,-1.0,-1.0,-1.0,1.0,3.0,12.0,3.0,否,4G,是,0.0,是,0.0,0.0,227.0,0.0,华为,ELE-AL00,89.0,227.0,88.0,119.0,0.0,51958996.0,0.0,否,三星,-1.0,-1.0,-1.0,-1.0,-1
2588,1.0,1.0,-1.0,-1.0,-1.0,-1.0,-1.0,-1.0,-1.0,-1.0,1.0,1.0,-1.0,1.0,22.0,10.0,0.0,否,4G,否,0.0,是,0.0,0.0,459.0,0.0,华为,MHA-AL00,60.0,459.0,61.0,251.0,0.0,43395420.0,0.0,否,三星,-1.0,-1.0,-1.0,-1.0,-1
2589,2.0,-1.0,-1.0,-1.0,-1.0,-1.0,-1.0,-1.0,-1.0,-1.0,-1.0,-1.0,-1.0,-1.0,9.0,15.0,2.0,否,5G,否,12.71,是,3.19,0.0,240.0,0.0,万普拉斯,KB2000,23.19,240.0,56.7,78.0,0.0,1167764.0,0.0,是,三星,-1.0,-1.0,-1.0,-1.0,-1
2590,1.0,-1.0,-1.0,-1.0,-1.0,-1.0,1.0,-1.0,-1.0,1.0,-1.0,-1.0,-1.0,1.0,2.0,5.0,1.0,否,4G,否,0.0,是,0.0,0.0,306.0,0.0,苹果,A2100,23.42,306.0,36.09,275.0,0.0,7731017.0,0.0,否,三星,-1.0,-1.0,-1.0,-1.0,-1
2591,1.0,1.0,-1.0,-1.0,-1.0,-1.0,-1.0,-1.0,-1.0,-1.0,-1.0,1.0,-1.0,-1.0,2.0,28.0,0.0,否,4G,是,0.0,是,0.0,0.0,539.0,0.0,华为,ELE-AL00,68.33,539.0,60.0,235.0,0.0,13359108.0,0.0,否,三星,-1.0,-1.0,-1.0,-1.0,-1
2592,2.0,-1.0,-1.0,-1.0,-1.0,-1.0,-1.0,-1.0,-1.0,-1.0,-1.0,-1.0,-1.0,-1.0,10.0,3.0,2.0,否,5G,否,0.0,是,0.0,0.0,203.0,0.0,欧珀,PEQM00,90.0,203.0,90.0,94.0,1.31036447421827e-05,27320643.0,358.0,是,银卡,-1.0,-1.0,-1.0,-1.0,-1
2593,1.0,1.0,-1.0,-1.0,-1.0,-1.0,-1.0,-1.0,1.0,-1.0,-1.0,-1.0,-1.0,-1.0,33.0,45.0,10.0,否,5G,否,0.0,是,0.0,0.0,1511.0,0.0,华为,ELS-AN00,211.13,1511.0,220.63,1617.0,0.0,2375183.0,0.0,是,银卡,-1.0,-1.0,-1.0,-1.0,-1
2594,2.0,-1.0,-1.0,-1.0,-1.0,-1.0,-1.0,-1.0,-1.0,-1.0,-1.0,-1.0,-1.0,-1.0,7.0,8.0,2.0,否,4G,否,0.0,是,0.0,0.0,673.0,0.0,华为,ANE-AL00,78.19,673.0,64.42,122.0,0.0,31768070.0,0.0,否,三星,-1.0,-1.0,-1.0,-1.0,-1
2595,1.0,-1.0,-1.0,-1.0,-1.0,-1.0,-1.0,1.0,1.0,-1.0,-1.0,-1.0,-1.0,-1.0,109.0,1.0,0.0,否,4G,否,0.0,是,0.0,0.0,110.0,0.0,华为,EML-AL00,47.0,110.0,197.0,42.0,0.0,34089161.0,0.0,否,三星,-1.0,-1.0,-1.0,-1.0,-1
2596,2.0,-1.0,-1.0,-1.0,-1.0,-1.0,-1.0,-1.0,-1.0,-1.0,-1.0,-1.0,-1.0,-1.0,16.0,9.0,2.0,否,4G,否,0.0,是,0.0,0.0,238.0,0.0,苹果,iPhone 6S PLUS A1699,57.0,238.0,77.0,157.0,0.0,4355664.0,0.0,否,三星,-1.0,-1.0,-1.0,-1.0,-1
2597,2.0,-1.0,-1.0,-1.0,-1.0,-1.0,-1.0,-1.0,-1.0,-1.0,-1.0,-1.0,-1.0,-1.0,3.0,2.0,0.0,否,5G,否,0.0,是,0.0,0.0,202.0,0.0,苹果,A2785,8.1,202.0,8.0,194.0,0.0,27678375.0,0.0,是,三星,-1.0,-1.0,-1.0,-1.0,-1
2598,1.0,-1.0,-1.0,-1.0,-1.0,-1.0,1.0,1.0,-1.0,-1.0,-1.0,-1.0,-1.0,1.0,10.0,3.0,1.0,否,4G,否,0.0,是,0.0,0.0,148.0,0.0,华为,JSN-AL00a,58.2,148.0,58.3,66.0,0.0619133524299802,5410723.0,334996.0,否,三星,-1.0,-1.0,-1.0,-1.0,-1
2599,2.0,-1.0,-1.0,-1.0,-1.0,-1.0,-1.0,-1.0,-1.0,-1.0,-1.0,-1.0,-1.0,-1.0,0.0,17.0,0.0,否,5G,否,0.0,是,0.0,0.00160513643659711,623.0,1.0,苹果,A2408,134.8,623.0,135.0,1092.0,0.0279563035255811,38499582.0,1076306.0,是,金卡,-1.0,-1.0,-1.0,-1.0,-1
